NaN,0.000526233024442213,0.000525861011101858,0.00409559356796285,0.00434745761316663,0.00010416808581365,0.000108561881239366,0.00181150212269954,0.000456908549300195,1.46431838913275e-05,5.57824100178017e-05,0.000451919090510455,0.00074782168312576,0.000602130027353709,9.44048604471504e-05,0.000119192592242467,2.25542996148964e-05,0.00462256841237424,0.000288106673109356,0.000195978770030414
0.000822097515236875,NaN,0.000119780744262721,1.35210790352946e-06,2.31875060033304e-05,0.000105941616511729,0.000551407345260269,6.40641595492375e-05,0.00170387460544891,0.0057416771159281,3.01980039729144e-05,3.63698392401579e-05,0.0026394920254238,1.67698901375468e-05,0.00177868216365623,6.36980614115989e-06,2.36279403120765e-06,2.95998301313993e-07,8.61326595413825e-06,0.000497151651430439
6.21853962888275e-05,0.000208693157811579,NaN,0.000177493403150542,0.000548279430791054,0.00195817242605562,0.00210983693674649,1.26338922764591e-05,0.000190950157558545,0.000148833752498967,0.00297667265225865,0.000364013077739922,0.00150500537768777,4.08181824503862e-05,0.00336510764950659,3.55201048041209e-06,0.000129284015285058,0.00019851201568899,3.15169983871044e-05,0.00010805150133758
0.00050685959318586,0.000355630092637504,0.000325442814958499,NaN,0.000255095179217013,3.0777263447801e-06,4.5912881589838e-05,0.000213022700736032,0.000405070440687161,0.000176138168637485,0.00187693462950422,0.000332767738509987,0.000172098022436229,0.00021682090997055,5.58610478184063e-05,0.00217960616485108,1.74907920968415e-05,3.94243679202599e-07,0.000999908052656762,0.000331140432027144
8.37836938430425e-05,0.000306259528457586,4.13802248921957e-05,7.60232002111616e-06,NaN,0.000682166945957019,9.87353982589978e-06,0.000143161896601018,0.000344442427734959,1.96209070272291e-05,3.08422969534927e-05,0.000416355675452729,2.02775469992922e-06,5.54552405471753e-05,0.00324540059081285,0.0006515944028197,0.00132717650010605,0.000555618809293446,5.03412016461535e-07,6.2094463317286e-06
0.000450511764595207,0.000336612159424821,2.34121997060299e-05,0.000693166384359623,0.000226826217781806,NaN,0.00257715760397531,5.58327597824371e-05,0.000137065545255888,0.000259682457041555,0.000221255656968455,0.000128880212587945,7.0329909930833e-06,9.41589806393028e-05,8.5404957916646e-05,1.97266296187992e-05,0.000339567432677323,0.000104535163099551,0.000130419204762866,0.00907766577424551
0.000478907757187508,0.000525731794581874,0.000463512346940143,0.000119256607925611,0.000101102256630736,9.19150314572237e-05,NaN,0.000802353790159804,2.96704553008342e-05,0.000681473216308626,0.000267194194829679,2.21214728645114e-05,0.000180552101911646,0.000113382981419829,0.000249985764387228,0.00624422802392194,9.91227392477256e-06,0.000216910333281195,0.000386108164335042,0.000575296332825381
1.54566648109533e-05,5.12153587606257e-06,4.27685928007793e-05,0.000998284163211627,0.000224740884870289,1.05701995451457e-05,9.81478767814181e-05,NaN,0.000197024716187821,0.00020313926519655,0.00494570383779719,9.3839633606263e-05,0.000313208499194306,0.000164052270185677,0.000190706325211287,0.000148084423258477,0.00516239429208237,0.0153735208575008,0.000414084806851789,0.00063526896998739
6.42316618122418e-05,0.0015695284807114,0.00107568042555634,1.1529558188228e-05,0.00140507111002858,0.000382955243814487,0.00174766533201492,0.000726723417419417,NaN,0.000383214772100848,7.65819074591279e-05,0.0017000969002765,6.41858435607157e-06,0.00108602580643619,7.88147271832407e-05,3.06704490949938e-05,4.57733641722746e-05,1.97131014695318e-06,2.77262976006165e-06,0.000554794932587088
3.48425966921195e-05,5.85058209883194e-05,0.000360156698441361,5.36880038699006e-05,4.00781674943507e-05,0.000167965240551293,0.00341125823235527,0.000125761584171546,5.96775234530389e-05,NaN,0.000121951725788494,0.00116885037006925,0.00202306432168509,0.000800698124183541,0.000423151980234571,3.054165234051e-07,0.000321347840261499,1.37097439430467e-05,8.50722244846169e-05,0.000102597314370623
0.000132005356336617,1.25105931391145e-05,9.82634386870185e-06,0.000597048703452396,1.08788460489451e-05,0.00087445766483274,0.00368272153946286,4.96329721655364e-06,0.000606814556328661,0.00126300724376172,NaN,0.000118355880874943,6.22420298529991e-05,0.00243041953362316,2.93319440042294e-06,8.61063478131419e-05,8.80348560511335e-06,1.64733306146081e-06,1.0572583265589e-05,0.00029135350364845
0.000311846753985601,7.78821901026294e-06,0.000517099616458905,0.000233904056081147,0.00275988008739986,0.000145968224027238,8.7211478463578e-05,0.00112781208355628,0.000273886894083697,0.00123182046758097,0.000219812001669317,NaN,0.000147864036213252,0.00231158910464407,6.40759010961389e-07,0.00155834536687127,0.00374605470299949,0.000998161984211876,7.49332620264553e-06,0.000275838571654696
8.50224277070266e-05,0.000371834034616603,0.000164741182555939,0.00279687779982712,9.43503589229677e-05,2.14375512042064e-06,0.000202533208636224,0.000143496313267766,1.43387456130739e-06,4.47018636295926e-05,0.000485924283882999,3.58016096074776e-06,NaN,0.000617842975129457,0.000432602694956929,0.00496072675189269,0.000675444375160872,0.00063269562044338,0.000952512208867273,0.000201176616343945
2.26180114726304e-05,0.00019643555610388,0.000122705781257115,3.6817872896e-06,4.36585839302395e-05,0.00287095666404197,6.21653806602285e-05,0.000249019765202585,4.07564006760786e-05,0.000504378541478168,0.00216558898879049,6.14216894567754e-08,0.00112116653545929,NaN,2.42408096191582e-05,3.99678702106554e-06,0.000234415295874202,0.00997807889435393,0.000570771473965836,5.59172209118053e-05
0.000224288495937142,0.000895403575685405,0.00144827521863444,0.00025856983226219,1.86101505478264e-06,6.36843817991561e-06,0.00358587128087273,0.000244719555721418,0.000160056155555366,0.00297768815232191,0.000161937471656048,0.00145522398994019,1.66861635645388e-05,0.000784239769029693,NaN,0.000236937270809812,3.29922742128286e-05,0.000549858612619691,0.000148031688380457,0.000750045842663083
2.48944411573859e-06,0.0022293378934537,0.000181381510907297,1.09419903693286e-08,0.00112090123278458,2.05322523961216e-05,0.000587095159492235,7.9538135347057e-05,2.01008742052866e-05,2.84249380503865e-05,6.0414474228887e-07,8.90378393236801e-09,0.000623271890093702,0.000308345819350409,0.00052556512139712,NaN,0.000351750545377671,0.000229511211188416,0.000138645290730044,0.0015950176047026
2.32067422621801e-05,1.47068673976292e-05,0.00191977250018106,1.80322710227054e-05,0.00181057858495323,4.98113253228211e-05,0.00021859416898265,0.000159431364863447,0.000114948810974153,2.36144920708059e-06,0.000464109295490456,4.87488233067851e-05,0.0006854652388813,5.94367887324365e-07,0.000245505542301738,0.000449053195554022,NaN,5.50580357660951e-05,0.000580529562231105,0.000102659125094995
1.34308782573644e-05,3.9371546417824e-05,3.78496710665144e-06,3.80932739328377e-05,0.000507727199364885,0.000156487282905654,1.36414194762402e-06,1.53335001652766e-06,4.44535171700844e-06,6.52484007666321e-05,1.53866047208906e-07,0.000242446603938601,9.14209350028061e-07,0.00129151185589847,2.11794143979011e-05,0.000734895823148257,0.000260576076274874,NaN,0.000340634199909193,0.000409389972991822
3.23921690632521e-05,0.000149252295563798,2.51987683138784e-05,0.000158940014803662,1.10792912563218e-05,0.000222230662434871,3.24167153196789e-05,0.000700715378213462,7.9268858830004e-05,0.000273397496786548,7.04273979412751e-10,6.48084925410769e-06,1.23732028165686e-05,0.000190205599375513,0.000219815240491032,0.000202496605206808,1.04132945695848e-06,0.000493772815225887,NaN,0.000160925199812666
1.61644956483409e-05,7.76004235999439e-05,7.80857776300214e-07,0.000100118091738266,0.00422557265642934,2.00029420626691e-05,0.000110682040184967,1.3583953151125e-05,1.70542126504136e-06,0.000136805913559829,2.59897841178025e-05,0.000114442044154006,4.05156923724281e-05,3.67215548587041e-05,0.000424599989054281,6.28883047237849e-06,2.02054042656996e-05,0.000393903501180043,7.80507215426829e-05,NaN
