9,15
10,3
10,4
10,5
10,12
11,7
11,8
11,11
11,16
11,20
12,9
12,10
12,13
12,17
12,18
12,19
13,6
13,14
15,1
15,2
15,5
17,15
17,20
18,18
23,17
24,18
26,20
27,19
28,2
28,18
34,6
34,17
35,18
35,20
37,19
41,18
45,17
45,18
46,20
52,18
55,20
58,18
59,12
59,19
65,18
65,19
65,20
66,13
68,8
72,17
72,18
73,5
75,14
75,19
76,6
76,7
77,1
77,4
77,16
77,20
79,10
79,18
80,11
80,15
84,2
84,9
84,19
86,20
88,17
89,18
97,19
98,18
103,20
105,3
106,19
108,18
113,6
113,17
114,20
119,18
123,20
124,17
129,19
131,18
132,20
137,2
137,5
137,20
138,8
138,19
139,18
140,12
141,1
141,16
142,14
143,5
143,19
144,17
145,15
146,4
146,20
147,10
148,18
150,13
150,19
151,20
156,6
157,19
158,18
161,17
161,20
162,19
165,7
166,19
167,18
168,9
171,19
172,18
173,20
175,11
177,5
177,18
178,19
182,2
182,20
183,18
186,19
188,18
189,20
194,18
195,17
195,20
197,6
197,19
199,3
200,20
202,18
204,10
204,15
205,19
206,16
207,20
208,18
209,12
212,2
212,8
212,20
214,14
214,17
215,5
215,19
218,20
219,18
221,1
221,4
222,7
224,20
225,18
228,13
231,9
231,19
232,6
232,18
232,20
238,18
239,20
242,17
243,18
245,19
248,20
250,18
253,17
258,6
258,18
259,11
261,15
262,19
263,5
264,16
264,20
265,18
267,12
271,2
271,17
271,18
272,20
273,19
275,14
278,18
280,13
281,20
282,8
282,19
287,18
290,10
291,3
291,6
291,19
292,1
293,17
293,20
294,9
294,18
296,4
296,7
297,5
300,18
300,20
303,15
305,19
306,18
307,20
312,18
318,18
318,20
320,19
324,17
325,18
330,20
331,18
333,6
334,19
336,16
337,11
337,18
338,12
341,19
343,18
343,20
344,17
345,2
349,19
351,20
356,18
357,4
357,5
361,20
362,18
364,1
365,6
366,13
366,14
367,18
368,15
368,19
369,8
370,10
372,20
373,16
373,18
374,2
375,19
377,5
378,17
379,18
379,20
384,3
384,7
384,18
385,9
388,18
389,20
391,19
392,12
394,18
394,20
395,17
400,20
401,18
403,19
405,20
406,18
408,6
410,20
412,18
416,19
416,20
419,5
419,18
423,15
423,20
424,1
426,18
430,17
431,18
432,4
433,16
435,10
435,19
436,20
437,18
438,2
438,8
438,17
442,11
444,19
445,14
446,20
447,6
448,18
452,20
453,13
455,18
456,9
460,19
460,20
461,7
465,17
466,18
473,18
474,12
474,20
475,3
475,19
476,17
478,5
480,18
483,6
484,20
486,15
487,19
488,18
489,10
491,20
494,16
497,19
498,4
499,11
499,18
499,20
500,5
504,1
504,18
505,2
508,17
510,20
515,18
521,19
521,20
522,13
522,17
526,18
527,20
530,14
531,18
533,20
536,15
537,7
538,18
539,19
542,5
543,9
543,20
545,6
545,8
545,12
545,18
549,17
551,20
552,19
555,18
560,2
561,16
561,20
563,19
564,18
566,17
570,20
575,3
577,4
578,1
578,20
579,18
580,19
581,10
585,5
585,6
586,18
588,19
589,15
590,14
590,20
592,18
594,13
595,17
596,7
598,20
600,16
603,11
603,18
604,19
606,20
612,18
613,8
616,20
618,2
619,17
621,18
623,9
623,20
624,6
624,19
627,18
628,12
629,17
629,20
636,19
636,20
637,15
637,18
644,18
644,20
645,5
647,19
648,3
649,4
650,1
651,10
651,18
651,20
658,16
659,2
659,6
661,18
662,13
663,14
664,17
664,20
671,18
672,19
672,20
677,18
680,19
681,20
682,7
682,17
688,5
689,18
690,20
694,15
695,17
698,18
698,19
699,12
700,20
702,9
704,11
706,8
707,6
707,18
708,19
710,20
711,2
715,20
716,18
718,13
719,4
719,5
720,10
721,17
721,20
722,19
723,1
724,18
727,20
728,16
731,3
732,17
734,20
736,6
738,19
739,18
740,20
741,14
742,15
748,18
750,19
750,20
756,7
757,18
758,17
761,20
765,18
765,19
767,2
768,20
769,5
770,9
771,18
774,6
775,20
777,12
778,17
779,19
781,8
781,20
785,18
786,11
788,16
791,18
791,19
795,13
795,20
798,4
799,10
801,1
801,18
801,20
802,6
803,3
803,15
803,17
806,20
808,14
809,2
812,18
812,19
813,20
816,5
820,20
823,7
825,18
828,20
829,17
832,19
834,18
835,5
838,18
838,20
841,19
843,16
843,20
844,18
845,9
848,20
849,19
850,8
850,18
851,6
854,20
855,19
857,10
858,17
858,18
860,20
861,4
861,12
863,19
864,1
864,15
865,2
867,20
868,13
868,18
874,19
878,17
878,18
878,20
879,5
881,19
885,20
886,14
886,18
889,19
890,20
894,18
895,6
897,11
897,19
898,17
898,20
902,19
904,20
908,2
908,3
909,18
909,19
911,16
911,20
912,7
915,6
916,18
916,19
918,20
919,9
919,10
920,15
921,18
922,17
924,5
924,19
925,12
925,20
928,8
928,18
930,1
930,4
930,19
934,18
934,20
937,19
941,17
941,18
941,20
947,20
948,19
950,18
955,13
955,19
955,20
956,6
960,18
961,17
962,19
962,20
964,14
965,5
967,18
967,20
969,19
971,2
972,18
974,19
975,20
977,18
981,5
982,19
982,20
983,15
984,18
985,7
986,10
986,11
987,17
988,19
988,20
989,12
991,8
992,18
993,16
994,17
996,19
997,18
997,20
1000,6
1002,18
1004,20
1005,9
1008,18
1009,3
1011,4
1012,19
1012,20
1013,18
1015,1
1015,17
1022,20
1023,18
1027,13
1029,2
1029,18
1030,19
1032,5
1036,18
1036,20
1038,15
1039,17
1039,19
1041,14
1043,18
1047,19
1052,18
1054,6
1056,18
1056,20
1057,10
1057,16
1062,18
1062,20
1063,1
1063,19
1066,12
1068,7
1068,18
1069,5
1070,17
1071,8
1072,20
1073,18
1073,19
1076,4
1080,18
1080,20
1082,2
1084,6
1084,19
1086,13
1087,18
1088,3
1088,11
1089,5
1090,20
1092,18
1092,19
1096,15
1097,20
1099,17
1101,18
1102,9
1106,18
1109,1
1109,19
1110,20
1112,17
1112,18
1114,12
1115,14
1120,19
1120,20
1121,17
1121,18
1126,16
1128,18
1132,6
1132,10
1132,20
1133,5
1134,18
1134,19
1136,20
1137,15
1140,18
1142,2
1142,4
1142,20
1144,19
1147,17
1147,18
1148,20
1151,7
1152,8
1153,19
1155,18
1156,17
1156,20
1162,18
1163,13
1164,19
1165,17
1169,20
1170,18
1170,19
1173,9
1175,6
1176,5
1177,18
1177,19
1178,11
1179,15
1179,20
1180,17
1182,12
1186,3
1186,19
1187,20
1189,2
1189,17
1191,16
1191,18
1193,14
1196,19
1197,17
1197,20
1200,4
1200,18
1203,1
1204,19
1205,20
1206,18
1207,10
1211,20
1213,5
1213,19
1216,7
1216,17
1216,18
1216,20
1219,8
1222,18
1223,20
1225,6
1225,19
1229,20
1230,13
1230,18
1233,2
1233,19
1236,17
1238,18
1241,16
1242,19
1246,18
1246,20
1252,15
1254,20
1256,5
1256,9
1256,18
1258,12
1259,14
1261,11
1261,18
1263,19
1263,20
1264,8
1265,18
1266,17
1267,6
1271,20
1272,1
1272,18
1273,3
1274,19
1276,4
1276,10
1276,18
1280,20
1282,18
1283,19
1284,2
1284,17
1289,18
1291,19
1291,20
1296,18
1298,19
1300,6
1301,15
1303,18
1303,20
1304,5
1305,19
1308,7
1311,13
1311,17
1311,18
1313,16
1313,19
1319,18
1321,20
1324,19
1326,17
1326,18
1327,5
1328,20
1332,1
1333,9
1333,18
1334,4
1336,8
1336,12
1336,19
1338,20
1340,18
1347,6
1349,18
1349,19
1349,20
1351,15
1353,11
1355,2
1356,19
1357,20
1358,17
1358,18
1359,3
1359,14
1360,10
1363,18
1363,19
1364,20
1368,16
1370,18
1375,19
1375,20
1376,18
1378,17
1381,18
1384,20
1385,18
1387,5
1388,6
1390,7
1390,18
1391,20
1392,13
1394,4
1396,9
1396,18
1400,1
1401,14
1401,17
1403,18
1403,19
1404,2
1406,15
1406,20
1408,8
1410,19
1411,18
1415,16
1415,18
1416,20
1418,5
1419,12
1420,17
1420,18
1421,19
1424,20
1425,18
1430,18
1432,20
1435,19
1436,18
1437,6
1440,10
1440,20
1443,18
1444,15
1449,2
1452,3
1452,20
1453,17
1454,4
1454,19
1455,11
1456,18
1459,19
1460,20
1463,18
1466,20
1467,5
1468,7
1468,19
1469,13
1469,18
1472,6
1472,12
1472,20
1473,14
1474,19
1476,18
1478,9
1478,20
1479,17
1481,8
1481,18
1483,16
1484,20
1485,1
1485,18
1489,19
1490,18
1491,17
1493,20
1496,18
1498,19
1499,20
1500,2
1501,18
1504,20
1506,18
1507,15
1507,17
1507,19
1509,20
1513,20
1516,18
1518,20
1519,5
1519,6
1521,18
1522,10
1522,20
1527,18
1527,19
1529,4
1529,20
1531,7
1531,17
1533,13
1533,18
1536,20
1537,14
1539,19
1541,18
1542,16
1542,20
1544,11
1547,19
1548,5
1548,12
1548,18
1548,20
1554,20
1556,1
1556,3
1556,19
1557,17
1557,18
1561,20
1563,2
1564,19
1566,20
1567,6
1568,18
1571,8
1571,15
1571,20
1574,9
1574,18
1578,16
1578,20
1579,10
1581,18
1585,19
1585,20
1592,5
1592,19
1593,18
1593,20
1600,20
1601,18
1605,13
1605,20
1607,17
1607,18
1610,14
1612,19
1612,20
1613,4
1615,11
1617,18
1618,19
1618,20
1621,17
1622,6
1623,7
1623,20
1628,1
1628,20
1629,12
1629,18
1630,9
1632,20
1633,5
1633,17
1634,10
1634,16
1636,20
1637,18
1638,15
1639,2
1639,3
1642,20
1643,19
1645,18
1646,6
1647,20
1654,20
1655,19
1656,8
1657,4
1657,18
1661,20
1663,13
1667,20
1672,20
1673,17
1674,18
1677,20
1682,20
1683,2
1683,15
1687,14
1687,17
1687,19
1688,20
1689,1
1689,18
1694,16
1695,20
1696,11
1696,18
1699,5
1700,20
1701,7
1701,12
1701,19
1703,18
1704,17
1705,10
1705,20
1709,6
1709,20
1711,5
1714,4
1714,18
1714,20
1715,3
1716,8
1718,9
1718,17
1719,20
1720,18
1720,19
1728,20
1731,17
1733,6
1733,19
1737,20
1738,15
1742,2
1746,18
1748,19
1749,13
1750,20
1754,18
1755,6
1758,17
1758,20
1759,1
1759,5
1759,19
1760,14
1762,16
1765,11
1766,18
1767,4
1767,7
1769,17
1770,19
1770,20
1776,10
1776,18
1777,12
1779,19
1780,9
1781,17
1783,5
1783,18
1783,20
1785,8
1789,6
1789,15
1790,18
1790,19
1792,20
1793,17
1798,18
1800,19
1802,3
1805,17
1805,18
1805,19
1807,2
1807,20
1813,19
1815,20
1816,18
1819,19
1821,17
1823,18
1824,20
1825,19
1828,18
1829,20
1833,18
1834,6
1834,10
1834,16
1835,20
1837,5
1837,19
1838,1
1840,18
1840,20
1841,4
1841,14
1841,15
1843,17
1843,19
1844,12
1845,18
1845,20
1848,9
1849,18
1850,20
1851,19
1853,7
1853,18
1856,20
1857,13
1859,18
1861,17
1862,19
1863,8
1864,18
1865,20
1869,11
1871,2
1871,18
1872,5
1872,19
1873,20
1875,6
1876,18
1880,20
1884,17
1885,19
1886,3
1886,18
1891,19
1891,20
1893,18
1895,1
1898,17
1902,20
1904,18
1906,16
1906,19
1909,15
1909,18
1912,13
1912,17
1912,20
1913,14
1914,4
1914,7
1915,18
1916,6
1917,19
1917,20
1919,9
1921,10
1921,18
1923,5
1924,20
1927,18
1928,12
1930,20
1935,8
1936,18
1937,20
1938,2
1939,16
1942,11
1942,17
1942,19
1947,20
1949,18
1950,19
1956,18
1958,19
1959,20
1961,6
1962,18
1967,15
1967,20
1968,19
1969,18
1971,5
1975,18
1975,19
1976,20
1984,1
1984,19
1986,4
1987,3
1987,17
1987,18
1991,20
1992,18
1997,7
1997,18
1997,20
1998,6
1999,14
1999,19
2001,10
2003,5
2003,20
2004,12
2004,13
2004,18
2006,16
2006,19
2007,15
2007,17
2008,9
2010,2
2012,18
2012,20
2015,8
2017,19
2018,20
2020,18
2023,20
2028,20
2030,18
2034,17
2034,20
2036,11
2039,18
2040,20
2041,19
2047,20
2048,6
2050,1
2050,18
2051,20
2052,13
2055,5
2055,20
2058,19
2060,4
2060,18
2061,20
2066,17
2066,20
2068,12
2071,3
2071,7
2071,18
2071,20
2073,19
2075,20
2076,2
2076,15
2077,16
2078,5
2078,10
2078,18
2080,14
2080,17
2082,20
2085,9
2087,18
2087,20
2092,20
2093,6
2098,20
2100,19
2101,18
2102,6
2102,8
2102,17
2104,20
2108,18
2109,20
2110,19
2113,18
2116,20
2119,18
2121,19
2122,20
2123,1
2125,17
2127,4
2127,5
2128,18
2130,20
2135,18
2135,20
2136,3
2139,20
2140,7
2141,16
2141,18
2141,19
2143,11
2143,15
2144,2
2144,17
2145,20
2148,12
2148,14
2149,13
2151,20
2153,19
2154,10
2155,6
2156,20
2157,18
2158,8
2163,17
2163,20
2165,5
2165,9
2165,18
2168,20
2169,18
2171,19
2173,1
2173,18
2175,20
2180,18
2182,20
2184,6
2185,18
2188,20
2189,2
2189,18
2193,15
2193,17
2193,18
2194,20
2197,4
2199,18
2200,20
2202,19
2205,17
2206,18
2209,20
2211,16
2212,14
2215,13
2215,17
2215,18
2216,10
2218,20
2219,11
2219,19
2220,18
2221,3
2222,17
2223,20
2225,18
2226,12
2227,5
2229,7
2230,20
2231,18
2233,6
2233,17
2234,8
2235,20
2236,18
2238,19
2239,4
2239,9
2239,15
2241,18
2242,20
2246,2
2247,18
2248,17
2253,19
2253,20
2257,17
2257,18
2260,20
2265,1
2267,16
2267,18
2267,20
2270,17
2271,19
2275,20
2276,6
2279,5
2279,18
2282,20
2284,19
2285,6
2286,17
2288,11
2289,20
2290,13
2292,18
2295,10
2295,15
2296,14
2296,19
2297,2
2299,12
2299,17
2299,20
2302,5
2303,18
2305,7
2306,20
2307,19
2309,1
2310,18
2313,9
2313,17
2314,4
2319,19
2319,20
2320,8
2320,18
2321,6
2324,16
2325,17
2326,20
2328,3
2328,19
2331,18
2336,20
2339,18
2344,2
2347,15
2349,5
2349,20
2351,14
2351,18
2353,17
2357,18
2358,19
2361,6
2364,20
2365,17
2365,18
2368,12
2370,10
2371,18
2372,19
2376,20
2377,18
2381,18
2383,20
2384,16
2385,5
2385,18
2385,19
2386,13
2387,7
2388,20
2389,17
2391,18
2393,9
2393,20
2394,11
2395,1
2395,4
2395,18
2396,2
2396,8
2397,19
2398,20
2399,6
2400,18
2401,12
2403,17
2405,20
2407,5
2407,18
2408,19
2409,3
2412,20
2413,15
2413,18
2420,19
2423,6
2424,18
2424,20
2429,18
2433,19
2435,18
2436,20
2437,17
2441,19
2446,10
2446,18
2448,14
2450,15
2450,20
2451,4
2452,1
2452,19
2455,2
2455,16
2455,18
2457,20
2458,5
2459,6
2461,17
2462,7
2463,8
2463,18
2464,19
2465,5
2465,20
2470,20
2474,17
2476,13
2477,9
2477,19
2477,20
2478,3
2480,18
2482,11
2484,12
2487,19
2488,20
2491,18
2495,17
2496,20
2497,6
2502,15
2503,10
2503,19
2504,18
2505,20
2509,5
2511,2
2513,1
2513,18
2514,20
2515,14
2518,17
2520,16
2521,7
2522,19
2524,18
2524,20
2525,13
2526,4
2530,20
2531,6
2531,18
2541,17
2542,11
2542,18
2543,20
2544,9
2547,18
2547,19
2549,12
2551,8
2552,19
2553,18
2554,20
2555,15
2555,16
2556,5
2559,18
2560,17
2561,19
2565,20
2566,18
2569,17
2570,6
2572,2
2572,18
2572,19
2574,20
2579,18
2579,19
2581,17
2584,18
2585,20
2586,3
2586,4
2586,19
2588,18
2589,10
2590,17
2592,20
2593,18
2593,19
2595,13
2597,18
2598,15
2601,18
2601,20
2602,6
2602,14
2606,18
2607,7
2609,9
2610,12
2611,5
2612,2
2612,17
2612,18
2612,19
2614,20
2615,1
2616,8
2619,16
2619,19
2622,18
2624,17
2630,18
2630,20
2631,19
2637,20
2638,18
2642,19
2643,18
2644,17
2646,15
2648,5
2648,20
2649,18
2652,10
2653,18
2656,4
2656,20
2657,18
2657,19
2662,20
2663,11
2663,18
2667,6
2667,17
2668,2
2670,18
2670,20
2671,3
2673,14
2674,1
2674,19
2676,18
2676,20
2677,16
2679,13
2680,7
2682,17
2682,18
2683,6
2685,8
2685,12
2685,19
2688,18
2690,9
2690,15
2690,20
2691,5
2691,17
2694,19
2695,18
2695,20
2701,20
2703,5
2704,2
2706,18
2707,20
2713,18
2716,19
2717,20
2718,1
2718,6
2720,18
2723,10
2724,4
2724,5
2725,20
2726,17
2727,18
2732,18
2732,19
2735,20
2737,15
2737,18
2741,16
2742,18
2746,19
2746,20
2748,14
2749,17
2749,18
2755,13
2755,20
2756,7
2757,6
2757,18
2760,12
2761,19
2762,11
2762,20
2763,18
2764,9
2765,3
2765,8
2766,10
2767,17
2767,18
2768,5
2769,19
2769,20
2770,2
2771,1
2772,18
2773,16
2779,4
2779,18
2782,20
2784,18
2788,19
2791,18
2793,20
2795,6
2796,17
2797,18
2798,15
2802,18
2804,19
2804,20
2809,18
2810,5
2811,17
2811,20
2817,20
2819,18
2819,19
2820,14
2821,7
2823,20
2825,13
2827,2
2828,15
2828,17
2829,18
2831,20
2832,19
2835,18
2836,20
2838,6
2839,9
2841,8
2841,16
2841,18
2841,19
2841,20
2842,4
2842,12
2845,11
2846,20
2847,18
2848,19
2853,17
2853,20
2856,3
2856,18
2859,1
2860,20
2861,19
2864,18
2866,5
2866,17
2867,6
2867,20
2869,10
2872,2
2872,18
2874,20
2876,19
2878,14
2882,13
2883,15
2885,18
2887,20
2893,18
2893,20
2894,19
2898,5
2899,18
2902,20
2903,6
2905,18
2906,9
2906,17
2906,20
2907,7
2908,1
2910,12
2911,18
2911,20
2912,4
2912,19
2913,16
2916,8
2917,20
2918,18
2919,3
2920,11
2921,17
2922,20
2924,19
2930,18
2930,19
2931,2
2932,20
2935,10
2937,18
2938,19
2939,20
2941,15
2944,18
2945,19
2947,5
2947,20
2951,17
2952,6
2953,18
2953,19
2953,20
2960,20
2961,18
2961,19
2966,20
2968,13
2968,18
2969,19
2971,7
2972,16
2973,20
2974,1
2974,4
2975,6
2975,14
2975,17
2975,18
2980,19
2981,20
2982,2
2983,15
2984,18
2987,12
2988,20
2992,8
2992,19
2993,5
2993,17
2994,9
2994,18
2996,20
3001,18
3002,19
3002,20
3004,11
3007,19
3010,20
3011,10
3014,18
3016,19
3020,20
3021,3
3023,5
3023,17
3024,19
3025,18
3026,20
3029,6
3030,19
3031,15
3031,18
3033,20
3035,16
3036,13
3038,19
3040,2
3040,18
3042,14
3043,17
3045,4
3045,18
3048,19
3048,20
3050,7
3050,18
3055,18
3059,19
3060,12
3062,18
3063,5
3063,17
3064,8
3064,20
3065,6
3067,1
3067,19
3069,9
3070,16
3071,18
3072,20
3076,10
3077,17
3078,19
3079,15
3081,11
3081,18
3084,19
3088,18
3095,20
3097,2
3097,18
3098,19
3103,18
3105,20
3106,5
3107,17
3107,19
3108,18
3111,13
3114,18
3116,6
3118,14
3118,20
3122,3
3122,18
3122,19
3124,4
3124,20
3126,16
3127,18
3128,1
3128,19
3130,7
3130,20
3136,18
3138,17
3139,20
3140,19
3143,12
3144,20
3146,8
3149,2
3149,5
3149,18
3150,20
3151,10
3152,19
3154,15
3154,17
3154,18
3157,20
3158,19
3159,6
3162,18
3164,9
3164,20
3169,18
3171,11
3173,19
3173,20
3176,18
3179,19
3180,20
3181,5
3184,18
3186,6
3186,17
3187,13
3187,19
3188,4
3188,20
3191,1
3192,18
3193,20
3199,18
3200,14
3200,20
3202,7
3203,16
3203,17
3204,19
3205,15
3207,2
3207,18
3208,20
3209,3
3211,19
3212,12
3213,6
3215,18
3215,20
3216,5
3216,10
3217,17
3218,19
3219,8
3223,20
3224,18
3230,19
3236,20
3242,18
3242,19
3247,9
3247,20
3249,6
3250,18
3254,4
3254,20
3255,1
3255,5
3258,18
3262,15
3263,20
3264,19
3265,10
3265,16
3267,11
3267,13
3267,14
3267,18
3269,2
3269,19
3272,20
3273,12
3273,17
3278,19
3281,18
3281,20
3283,7
3286,17
3286,20
3287,19
3290,6
3293,18
3293,20
3299,18
3302,8
3302,20
3303,19
3308,16
3308,18
3310,17
3314,20
3315,19
3316,5
3319,3
3321,1
3321,18
3322,17
3323,19
3323,20
3324,6
3324,15
3325,4
3327,20
3329,2
3331,5
3332,9
3332,18
3334,20
3337,13
3337,17
3338,12
3339,7
3339,14
3339,18
3341,20
3346,19
3349,10
3349,18
3350,20
3356,20
3359,11
3360,18
3362,20
3363,19
3364,17
3368,18
3368,20
3369,8
3369,16
3371,6
3372,2
3374,20
3375,19
3378,18
3379,15
3381,20
3385,5
3385,17
3387,18
3388,6
3390,20
3391,19
3392,1
3393,18
3395,4
3399,18
3401,20
3403,19
3407,18
3408,13
3410,19
3411,9
3411,20
3412,17
3413,12
3413,18
3417,18
3419,19
3421,20
3422,2
3422,18
3423,5
3425,3
3427,7
3427,8
3427,18
3428,14
3429,10
3429,19
3429,20
3430,15
3430,16
3433,11
3435,20
3438,19
3439,17
3439,18
3446,18
3447,19
3452,20
3453,2
3453,18
3458,1
3459,20
3464,5
3464,18
3465,20
3466,19
3468,4
3469,6
3470,13
3472,20
3473,17
3474,12
3478,18
3479,19
3480,3
3481,20
3482,17
3485,6
3485,18
3489,19
3489,20
3490,9
3490,10
3493,15
3493,17
3495,16
3496,18
3497,7
3499,20
3500,14
3501,5
3504,8
3504,17
3507,11
3509,20
3510,2
3510,18
3510,19
3519,18
3519,19
3527,20
3529,18
3533,20
3537,17
3537,18
3538,19
3540,6
3541,20
3543,1
3543,4
3545,18
3548,5
3550,20
3551,15
3551,16
3552,18
3553,17
3555,10
3556,12
3557,19
3558,6
3559,20
3560,9
3563,17
3564,2
3564,18
3565,8
3565,13
3565,20
3570,18
3572,17
3574,14
3575,18
3575,20
3578,6
3579,7
3579,18
3579,19
3582,20
3584,18
3586,19
3588,5
3590,18
3591,17
3592,4
3593,20
3595,19
3597,3
3598,18
3601,19
3603,20
3604,17
3604,18
3609,18
3610,20
3611,16
3614,18
3614,19
3615,11
3618,17
3618,18
3619,12
3619,20
3621,2
3622,18
3623,8
3623,19
3626,14
3626,20
3627,18
3628,17
3629,15
3632,18
3633,6
3633,9
3633,10
3634,19
3635,20
3636,1
3636,18
3638,5
3643,18
3643,20
3647,13
3649,17
3649,18
3649,19
3652,20
3654,7
3657,18
3658,6
3658,17
3659,19
3663,4
3663,20
3666,18
3669,3
3672,11
3672,18
3672,20
3673,17
3673,19
3679,2
3679,18
3679,20
3684,16
3685,20
3687,18
3689,17
3690,5
3694,15
3695,18
3696,20
3697,1
3697,19
3699,12
3701,18
3705,14
3706,19
3709,10
3709,13
3709,18
3709,20
3710,17
3711,6
3713,8
3714,4
3714,19
3715,15
3715,20
3720,18
3722,9
3724,19
3727,7
3727,20
3730,5
3731,18
3736,19
3736,20
3737,18
3742,20
3744,17
3744,18
3749,20
3754,18
3755,3
3756,6
3758,20
3759,2
3759,19
3760,16
3760,18
3761,11
3762,17
3767,8
3768,18
3769,14
3769,19
3769,20
3771,4
3774,15
3775,5
3775,20
3777,1
3778,13
3778,18
3778,19
3779,12
3781,10
3784,17
3784,19
3785,20
3787,18
3794,9
3795,19
3795,20
3796,17
3798,18
3799,7
3802,6
3803,20
3805,19
3808,17
3811,18
3812,19
3813,20
3820,2
3821,16
3822,18
3823,17
3824,20
3829,5
3829,18
3829,20
3833,19
3834,20
3835,1
3835,15
3835,18
3840,20
3841,6
3842,4
3842,18
3844,14
3844,19
3846,20
3847,17
3847,18
3848,11
3850,3
3851,8
3851,18
3852,19
3853,20
3855,10
3855,18
3856,12
3858,20
3859,7
3860,18
3861,5
3861,19
3865,18
3865,20
3871,18
3871,20
3875,17
3875,20
3876,18
3880,19
3881,20
3882,6
3882,18
3884,2
3886,16
3886,19
3886,20
3888,13
3888,18
3890,15
3891,17
3891,20
3892,9
3896,19
3897,14
3898,20
3900,18
3905,19
3905,20
3910,10
3912,20
3913,19
3914,18
3915,12
3916,4
3916,5
3916,6
3917,1
3917,20
3919,18
3922,8
3922,20
3925,17
3926,11
3927,18
3928,20
3934,2
3934,19
3935,18
3935,20
3938,5
3939,15
3942,20
3943,18
3944,13
3948,7
3950,20
3952,18
3953,17
3957,2
3958,20
3959,3
3960,6
3961,16
3963,17
3963,18
3963,19
3970,9
3971,10
3971,20
3973,14
3974,19
3975,12
3976,5
3976,18
3977,15
3977,20
3978,8
3979,4
3980,19
3983,18
3983,20
3988,19
3990,20
3992,18
3996,20
3998,1
4001,19
4001,20
4002,6
4003,18
4005,11
4005,17
4007,20
4011,19
4012,18
4016,20
4017,17
4018,18
4019,19
4022,2
4023,5
4023,18
4025,20
4027,18
4027,19
4033,13
4033,17
4035,18
4035,19
4035,20
4039,16
4041,18
4043,15
4045,17
4045,19
4047,18
4047,20
4048,7
4052,14
4053,6
4054,18
4054,19
4055,4
4057,9
4057,10
4058,20
4060,16
4061,1
4061,12
4061,18
4061,19
4063,5
4064,2
4065,8
4065,17
4066,19
4066,20
4069,18
4075,18
4075,20
4081,18
4082,19
4083,3
4085,6
4085,20
4087,18
4090,15
4093,11
4094,17
4095,18
4096,20
4097,19
4102,18
4105,13
4106,5
4106,20
4108,18
4112,14
4112,19
4113,18
4116,1
4116,6
4118,4
4118,18
4118,20
4123,10
4123,20
4125,18
4126,7
4127,15
4128,20
4130,17
4132,18
4133,2
4134,12
4135,19
4135,20
4137,9
4138,16
4140,8
4141,17
4143,20
4144,18
4151,19
4151,20
4152,18
4158,5
4160,17
4160,18
4162,6
4162,20
4166,18
4169,20
4170,1
4175,18
4177,19
4178,4
4180,17
4181,20
4182,13
4182,18
4186,3
4187,19
4188,18
4189,17
4190,2
4190,20
4191,5
4192,7
4193,18
4194,16
4195,14
4200,18
4202,11
4202,15
4202,17
4203,12
4205,19
4205,20
4206,6
4207,18
4209,9
4210,8
4211,20
4212,18
4217,10
4217,18
4217,20
4222,18
4224,2
4224,20
4227,18
4228,19
4232,4
4234,18
4235,20
4239,17
4240,18
4245,19
4246,20
4249,18
4251,1
4253,5
4253,15
4256,18
4256,19
4256,20
4257,16
4259,13
4260,14
4262,6
4263,20
4264,18
4266,17
4267,3
4267,12
4268,11
4269,18
4270,5
4271,19
4272,7
4272,20
4274,18
4275,17
4280,18
4281,19
4282,20
4284,10
4285,18
4288,19
4290,18
4290,20
4291,9
4292,8
4293,2
4294,4
4295,18
4296,17
4298,5
4298,20
4299,6
4300,18
4303,1
4304,18
4305,15
4305,20
4308,18
4309,16
4309,19
4312,18
4313,17
4314,20
4317,18
4317,19
4323,18
4324,20
4327,19
4329,18
4333,20
4335,5
4336,18
4337,6
4338,19
4339,14
4340,17
4341,20
4342,18
4346,13
4348,20
4351,18
4353,12
4354,19
4355,20
4357,3
4357,10
4358,5
4358,15
4358,18
4360,2
4360,7
4360,20
4361,19
4362,4
4362,16
4363,17
4365,1
4366,18
4367,20
4369,11
4370,9
4372,18
4373,8
4373,20
4374,19
4377,12
4380,18
4381,19
4382,6
4382,20
4386,18
4393,18
4393,20
4398,19
4399,20
4400,17
4400,18
4401,5
4406,20
4412,13
4413,10
4413,18
4414,20
4416,19
4417,2
4417,17
4418,15
4420,4
4421,18
4422,6
4422,14
4423,19
4424,16
4424,20
4427,18
4430,11
4433,19
4433,20
4435,18
4441,19
4443,5
4443,20
4444,7
4444,8
4446,18
4448,1
4448,9
4452,18
4453,20
4454,19
4455,3
4455,12
4456,17
4460,19
4461,18
4461,20
4468,6
4468,18
4469,2
4469,17
4469,20
4470,19
4475,18
4477,20
4482,18
4482,19
4483,14
4484,17
4489,15
4490,20
4491,13
4493,6
4494,18
4495,16
4497,5
4497,20
4498,10
4499,19
4502,20
4503,4
4504,1
4506,17
4507,18
4508,3
4509,19
4509,20
4512,18
4515,7
4515,17
4518,18
4518,20
4521,19
4523,8
4526,17
4526,18
4527,20
4528,9
4531,2
4532,18
4534,20
4537,18
4538,5
4538,12
4538,14
4540,6
4540,17
4541,15
4541,18
4542,20
4543,19
4545,18
4548,11
4548,16
4548,18
4549,20
4551,18
4555,18
4556,20
4558,2
4559,18
4562,20
4564,1
4564,18
4565,19
4567,20
4568,18
4571,13
4573,18
4574,19
4574,20
4577,18
4579,4
4579,5
4579,6
4579,10
4580,20
4582,18
4583,15
4584,19
4584,20
4585,7
4587,18
4589,20
4593,18
4596,17
4596,20
4597,19
4601,20
4604,8
4605,20
4607,18
4609,12
4610,16
4610,17
4610,20
4613,5
4614,3
4614,9
4615,2
4616,18
4616,19
4616,20
4617,14
4622,20
4623,19
4626,4
4629,13
4629,18
4630,19
4630,20
4632,1
4633,6
4635,10
4637,11
4637,19
4639,20
4641,5
4641,18
4642,17
4644,15
4648,7
4648,20
4651,2
4652,19
4655,18
4657,20
4663,18
4670,6
4671,20
4672,18
4675,8
4679,16
4680,19
4682,9
4682,18
4683,12
4683,20
4685,5
4685,17
4689,19
4690,7
4690,18
4690,20
4694,14
4695,17
4696,4
4699,6
4700,19
4700,20
4701,3
4702,1
4703,11
4704,18
4705,15
4706,10
4707,20
4708,2
4710,17
4710,18
4710,19
4711,13
4717,18
4718,20
4722,18
4726,18
4727,19
4727,20
4731,18
4734,17
4735,5
4735,19
4736,18
4738,20
4743,19
4745,18
4745,20
4748,12
4752,17
4752,19
4753,1
4753,18
4753,20
4756,16
4757,5
4759,18
4761,8
4761,14
4762,20
4764,6
4764,15
4766,9
4767,18
4768,17
4771,10
4771,19
4772,20
4774,18
4775,4
4778,18
4780,13
4780,20
4781,2
4781,7
4783,18
4790,18
4790,20
4791,5
4795,3
4795,17
4796,18
4796,20
4798,19
4802,6
4802,17
4803,18
4803,20
4804,16
4804,19
4809,18
4810,20
4812,11
4813,19
4815,17
4816,20
4817,18
4822,20
4823,19
4827,18
4828,12
4830,5
4830,20
4831,19
4832,18
4834,6
4835,1
4836,20
4837,18
4841,20
4842,19
4843,9
4845,18
4847,7
4847,20
4848,8
4849,15
4851,2
4851,10
4851,14
4852,18
4853,13
4854,4
4855,20
4856,19
4858,18
4859,17
4860,20
4867,18
4867,20
4871,16
4871,18
4871,19
4873,20
4876,18
4882,5
4882,19
4882,20
4883,17
4884,6
4884,18
4887,20
4890,18
4891,11
4893,19
4894,20
4895,2
4896,3
4896,18
4897,12
4897,17
4900,15
4901,19
4901,20
4902,8
4902,18
4905,5
4908,20
4909,18
4909,19
4914,18
4916,6
4916,17
4918,9
4919,1
4919,4
4919,14
4919,20
4920,7
4920,18
4921,19
4922,16
4924,10
4925,15
4927,18
4928,17
4928,19
4929,20
4936,19
4939,18
4942,20
4948,13
4948,17
4948,18
4948,20
4951,2
4951,19
4954,20
4955,6
4958,20
4960,5
4963,18
4964,3
4964,11
4964,20
4965,17
4967,19
4968,20
4969,8
4970,12
4974,1
4974,20
4977,18
4979,17
4982,9
4982,20
4984,19
4986,18
4989,20
4991,7
4993,4
4993,5
4993,20
4994,14
4995,10
4996,18
4997,15
4998,20
4999,6
4999,16
4999,19
5000,2
