8,3
8,6
8,25
8,36
9,7
9,13
9,34
9,40
10,23
10,26
10,33
10,39
11,4
11,8
11,12
11,15
11,19
11,20
11,22
11,24
11,27
12,5
12,11
12,30
12,31
12,35
12,36
12,37
13,2
13,9
13,10
13,17
13,32
14,1
14,18
14,21
14,28
14,38
15,40
16,16
16,19
16,29
16,36
16,39
17,7
17,33
17,34
18,6
18,14
19,24
20,15
20,39
21,4
21,28
21,35
21,36
22,33
22,37
22,38
23,40
24,34
26,36
27,23
27,33
27,39
28,40
30,33
30,36
30,39
31,34
32,38
32,40
35,39
35,40
36,33
36,36
37,34
38,40
39,39
41,33
41,36
42,38
42,40
44,34
44,39
46,33
46,40
47,37
48,36
48,39
49,29
51,40
52,33
53,34
53,38
53,39
54,17
56,40
58,34
59,4
59,33
60,37
60,38
60,39
61,35
62,36
62,40
64,20
64,34
66,9
67,2
67,36
67,38
67,39
68,21
68,27
68,40
70,31
70,33
71,7
71,11
71,22
71,28
71,39
72,8
72,34
73,29
73,36
73,38
74,5
75,19
75,33
76,39
76,40
77,16
78,34
80,2
80,35
81,38
82,13
82,36
83,15
84,34
84,39
85,3
85,40
86,26
87,25
88,36
89,18
89,20
89,28
89,33
90,37
90,39
90,40
91,1
91,10
91,32
92,12
92,30
92,34
93,15
93,35
93,38
94,40
95,14
95,36
96,7
96,39
97,28
99,36
100,38
100,39
100,40
101,5
101,33
103,29
104,34
105,38
105,40
107,36
110,38
110,39
110,40
113,33
114,6
115,34
115,39
117,36
117,40
118,38
119,23
119,33
119,39
121,4
122,40
123,39
125,33
125,34
126,9
126,21
127,36
128,17
128,38
129,39
130,24
130,33
130,40
133,29
134,37
134,38
135,33
135,36
135,39
136,34
137,40
138,35
139,38
142,39
144,38
145,34
145,36
146,8
147,33
148,37
148,38
148,40
149,31
152,38
152,39
153,36
153,40
154,7
154,30
155,15
155,19
155,22
155,34
156,25
156,37
156,40
157,33
158,11
158,38
159,12
159,35
159,39
160,27
160,28
161,4
161,36
162,34
162,40
163,2
164,38
165,23
166,33
166,40
167,6
167,39
168,13
168,34
169,1
169,5
169,18
170,40
171,36
171,38
172,33
172,39
173,10
173,35
174,20
176,40
177,33
177,36
177,38
178,28
181,37
181,40
182,33
184,36
184,38
185,26
185,34
185,39
185,40
189,38
190,40
191,33
193,29
193,32
193,39
194,21
195,40
196,38
197,3
197,34
197,36
198,4
198,15
198,33
198,37
199,2
199,39
200,12
200,40
201,7
201,38
203,24
204,39
204,40
205,33
205,34
206,17
206,19
206,38
208,9
208,14
210,35
210,39
210,40
211,8
211,38
212,33
214,40
215,36
216,31
218,33
218,38
218,39
218,40
221,28
221,29
222,40
223,16
223,33
223,38
224,34
224,39
225,25
226,35
227,22
227,27
228,1
228,38
228,40
230,34
230,37
231,30
232,33
232,39
233,7
233,15
233,36
233,40
234,38
236,6
236,11
237,5
237,18
237,28
238,40
239,20
239,33
239,39
240,23
240,38
241,21
242,3
242,34
243,4
243,10
243,29
243,33
244,19
244,39
244,40
245,13
246,35
246,36
247,33
248,2
248,39
249,4
249,37
250,40
251,34
252,36
252,38
254,9
254,33
255,39
256,34
256,40
257,36
259,38
262,39
263,33
263,34
263,36
264,28
265,38
265,40
266,12
268,33
269,34
269,36
269,39
273,38
274,26
275,34
276,33
277,17
277,39
279,15
279,33
279,36
279,40
280,8
280,29
282,34
283,37
284,33
284,38
284,39
286,7
288,34
288,36
289,32
289,33
289,40
290,30
290,38
292,24
293,35
293,37
293,40
294,21
294,36
294,39
297,22
297,38
298,33
299,40
300,28
301,6
301,25
301,39
302,34
302,36
303,33
305,5
305,15
305,27
306,38
306,39
308,20
308,29
308,40
309,2
309,16
309,33
310,36
311,1
311,4
311,14
311,39
312,10
312,11
312,18
312,31
312,34
312,38
313,37
313,40
315,19
315,23
315,35
315,39
316,32
318,33
318,38
319,7
319,17
319,36
320,39
320,40
321,34
322,2
323,33
324,28
324,40
325,34
326,39
328,40
329,36
331,34
331,38
332,13
333,39
334,40
336,8
336,9
336,36
337,4
337,34
338,40
340,39
342,33
342,34
342,38
343,40
345,12
345,35
345,39
347,37
348,21
348,34
348,36
350,39
351,29
351,40
352,24
352,33
352,38
354,15
355,40
357,19
357,34
357,39
358,36
359,35
360,40
361,37
362,3
362,38
363,5
364,39
365,33
365,34
365,40
366,20
367,28
370,36
370,38
371,22
371,34
371,39
372,40
377,6
377,37
377,38
378,34
379,4
380,39
381,7
381,33
382,40
383,23
383,36
384,30
384,35
384,38
385,33
387,34
387,39
388,26
388,27
388,38
389,25
390,37
391,40
392,36
393,9
393,12
393,33
393,39
394,15
394,31
394,38
395,1
395,34
395,40
396,4
397,11
398,21
398,38
398,39
399,16
400,19
400,40
401,32
401,36
402,10
402,14
402,17
402,29
402,33
402,39
403,28
404,2
404,7
404,34
404,35
404,38
404,40
405,36
406,33
406,39
407,8
408,13
408,37
409,38
409,40
410,23
410,34
410,36
411,33
412,39
414,38
414,40
415,33
415,34
416,18
416,36
417,39
418,40
419,33
419,38
420,20
420,28
420,34
422,36
422,39
422,40
423,38
424,34
424,35
425,29
426,33
427,39
427,40
428,38
430,34
431,33
431,40
433,38
434,36
434,40
435,4
435,29
436,33
436,39
437,34
437,40
441,38
442,15
442,36
442,40
444,22
445,33
445,34
445,35
445,40
446,39
447,2
447,38
448,30
449,40
450,17
450,24
450,27
451,34
452,39
453,33
453,40
454,5
454,21
454,38
455,3
455,6
456,19
456,36
457,29
457,33
458,31
458,38
458,39
459,11
459,40
460,4
460,28
460,34
460,37
462,15
463,9
463,33
463,38
464,7
464,39
464,40
465,34
467,32
468,34
468,36
470,38
471,33
471,39
471,40
472,34
475,38
476,40
477,34
478,39
480,33
480,36
480,38
482,39
482,40
483,34
486,38
488,25
488,34
488,39
489,40
490,33
491,8
491,15
491,28
492,34
492,36
492,38
493,7
493,13
493,29
494,39
495,4
495,35
496,40
497,1
497,14
497,20
497,23
497,37
498,30
498,33
498,36
499,34
499,38
499,40
500,10
500,12
500,17
501,39
502,4
502,5
503,36
503,40
504,34
505,27
505,33
505,39
506,6
507,36
508,18
508,37
508,38
509,39
510,2
510,34
510,40
511,33
512,16
513,36
514,40
515,34
515,39
518,36
518,37
518,38
519,35
519,39
519,40
521,33
522,40
523,39
526,40
527,36
527,38
528,21
530,33
530,39
531,15
531,22
531,34
531,40
533,19
533,28
533,36
535,38
536,33
536,39
536,40
537,7
537,9
537,36
538,29
539,35
540,31
540,37
540,39
541,33
542,34
542,36
543,3
543,24
543,40
544,38
545,4
546,39
547,25
548,33
549,8
549,11
549,28
549,36
549,40
550,34
550,38
553,39
554,33
555,15
555,40
556,2
556,36
558,34
559,33
560,20
560,37
560,39
561,36
561,40
564,33
564,38
565,34
565,36
567,39
568,40
569,36
570,33
570,34
572,38
573,36
574,39
577,33
577,34
577,37
578,36
578,40
579,12
579,39
580,35
580,38
582,4
583,13
584,26
584,29
584,36
584,39
585,33
586,40
587,1
587,17
587,19
587,27
587,38
589,21
590,7
590,32
590,39
591,5
591,28
591,33
591,40
592,10
592,23
592,36
592,37
593,31
593,34
594,9
594,38
594,39
595,2
595,6
595,30
597,33
597,40
598,15
600,34
600,38
601,33
601,39
602,36
603,18
605,34
605,38
605,40
606,33
609,22
611,38
611,39
612,14
612,34
612,35
614,16
614,33
614,36
614,40
617,34
617,38
618,39
620,35
621,33
622,34
623,40
625,38
626,33
627,34
627,36
627,40
628,39
630,33
632,29
632,34
633,40
634,24
634,33
634,38
636,4
636,39
637,33
638,40
640,7
640,20
640,34
640,36
641,25
641,33
641,39
642,11
642,13
643,15
643,17
643,21
644,28
644,40
645,8
645,33
645,36
646,2
646,3
646,23
646,34
646,37
646,39
647,19
647,32
647,35
647,38
648,7
649,36
650,33
650,40
651,10
651,12
651,39
652,38
653,4
653,37
654,5
654,33
654,36
655,34
655,39
655,40
656,31
657,6
658,33
658,38
658,39
660,9
660,35
660,36
660,40
662,39
663,33
663,38
664,40
666,39
667,33
667,38
668,34
668,36
668,40
670,37
671,33
672,39
673,38
673,40
675,1
675,27
675,33
677,39
678,38
680,33
680,36
680,40
681,39
682,34
683,29
685,33
685,38
686,22
686,39
686,40
687,34
689,28
690,30
690,37
691,15
691,36
691,38
692,21
692,33
692,39
693,40
694,19
694,34
699,20
699,24
699,26
699,34
699,39
701,5
701,33
701,36
701,38
701,40
702,18
703,37
704,4
705,2
706,16
706,34
707,35
707,39
707,40
709,14
709,28
709,38
710,33
711,7
713,34
713,40
714,36
714,38
714,39
715,4
716,13
716,17
716,33
716,40
718,34
719,36
719,39
719,40
720,23
720,38
722,34
723,39
724,29
724,40
725,33
725,36
726,15
726,34
727,1
727,12
728,38
729,39
729,40
730,36
732,9
732,40
733,31
733,34
733,37
734,28
734,36
734,39
735,6
735,19
735,38
735,40
736,11
737,32
737,33
738,8
738,21
738,34
739,25
739,36
739,38
739,40
740,3
740,10
740,39
741,35
745,36
745,38
745,40
746,33
746,39
747,34
748,15
750,36
751,40
752,39
753,29
754,38
755,36
756,7
756,33
756,39
756,40
757,30
758,27
759,34
759,36
760,38
760,40
761,4
761,37
761,39
762,22
763,36
765,33
765,40
766,34
766,39
767,36
767,38
770,35
770,39
771,38
772,2
772,36
772,40
774,34
774,39
775,38
776,40
778,36
778,39
780,5
781,12
781,29
781,33
781,38
782,40
783,39
784,4
785,17
786,33
786,34
786,36
787,28
787,38
787,40
789,20
790,35
790,39
791,40
793,38
794,36
795,33
796,39
796,40
798,21
798,37
800,18
800,19
800,29
800,38
801,13
801,40
802,9
802,33
802,39
803,31
804,15
805,7
805,24
805,35
805,36
805,40
806,11
806,34
807,25
807,38
808,6
808,10
808,26
808,28
808,37
809,8
809,39
810,23
810,36
811,33
811,40
812,32
813,14
814,3
814,30
814,38
816,2
816,39
816,40
817,34
818,33
820,37
822,40
823,20
823,35
824,1
824,34
826,33
826,36
828,22
828,37
828,40
829,16
829,38
830,28
831,33
831,34
831,39
833,36
834,4
834,40
835,33
836,27
836,38
837,34
837,39
839,33
840,5
840,36
840,40
841,15
841,34
843,21
843,33
844,7
844,38
844,39
845,29
846,34
846,40
847,33
848,36
849,39
851,34
851,38
851,40
852,13
853,29
856,34
856,36
856,37
856,39
857,17
857,38
857,40
858,33
858,35
860,34
862,15
862,40
863,38
864,34
866,19
867,33
868,39
868,40
869,28
869,34
870,38
871,9
871,36
873,34
873,39
874,40
875,31
877,34
877,38
877,39
878,11
878,33
878,40
881,20
881,36
882,8
882,34
882,39
882,40
883,37
884,33
885,2
885,38
886,34
887,21
887,39
887,40
888,24
888,36
889,35
890,23
890,34
891,38
891,39
892,1
893,36
893,40
894,18
895,34
895,39
896,25
896,33
898,15
898,40
899,7
899,35
899,39
900,32
900,34
900,38
901,4
902,30
903,37
904,5
904,36
904,39
904,40
905,12
906,29
907,33
907,38
908,34
909,4
909,6
909,10
909,26
910,28
910,36
910,39
911,22
911,27
911,40
912,16
912,34
912,38
914,19
914,39
916,33
917,36
917,40
918,34
918,38
920,33
920,39
923,38
926,14
926,33
926,34
926,40
927,36
927,39
930,17
931,33
931,34
931,38
932,39
933,40
935,28
935,38
936,8
936,15
936,36
937,33
937,34
938,39
940,37
940,38
941,40
943,36
944,33
944,35
945,39
946,34
946,38
948,3
949,36
949,40
950,33
953,34
953,37
954,21
954,36
954,38
954,39
954,40
956,2
956,19
957,13
957,20
957,31
957,33
958,9
959,38
960,7
960,28
960,35
960,36
960,40
961,11
961,24
961,39
962,34
964,12
964,38
965,23
965,29
966,36
967,10
967,33
967,34
967,39
967,40
969,30
970,36
971,4
971,5
971,38
971,39
973,17
974,34
974,40
975,29
975,33
975,35
975,37
976,36
976,38
976,39
977,6
979,40
980,38
981,1
982,39
983,40
985,25
985,33
985,34
985,38
987,39
989,32
989,40
990,36
991,15
991,38
991,39
992,22
992,37
994,13
994,34
994,40
995,35
996,33
996,39
997,21
997,27
1000,18
1000,29
1000,36
1000,38
1000,39
1001,7
1002,40
1003,33
1003,34
1004,39
1007,35
1007,36
1007,38
1007,40
1009,39
1010,34
1013,8
1013,38
1014,36
1014,39
1015,40
1016,28
1017,33
1018,19
1019,34
1020,39
1021,38
1022,4
1023,16
1024,26
1024,36
1024,40
1026,37
1027,20
1027,39
1028,14
1028,23
1028,31
1028,33
1029,2
1031,4
1031,9
1031,34
1031,35
1031,38
1032,24
1032,40
1033,36
1033,39
1034,12
1035,28
1036,1
1036,3
1037,5
1037,36
1037,38
1038,17
1038,34
1039,15
1040,11
1040,33
1040,37
1040,40
1042,38
1043,34
1043,39
1044,6
1044,32
1045,29
1045,33
1047,7
1047,28
1047,36
1048,34
1048,38
1048,39
1048,40
1049,10
1049,30
1049,33
1051,40
1053,34
1053,38
1053,39
1054,13
1054,36
1055,33
1056,40
1058,38
1058,39
1059,21
1059,34
1061,19
1061,40
1062,36
1065,33
1065,35
1065,38
1065,39
1065,40
1066,34
1067,22
1068,25
1068,40
1071,38
1072,34
1072,40
1073,33
1074,15
1075,36
1075,39
1077,38
1077,40
1078,34
1080,33
1081,27
1082,34
1082,37
1082,40
1083,39
1084,36
1084,38
1086,33
1087,28
1087,34
1089,40
1090,38
1091,33
1091,39
1092,35
1092,36
1093,34
1095,29
1095,40
1096,2
1097,8
1098,4
1098,34
1098,36
1099,33
1099,39
1100,18
1100,38
1101,40
1103,34
1103,35
1103,36
1104,16
1105,23
1105,40
1108,34
1108,39
1109,3
1109,9
1109,33
1109,38
1110,36
1110,40
1111,21
1111,31
1111,35
1112,20
1112,34
1113,17
1114,38
1114,39
1114,40
1115,37
1117,7
1117,34
1118,5
1118,38
1120,40
1121,33
1121,36
1121,39
1122,19
1123,10
1123,15
1123,29
1123,38
1124,37
1124,40
1125,11
1125,34
1126,4
1127,28
1127,30
1127,33
1128,38
1128,39
1128,40
1130,32
1130,35
1130,36
1131,34
1132,12
1132,14
1132,40
1133,6
1134,24
1134,39
1135,2
1135,21
1135,38
1136,36
1136,40
1137,26
1137,34
1138,39
1139,1
1139,33
1139,40
1142,39
1143,38
1143,40
1144,34
1144,36
1146,22
1146,33
1147,40
1148,39
1151,34
1151,35
1151,38
1152,40
1153,2
1154,25
1155,28
1155,29
1156,33
1156,39
1157,37
1157,40
1158,27
1158,34
1158,36
1159,13
1159,18
1161,4
1161,7
1161,38
1162,40
1163,39
1164,33
1165,35
1166,15
1166,17
1167,38
1168,36
1168,39
1168,40
1169,34
1171,33
1171,38
1172,19
1174,28
1175,40
1176,8
1176,38
1176,39
1177,9
1178,33
1178,37
1179,5
1180,11
1180,34
1180,40
1181,38
1182,23
1182,29
1185,10
1185,21
1185,31
1186,16
1186,33
1186,36
1186,39
1186,40
1187,35
1187,38
1188,15
1188,34
1189,12
1189,30
1190,3
1190,20
1191,40
1193,6
1193,39
1194,37
1195,38
1196,33
1197,40
1198,34
1199,39
1203,36
1203,40
1204,33
1205,4
1205,34
1207,2
1207,39
1207,40
1211,34
1212,33
1214,36
1214,40
1216,7
1217,22
1218,38
1219,26
1219,33
1219,40
1220,34
1220,39
1222,32
1222,37
1223,36
1224,8
1224,19
1224,35
1224,40
1225,13
1225,24
1226,1
1226,15
1227,28
1228,25
1228,36
1228,38
1229,33
1229,39
1230,35
1232,14
1233,17
1233,40
1234,34
1235,33
1236,38
1237,39
1237,40
1240,29
1241,27
1242,39
1242,40
1243,33
1245,34
1246,39
1247,5
1247,40
1249,38
1250,9
1250,12
1250,18
1250,33
1250,36
1250,39
1251,4
1251,6
1252,23
1252,31
1253,20
1253,40
1254,36
1254,39
1255,10
1255,21
1255,33
1256,35
1256,38
1257,4
1258,34
1258,37
1258,39
1259,40
1260,19
1262,36
1263,11
1264,15
1264,39
1265,33
1266,7
1266,28
1266,40
1267,34
1267,38
1268,39
1270,30
1271,36
1271,40
1272,33
1272,35
1273,34
1273,38
1273,39
1274,2
1274,13
1277,33
1277,37
1278,29
1278,36
1278,38
1278,40
1280,39
1281,3
1281,34
1282,33
1282,40
1283,38
1285,39
1286,34
1286,40
1289,15
1290,34
1290,36
1291,33
1291,39
1292,38
1292,40
1293,22
1294,17
1295,34
1295,37
1297,8
1297,28
1298,33
1298,35
1298,40
1299,34
1299,36
1300,16
1300,39
1301,38
1302,40
1304,34
1305,39
1306,24
1306,29
1306,40
1308,34
1308,38
1309,1
1310,33
1311,39
1312,14
1312,36
1312,40
1313,4
1313,34
1313,38
1316,7
1316,21
1316,40
1317,29
1317,39
1318,15
1319,34
1320,9
1320,33
1321,30
1321,32
1322,38
1322,39
1322,40
1323,36
1323,37
1324,35
1325,19
1326,10
1326,12
1326,33
1327,5
1327,27
1327,39
1328,2
1328,40
1329,28
1329,31
1329,34
1329,38
1331,4
1331,33
1332,18
1332,23
1332,26
1332,39
1332,40
1334,6
1334,36
1335,38
1337,25
1337,34
1337,39
1337,40
1338,11
1338,33
1340,38
1342,28
1342,40
1343,35
1344,33
1345,38
1345,39
1346,40
1348,33
1349,34
1351,36
1351,40
1352,39
1353,38
1354,33
1354,34
1357,40
1358,8
1358,34
1358,38
1360,33
1360,39
1361,20
1363,40
1364,13
1364,33
1365,34
1365,37
1365,38
1368,2
1368,19
1368,33
1369,7
1370,34
1370,40
1371,33
1371,38
1371,39
1372,5
1372,17
1372,36
1374,28
1374,33
1374,40
1376,34
1378,33
1379,40
1380,34
1380,39
1381,38
1382,22
1382,29
1382,33
1384,15
1384,34
1385,16
1385,40
1386,21
1386,33
1387,35
1388,34
1389,30
1389,39
1389,40
1390,36
1392,34
1392,40
1393,31
1393,38
1395,3
1395,33
1396,4
1396,34
1396,40
1397,9
1398,38
1398,39
1399,40
1400,34
1401,15
1401,32
1402,37
1403,38
1403,40
1404,29
1405,1
1405,33
1405,34
1405,36
1406,24
1407,12
1407,18
1407,28
1407,38
1407,39
1407,40
1408,4
1408,14
1410,33
1410,35
1410,40
1411,34
1411,38
1412,7
1412,23
1412,36
1413,39
1414,10
1414,11
1414,37
1415,40
1416,6
1417,17
1417,19
1417,27
1417,33
1417,34
1417,36
1417,38
1418,8
1418,20
1419,39
1419,40
1421,38
1424,25
1424,33
1425,5
1425,40
1426,21
1427,34
1427,38
1428,2
1428,39
1430,15
1430,28
1430,40
1431,4
1433,38
1434,13
1434,26
1434,33
1434,34
1435,32
1435,40
1437,36
1438,39
1439,38
1441,33
1441,34
1441,35
1441,40
1443,7
1443,37
1444,39
1445,38
1447,34
1448,39
1449,33
1450,30
1450,40
1452,29
1452,38
1453,12
1453,39
1454,34
1455,33
1457,35
1458,36
1459,22
1459,34
1459,38
1459,39
1460,40
1461,4
1461,31
1463,24
1463,33
1464,34
1464,38
1464,39
1465,19
1465,37
1465,40
1467,36
1468,33
1470,9
1470,11
1470,34
1470,38
1470,39
1471,17
1471,35
1472,16
1473,40
1474,21
1474,28
1475,34
1475,36
1475,38
1476,39
1477,33
1478,23
1479,6
1481,33
1481,40
1482,2
1482,34
1482,36
1482,39
1484,35
1484,38
1485,15
1485,33
1486,18
1487,3
1487,34
1488,8
1488,39
1489,33
1489,38
1490,29
1490,36
1491,20
1491,40
1492,5
1493,33
1493,38
1494,27
1494,37
1495,34
1495,36
1496,29
1496,39
1497,28
1497,33
1497,40
1499,10
1499,15
1500,1
1500,34
1500,38
1501,7
1501,36
1502,33
1502,40
1503,4
1504,39
1506,13
1506,14
1506,38
1507,34
1507,40
1509,33
1510,36
1510,38
1510,39
1511,37
1511,40
1515,33
1515,34
1516,38
1516,40
1517,39
1521,25
1521,40
1522,33
1522,38
1523,37
1524,35
1524,39
1525,22
1526,34
1526,36
1528,26
1528,30
1528,33
1528,40
1531,19
1531,38
1532,40
1533,15
1534,33
1534,34
1534,39
1535,21
1536,9
1536,12
1536,40
1537,28
1537,35
1538,39
1539,7
1539,31
1539,38
1540,36
1542,11
1542,33
1542,40
1543,17
1543,39
1544,10
1544,34
1545,6
1545,24
1546,2
1546,32
1546,40
1547,36
1547,37
1547,39
1549,38
1550,33
1551,36
1552,23
1552,40
1553,34
1553,39
1555,29
1556,38
1557,36
1558,27
1558,33
1558,40
1559,34
1560,4
1562,39
1563,36
1563,38
1563,40
1564,33
1564,35
1565,34
1567,39
1568,36
1569,40
1570,34
1570,38
1571,33
1571,37
1572,8
1572,20
1572,39
1573,36
1576,40
1577,38
1578,15
1578,33
1578,34
1578,39
1579,36
1582,18
1583,36
1583,37
1584,40
1585,33
1585,34
1586,35
1586,39
1587,5
1587,19
1588,1
1588,36
1590,3
1590,28
1591,4
1591,16
1591,39
1592,38
1592,40
1593,13
1593,21
1593,25
1593,33
1593,34
1593,36
1594,29
1594,31
1596,39
1597,7
1597,15
1597,36
1598,9
1598,33
1598,34
1598,35
1599,40
1600,23
1601,17
1601,36
1601,38
1602,39
1604,33
1604,34
1605,40
1606,2
1607,36
1608,34
1608,38
1610,22
1611,33
1612,28
1612,40
1613,34
1614,39
1615,35
1615,36
1616,37
1617,34
1617,38
1619,40
1622,28
1622,29
1622,39
1623,34
1624,14
1624,33
1625,6
1625,11
1625,38
1626,4
1626,12
1626,30
1626,36
1628,39
1629,34
1629,40
1630,21
1630,33
1631,8
1631,36
1632,24
1633,38
1634,35
1635,19
1635,20
1636,34
1637,33
1637,36
1637,39
1639,10
1639,28
1640,34
1640,37
1640,40
1642,15
1642,36
1642,38
1642,39
1644,32
1644,33
1644,34
1645,40
1646,36
1648,17
1648,34
1648,39
1649,33
1650,27
1650,36
1650,38
1651,2
1651,40
1652,7
1653,34
1653,39
1654,5
1654,33
1656,36
1657,34
1657,40
1658,39
1659,33
1660,38
1661,4
1662,36
1663,18
1663,40
1664,39
1666,33
1666,37
1667,34
1667,36
1667,40
1669,35
1671,33
1671,38
1672,29
1672,36
1672,40
1673,31
1674,33
1675,37
1676,28
1676,34
1676,39
1678,9
1678,25
1678,40
1679,36
1679,38
1680,7
1680,26
1680,33
1681,4
1682,22
1683,36
1683,37
1683,39
1683,40
1684,23
1684,33
1684,34
1685,3
1686,21
1687,35
1688,15
1688,33
1688,36
1688,39
1688,40
1690,38
1691,19
1691,37
1692,24
1692,39
1693,33
1693,34
1694,6
1694,12
1694,36
1695,40
1696,1
1696,11
1697,8
1697,39
1698,30
1698,38
1699,40
1700,33
1700,35
1701,13
1701,16
1702,36
1702,39
1703,32
1703,38
1705,33
1705,40
1706,10
1706,39
1707,29
1708,20
1709,33
1709,34
1711,14
1711,38
1711,39
1711,40
1712,35
1713,36
1714,33
1714,37
1715,27
1716,39
1716,40
1718,17
1718,38
1719,4
1720,33
1721,40
1723,34
1723,36
1725,2
1725,28
1725,38
1726,33
1726,39
1727,40
1728,34
1729,5
1730,15
1730,36
1731,33
1731,40
1733,23
1734,28
1734,39
1735,7
1735,33
1736,18
1736,38
1736,40
1737,34
1738,2
1738,36
1738,37
1739,33
1739,35
1741,9
1741,29
1741,39
1741,40
1743,33
1744,30
1744,34
1745,19
1745,36
1745,38
1747,39
1748,31
1748,40
1749,21
1749,33
1750,35
1751,34
1752,24
1752,38
1753,40
1754,33
1754,36
1754,39
1758,33
1759,22
1759,34
1759,38
1760,4
1760,10
1760,39
1760,40
1763,15
1764,13
1765,33
1765,37
1766,29
1766,36
1766,38
1766,39
1767,6
1767,8
1767,34
1768,40
1770,1
1770,33
1772,36
1772,38
1773,20
1773,25
1773,34
1773,39
1774,35
1775,33
1776,7
1778,38
1779,33
1779,36
1779,40
1780,34
1781,28
1782,39
1783,19
1783,36
1783,40
1784,3
1784,34
1786,11
1786,33
1786,38
1787,40
1788,35
1789,4
1789,36
1790,5
1790,28
1790,33
1790,34
1792,40
1793,37
1793,39
1794,2
1794,21
1794,26
1794,36
1795,16
1795,29
1796,12
1796,33
1796,34
1797,17
1798,9
1798,38
1799,36
1799,40
1800,4
1800,23
1800,27
1801,31
1801,34
1802,33
1802,35
1803,39
1804,36
1805,40
1807,34
1807,38
1809,39
1810,33
1811,36
1812,32
1812,34
1813,40
1814,39
1815,34
1816,33
1817,15
1817,36
1817,38
1820,14
1820,34
1820,40
1821,39
1822,38
1824,34
1825,33
1826,37
1827,34
1828,36
1829,38
1830,34
1830,39
1831,18
1832,8
1833,33
1833,34
1833,40
1834,29
1835,7
1835,13
1837,22
1837,28
1837,34
1837,38
1838,30
1838,39
1838,40
1839,36
1840,33
1840,35
1841,34
1842,38
1842,40
1843,19
1844,17
1845,37
1847,34
1847,39
1847,40
1849,33
1851,12
1851,38
1852,34
1852,40
1853,28
1854,25
1855,35
1856,11
1856,36
1857,5
1857,24
1858,6
1858,34
1858,39
1859,3
1859,15
1859,38
1859,40
1860,4
1860,10
1860,20
1861,2
1861,37
1862,36
1863,32
1863,33
1863,34
1863,39
1864,23
1865,40
1866,8
1866,21
1866,34
1866,36
1867,38
1868,27
1869,33
1869,39
1870,1
1871,34
1871,36
1872,37
1874,33
1874,40
1875,34
1876,36
1878,39
1879,31
1879,34
1880,38
1881,36
1881,40
1882,9
1882,33
1882,35
1883,34
1883,39
1886,34
1887,29
1887,36
1888,39
1889,38
1890,33
1890,34
1890,40
1893,34
1894,38
1894,39
1896,7
1897,34
1897,36
1898,40
1900,39
1901,4
1901,29
1901,34
1902,15
1902,33
1902,38
1903,37
1905,30
1905,34
1905,39
1906,40
1908,38
1909,34
1910,14
1912,38
1913,33
1913,34
1913,39
1914,22
1914,35
1915,40
1917,17
1917,38
1918,6
1918,28
1919,13
1919,19
1919,34
1919,39
1920,36
1922,33
1922,35
1922,38
1922,40
1923,39
1924,7
1924,20
1926,11
1926,21
1926,34
1926,37
1927,5
1927,38
1927,39
1929,23
1929,24
1929,36
1930,10
1930,25
1931,12
1931,16
1931,33
1931,38
1932,29
1932,39
1933,28
1933,31
1933,36
1933,40
1935,2
1935,34
1936,1
1936,4
1936,35
1937,8
1937,38
1938,3
1939,39
1939,40
1940,36
1941,18
1941,32
1943,27
1944,33
1944,37
1945,38
1945,40
1946,34
1946,36
1946,39
1948,26
1950,40
1951,34
1952,38
1954,15
1954,39
1955,9
1956,40
1957,36
1958,29
1959,34
1960,38
1962,33
1962,35
1962,40
1964,34
1966,39
1968,33
1969,34
1969,36
1970,4
1970,40
1971,29
1972,39
1973,38
1974,33
1974,40
1976,21
1976,30
1976,34
1976,39
1979,28
1979,40
1981,34
1981,39
1982,17
1982,40
1983,20
1983,36
1983,38
1984,33
1985,11
1985,15
1985,40
1987,7
1987,28
1987,34
1988,2
1988,19
1989,39
1990,37
1990,40
1991,5
1991,34
1991,38
1992,35
1992,36
1994,33
1994,39
1994,40
1996,12
1996,23
1996,31
1997,38
1998,22
1998,29
1998,39
1998,40
1999,37
2000,33
2002,8
2003,6
2003,34
2003,36
2003,39
2003,40
2004,38
2009,34
2010,39
2011,36
2011,40
2014,33
2014,35
2014,38
2016,24
2016,39
2017,36
2018,27
2018,40
2019,25
2019,34
2020,10
2021,13
2021,16
2022,1
2022,28
2022,38
2022,39
2023,4
2023,36
2023,40
2024,7
2024,9
2024,33
2025,3
2025,14
2025,34
2026,32
2026,35
2027,38
2027,39
2028,17
2028,36
2028,40
2030,15
2030,37
2032,34
2032,40
2034,28
2034,33
2034,38
2034,39
2035,19
2037,40
2038,34
2038,36
2038,39
2039,38
2040,18
2040,21
2042,39
2042,40
2043,33
2043,38
2045,40
2046,4
2046,11
2046,15
2047,34
2048,33
2048,38
2048,40
2049,39
2050,36
2051,2
2052,34
2052,38
2053,33
2053,40
2054,35
2054,39
2057,29
2057,38
2058,33
2058,34
2058,36
2059,40
2060,39
2063,33
2063,34
2065,38
2065,39
2067,36
2068,40
2069,34
2069,39
2070,33
2071,38
2072,5
2073,29
2073,39
2074,33
2074,35
2074,37
2074,40
2075,20
2075,34
2076,36
2076,38
2078,39
2079,8
2080,4
2080,28
2080,40
2081,31
2081,33
2081,39
2082,27
2083,36
2083,38
2084,23
2084,34
2084,40
2085,7
2085,39
2086,33
2088,19
2088,38
2089,30
2089,36
2089,39
2090,9
2090,34
2090,40
2091,22
2091,37
2092,33
2093,6
2093,21
2093,38
2093,39
2094,12
2095,17
2095,34
2096,15
2096,35
2096,38
2096,39
2096,40
2097,36
2100,10
2100,24
2100,33
2100,38
2101,34
2101,39
2103,13
2103,26
2104,36
2104,38
2104,40
2105,34
2106,1
2107,39
2108,34
2109,40
2110,36
2111,38
2112,33
2112,34
2113,14
2114,36
2114,39
2114,40
2115,38
2116,34
2117,33
2118,32
2118,39
2120,40
2121,34
2121,36
2121,37
2121,38
2122,11
2122,16
2122,35
2123,33
2123,39
2125,34
2127,28
2127,38
2128,25
2128,33
2128,36
2129,34
2130,29
2130,40
2131,39
2132,7
2132,37
2132,38
2133,33
2133,34
2134,28
2134,36
2135,15
2137,4
2137,29
2137,39
2137,40
2138,30
2138,34
2138,36
2140,33
2140,38
2140,40
2141,18
2142,36
2143,34
2143,39
2144,40
2146,21
2147,33
2147,34
2148,2
2148,19
2148,20
2148,36
2149,40
2150,34
2150,38
2150,39
2151,5
2151,31
2152,9
2152,37
2153,28
2153,36
2153,40
2154,3
2154,24
2155,34
2155,38
2156,33
2157,39
2157,40
2158,36
2159,4
2161,8
2161,34
2162,6
2162,27
2162,40
2163,33
2164,17
2164,38
2165,36
2165,39
2167,23
2167,34
2167,40
2168,22
2169,33
2169,35
2170,38
2171,36
2172,39
2173,37
2174,2
2174,34
2175,33
2175,40
2176,38
2176,39
2178,13
2179,36
2180,39
2181,34
2182,38
2183,12
2183,40
2184,33
2185,36
2186,39
2187,35
2188,34
2189,40
2191,36
2191,38
2192,39
2193,40
2195,33
2197,1
2197,36
2198,40
2199,7
2199,28
2200,15
2200,33
2200,38
2201,34
2201,39
2202,11
2202,26
2203,10
2203,19
2203,36
2204,29
2204,32
2204,40
2205,5
2206,4
2206,33
2206,39
2207,34
2207,37
2208,29
2208,31
2209,20
2209,28
2209,38
2209,40
2211,21
2211,36
2212,2
2212,15
2212,16
2212,33
2212,34
2212,35
2213,40
2215,39
2216,40
2217,18
2217,25
2217,38
2219,8
2220,4
2220,33
2220,34
2220,40
2221,14
2221,30
2221,39
2223,40
2224,38
2226,17
2227,33
2227,34
2227,39
2228,6
2228,38
2228,40
2231,7
2232,37
2232,39
2232,40
2233,33
2233,38
2236,9
2237,22
2237,34
2237,40
2238,27
2239,12
2239,23
2239,38
2241,35
2241,36
2241,39
2243,24
2243,33
2244,3
2244,40
2247,34
2247,38
2249,33
2249,40
2250,36
2251,39
2253,29
2254,28
2254,38
2255,33
2255,40
2256,15
2256,39
2258,34
2260,40
2261,36
2261,39
2263,33
2264,38
2265,20
2267,39
2268,13
2268,29
2268,40
2269,19
2269,37
2269,38
2270,28
2271,33
2271,36
2272,39
2273,8
2273,11
2273,34
2274,40
2275,38
2277,31
2277,36
2278,35
2279,4
2279,39
2280,38
2281,5
2281,7
2281,33
2282,1
2282,16
2282,21
2282,34
2282,40
2283,36
2284,17
2285,10
2285,38
2285,39
2286,40
2287,15
2287,37
2289,34
2290,6
2290,33
2290,36
2290,38
2291,40
2292,30
2292,39
2295,32
2295,38
2296,40
2298,18
2298,36
2300,39
2300,40
2301,33
2301,34
2301,37
2301,38
2305,40
2306,9
2308,35
2308,38
2308,39
2309,28
2310,2
2310,14
2310,25
2311,36
2311,40
2312,27
2312,29
2313,26
2313,33
2314,12
2314,23
2315,22
2316,7
2316,34
2316,39
2316,40
2317,38
2318,2
2318,33
2319,36
2320,4
2321,3
2321,24
2321,39
2321,40
2322,34
2323,15
2323,33
2323,37
2325,36
2326,19
2327,17
2327,34
2327,38
2328,20
2328,33
2329,28
2330,40
2331,35
2331,39
2332,34
2333,36
2334,21
2334,33
2334,38
2336,7
2336,29
2336,39
2336,40
2337,34
2339,33
2341,34
2341,39
2343,36
2344,38
2345,31
2345,33
2345,34
2345,40
2346,13
2347,4
2349,39
2350,34
2350,40
2352,33
2352,36
2352,38
2356,33
2356,34
2357,8
2358,37
2358,39
2358,40
2361,33
2361,36
2361,38
2362,5
2363,34
2363,35
2363,39
2363,40
2366,33
2366,38
2368,34
2369,36
2369,39
2370,40
2372,11
2372,37
2373,33
2373,38
2375,34
2375,36
2378,9
2378,33
2378,39
2379,38
2379,40
2380,4
2381,12
2381,16
2382,1
2382,10
2383,33
2383,34
2383,36
2384,6
2384,19
2384,21
2386,3
2386,28
2386,29
2386,39
2386,40
2387,15
2387,31
2388,33
2388,34
2388,38
2389,24
2389,32
2389,36
2390,23
2390,30
2391,7
2391,18
2392,20
2392,33
2392,34
2392,40
2393,27
2393,35
2393,36
2393,37
2394,17
2395,2
2395,39
2396,34
2396,38
2397,22
2397,33
2399,40
2400,33
2401,28
2401,34
2403,36
2403,39
2405,33
2405,34
2405,40
2406,35
2407,15
2407,38
2409,13
2411,33
2412,34
2412,39
2412,40
2413,25
2413,36
2416,33
2416,34
2416,39
2417,38
2418,40
2420,15
2421,34
2421,36
2421,39
2422,33
2423,29
2423,37
2423,40
2425,8
2425,34
2426,40
2427,4
2427,33
2427,38
2427,39
2430,40
2431,34
2433,21
2433,38
2434,33
2434,36
2434,40
2436,14
2436,39
2437,38
2437,40
2440,33
2440,34
2440,40
2441,6
2442,5
2442,39
2443,35
2443,38
2444,33
2444,40
2447,34
2447,37
2449,4
2449,9
2449,29
2449,33
2449,38
2449,39
2450,40
2452,36
2453,30
2454,33
2454,40
2455,19
2455,34
2455,38
2455,39
2457,28
2458,20
2458,40
2459,38
2460,7
2462,11
2462,33
2462,34
2462,39
2462,40
2463,10
2463,12
2463,15
2463,37
2464,38
2465,36
2466,32
2466,35
2466,39
2466,40
2467,17
2467,31
2468,26
2469,38
2469,40
2470,34
2471,18
2471,24
2472,33
2472,39
2472,40
2474,1
2474,2
2474,8
2474,36
2475,38
2476,34
2476,40
2477,23
2477,33
2478,39
2480,40
2481,27
2481,34
2482,2
2482,38
2483,33
2484,22
2484,29
2484,39
2484,40
2487,33
2487,34
2487,36
2488,37
2489,38
2489,40
2491,33
2491,39
2493,35
2493,40
2494,13
2494,21
2496,16
2496,33
2496,38
2497,39
2498,25
2498,34
2498,40
2499,15
2500,36
2501,3
2502,29
2502,38
2503,4
2503,28
2503,40
2504,33
2504,39
2505,34
2506,7
2507,38
2509,34
2510,33
2510,39
2511,40
2512,38
2514,5
2514,34
2515,40
2516,33
2516,36
2516,39
2518,38
2519,19
2519,34
2520,39
2520,40
2521,37
2522,28
2522,33
2523,35
2524,11
2524,34
2525,20
2525,38
2526,36
2526,39
2526,40
2527,9
2530,37
2531,33
2532,8
2532,34
2532,38
2532,39
2533,6
2533,29
2534,40
2535,30
2537,33
2538,34
2538,38
2539,36
2539,39
2540,23
2540,40
2543,39
2545,35
2546,38
2547,14
2547,33
2547,34
2547,40
2549,15
2549,39
2550,36
2551,17
2552,12
2552,38
2553,21
2553,24
2553,39
2554,32
2554,34
2554,35
2555,31
2555,36
2555,40
2556,27
2556,37
2557,10
2557,39
2558,19
2558,33
2560,1
2560,38
2561,2
2561,36
2562,5
2562,33
2562,39
2563,22
2563,40
2564,7
2564,18
2564,34
2566,35
2566,37
2566,38
2567,29
2567,36
2568,28
2568,33
2568,39
2568,40
2569,26
2569,34
2570,4
2571,2
2572,36
2572,38
2573,3
2573,13
2573,34
2574,39
2574,40
2578,38
2578,39
2579,34
2580,36
2581,40
2582,33
2582,39
2584,16
2584,34
2584,38
2586,40
2588,39
2589,34
2591,15
2591,33
2591,38
2592,36
2595,25
2595,39
2595,40
2596,36
2596,38
2597,4
2597,33
2597,34
2598,37
2600,8
2600,39
2601,38
2601,40
2602,34
2602,35
2603,36
2605,39
2606,38
2607,28
2608,33
2608,40
2609,6
2609,36
2610,34
2610,38
2611,39
2613,11
2613,21
2613,28
2614,19
2614,23
2614,40
2615,9
2615,33
2616,7
2616,12
2616,36
2616,37
2616,38
2617,34
2617,39
2618,17
2618,20
2618,35
2618,40
2619,10
2619,30
2619,31
2620,38
2621,40
2622,28
2622,33
2623,5
2623,36
2624,12
2624,24
2624,27
2624,39
2625,38
2626,4
2626,29
2626,40
2627,22
2627,33
2627,34
2628,36
2629,38
2630,1
2630,37
2630,40
2631,2
2633,4
2633,32
2633,39
2634,38
2635,14
2635,15
2635,28
2635,34
2635,40
2636,33
2639,18
2639,38
2640,40
2641,39
2642,33
2642,36
2643,34
2645,38
2647,40
2648,13
2648,33
2649,39
2652,28
2653,33
2653,38
2654,34
2654,40
2655,3
2657,35
2659,36
2659,38
2659,39
2659,40
2660,33
2660,37
2661,20
2662,21
2664,25
2664,39
2665,19
2666,38
2666,40
2667,33
2669,7
2669,34
2670,8
2670,9
2670,36
2671,6
2671,29
2671,33
2671,35
2671,38
2671,39
2671,40
2672,4
2675,31
2675,40
2676,23
2676,33
2676,34
2676,39
2677,38
2681,30
2681,33
2681,39
2682,36
2682,40
2685,38
2686,35
2686,37
2687,11
2687,33
2687,39
2688,15
2688,40
2689,29
2691,34
2692,33
2692,38
2692,39
2693,40
2694,17
2696,29
2696,36
2697,33
2698,37
2698,39
2698,40
2699,34
2701,33
2701,38
2705,27
2706,22
2706,33
2706,39
2706,40
2707,36
2708,2
2708,16
2708,38
2709,28
2710,33
2710,34
2711,35
2712,15
2712,38
2714,24
2714,33
2716,40
2717,13
2717,36
2717,38
2717,39
2718,19
2718,26
2718,28
2719,33
2720,1
2720,35
2721,5
2721,34
2722,39
2723,10
2723,33
2723,37
2723,38
2724,18
2725,28
2725,36
2726,40
2727,29
2727,33
2728,7
2728,32
2728,35
2729,38
2729,39
2731,40
2732,12
2732,33
2733,21
2733,34
2733,36
2734,6
2734,38
2734,39
2736,29
2737,34
2737,40
2738,8
2738,31
2739,4
2739,33
2739,39
2740,38
2741,40
2742,34
2743,33
2744,40
2745,2
2745,25
2745,38
2747,15
2747,30
2747,34
2747,39
2748,40
2749,33
2750,3
2751,14
2751,38
2752,20
2752,34
2752,40
2755,37
2755,39
2756,23
2756,35
2756,40
2757,33
2757,36
2759,9
2759,34
2759,38
2760,40
2763,17
2763,22
2763,33
2764,39
2765,34
2765,38
2765,40
2768,35
2770,40
2771,4
2771,33
2771,34
2771,39
2774,40
2775,37
2776,38
2777,27
2778,33
2778,40
2779,11
2780,34
2780,39
2781,36
2782,10
2782,38
2782,40
2785,29
2785,39
2786,34
2786,38
2787,40
2790,33
2790,36
2791,38
2791,39
2792,1
2793,7
2793,40
2794,19
2794,21
2794,33
2794,34
2795,5
2797,13
2797,15
2797,36
2797,37
2797,39
2798,34
2798,38
2800,28
2800,33
2801,4
2801,24
2801,40
2802,31
2802,36
2802,39
2804,34
2804,35
2805,25
2805,38
2805,40
2806,20
2806,33
2806,39
2807,7
2807,36
2809,8
2809,39
2811,33
2811,34
2812,12
2812,36
2812,40
2813,38
2813,39
2814,2
2815,18
2815,37
2816,16
2816,40
2818,33
2818,34
2818,39
2819,36
2820,35
2820,40
2822,32
2822,38
2824,39
2825,40
2826,34
2826,36
2827,29
2830,33
2830,38
2830,40
2831,23
2831,39
2832,36
2833,28
2834,34
2835,40
2836,6
2837,9
2837,29
2837,36
2837,38
2837,39
2838,26
2838,33
2839,15
2841,17
2841,30
2841,34
2841,40
2842,33
2842,38
2843,27
2843,39
2844,19
2844,36
2845,40
2846,7
2847,33
2847,34
2848,38
2849,37
2850,39
2851,40
2852,11
2852,36
2853,33
2853,35
2853,38
2854,39
2856,34
2857,22
2858,21
2859,33
2859,38
2859,39
2859,40
2860,36
2862,34
2863,33
2863,38
2865,28
2865,39
2866,15
2866,40
2867,4
2867,37
2868,3
2868,33
2868,38
2869,10
2870,39
2870,40
2871,13
2872,32
2873,31
2873,36
2874,25
2874,40
2875,34
2876,4
2876,8
2876,33
2876,38
2878,2
2878,39
2879,40
2881,34
2881,38
2882,29
2883,5
2883,37
2884,33
2884,40
2885,12
2886,39
2887,34
2887,38
2888,40
2890,14
2890,36
2891,1
2891,35
2892,39
2893,40
2894,33
2894,34
2894,38
2897,16
2897,20
2898,17
2898,28
2898,39
2898,40
2899,37
2901,7
2901,33
2901,34
2901,38
2902,9
2903,24
2903,27
2903,40
2904,35
2904,39
2906,30
2906,34
2906,36
2908,18
2908,38
2909,33
2909,40
2910,21
2910,23
2912,34
2912,39
2913,38
2914,33
2917,40
2918,19
2919,34
2919,38
2920,36
2920,37
2921,31
2921,33
2922,39
2924,4
2924,28
2924,40
2925,34
2925,38
2926,15
2927,29
2927,33
2929,11
2930,36
2931,35
2931,37
2931,39
2931,40
2933,33
2934,5
2934,38
2935,34
2936,40
2938,3
2939,22
2939,28
2939,39
2940,26
2940,33
2940,34
2941,36
2941,40
2942,6
2943,37
2943,38
2944,2
2944,12
2945,20
2946,15
2946,19
2946,36
2946,40
2947,4
2948,34
2948,39
2949,33
2950,8
2950,36
2952,34
2952,38
2952,40
2955,9
2955,36
2956,25
2956,39
2957,2
2957,28
2957,33
2957,34
2960,7
2960,34
2960,36
2960,38
2961,23
2961,24
2961,35
2961,40
2962,13
2963,33
2963,39
2965,10
2965,17
2965,36
2965,40
2968,1
2968,34
2968,40
2970,32
2970,33
2970,35
2970,36
2970,38
2970,39
2973,40
2974,21
2974,36
2976,15
2976,28
2976,34
2977,33
2978,14
2978,36
2978,39
2978,40
2979,38
2980,37
2983,33
2983,36
2984,34
2984,40
2985,35
2988,16
2988,33
2988,38
2989,36
2990,39
2990,40
2993,29
2993,31
2994,34
2995,33
2995,38
2996,40
2997,36
2998,4
2998,7
2999,27
2999,33
2999,39
3000,29
3000,37
3001,40
3002,30
3003,33
3004,5
3004,18
3004,36
3005,38
3007,34
3007,40
3008,33
3008,39
3009,4
3009,35
3010,29
3011,36
3011,38
3013,6
3013,33
3013,40
3014,39
3015,12
3017,40
3018,22
3018,34
3018,38
3019,19
3019,36
3020,28
3020,33
3021,11
3021,39
3022,26
3022,29
3022,40
3023,8
3023,15
3024,34
3024,37
3025,33
3025,35
3027,21
3027,38
3027,39
3028,40
3029,17
3029,20
3030,9
3032,32
3032,33
3032,34
3033,2
3033,36
3033,38
3033,39
3034,10
3035,40
3038,7
3039,34
3040,37
3041,3
3041,13
3041,28
3041,39
3043,36
3043,38
3044,4
3044,25
3044,33
3044,34
3044,40
3046,39
3047,23
3048,29
3048,40
3049,33
3049,34
3049,38
3051,36
3051,39
3053,1
3053,40
3055,33
3055,38
3056,34
3058,39
3060,31
3060,40
3061,15
3062,19
3062,24
3063,16
3063,27
3063,33
3063,34
3063,37
3064,35
3064,38
3065,5
3065,40
3066,36
3067,39
3068,18
3070,30
3070,33
3070,34
3071,39
3071,40
3074,38
3076,39
3076,40
3077,21
3077,36
3079,12
3079,33
3079,40
3080,34
3081,39
3082,38
3083,40
3084,6
3085,33
3086,34
3086,36
3086,39
3087,8
3088,40
3089,4
3089,29
3089,38
3091,33
3091,34
3091,37
3091,39
3092,36
3092,40
3095,33
3095,34
3095,39
3096,22
3096,36
3097,15
3098,35
3098,38
3099,11
3099,17
3099,33
3099,34
3099,39
3100,40
3101,9
3102,36
3103,2
3103,38
3103,39
3104,7
3104,33
3104,34
3105,40
3106,28
3106,37
3107,36
3108,39
3109,10
3109,40
3110,34
3110,38
3111,33
3112,39
3113,35
3114,23
3114,36
3114,40
3116,33
3116,34
3117,28
3118,32
3118,39
3119,36
3119,38
3120,20
3120,35
3120,40
3121,33
3123,4
3123,34
3123,37
3124,19
3126,40
3127,21
3127,33
3127,36
3127,39
3128,38
3129,5
3129,7
3130,29
3130,31
3130,34
3131,14
3131,15
3132,28
3132,33
3132,40
3133,36
3133,39
3134,13
3135,38
3136,3
3136,34
3138,25
3138,36
3138,39
3138,40
3139,26
3140,1
3141,33
3141,38
3143,22
3144,12
3144,34
3144,40
3145,2
3145,39
3147,36
3148,17
3148,30
3148,34
3149,27
3149,33
3149,38
3150,6
3150,40
3152,24
3153,34
3153,36
3153,39
3154,38
3155,18
3156,19
3156,35
3157,8
3157,37
3158,36
3158,40
3160,39
3161,33
3161,38
3162,34
3165,39
3166,38
3166,40
3167,4
3167,9
3168,36
3170,34
3170,40
3171,37
3171,39
3173,38
3174,33
3176,34
3176,40
3178,39
3179,11
3179,29
3179,36
3180,34
3181,33
3181,38
3181,40
3182,23
3183,15
3184,20
3184,21
3185,33
3185,39
3186,16
3186,34
3187,4
3187,29
3187,35
3187,38
3187,40
3188,28
3188,36
3190,33
3190,39
3191,40
3192,7
3192,34
3193,33
3194,36
3194,38
3194,39
3196,37
3197,33
3198,40
3201,34
3201,35
3201,39
3201,40
3202,33
3204,36
3204,38
3205,40
3206,31
3206,33
3206,39
3207,5
3210,33
3210,40
3211,28
3211,34
3211,36
3212,39
3213,10
3214,38
3214,40
3216,8
3217,33
3217,35
3217,36
3217,40
3218,22
3218,39
3221,13
3221,40
3222,3
3222,19
3222,38
3223,25
3223,33
3223,34
3223,36
3224,6
3225,15
3225,37
3225,39
3225,40
3226,7
3228,17
3228,34
3229,30
3229,38
3229,40
3230,36
3230,39
3231,9
3231,32
3231,33
3232,12
3232,34
3233,20
3233,40
3234,2
3234,35
3235,21
3235,38
3237,14
3237,28
3237,34
3238,36
3238,39
3238,40
3239,27
3240,24
3241,34
3241,38
3242,18
3243,1
3244,35
3244,36
3244,40
3245,11
3245,34
3246,33
3246,37
3248,34
3249,39
3250,4
3250,36
3250,40
3252,34
3254,39
3256,34
3256,40
3257,35
3257,38
3258,39
3259,23
3259,33
3259,36
3261,40
3262,34
3262,39
3265,33
3266,38
3266,39
3267,19
3267,37
3267,40
3269,34
3270,33
3271,39
3272,7
3273,29
3273,40
3274,33
3275,31
3275,34
3275,39
3276,15
3277,5
3277,38
3278,36
3278,40
3279,33
3279,37
3280,4
3280,39
3281,9
3281,16
3281,27
3282,10
3282,29
3282,30
3283,34
3283,38
3283,40
3284,13
3284,39
3285,21
3286,33
3288,1
3288,6
3288,26
3289,38
3289,39
3290,25
3290,36
3290,40
3291,33
3293,15
3293,28
3293,38
3294,8
3294,22
3294,37
3295,17
3295,29
3295,39
3297,33
3297,34
3298,38
3298,40
3299,32
3300,39
3301,24
3302,19
3303,12
3304,36
3304,38
3305,33
3305,40
3306,7
3306,35
3306,39
3307,11
3309,38
3310,33
3311,3
3311,39
3312,36
3314,34
3314,38
3315,29
3315,33
3316,20
3316,39
3317,40
3319,38
3320,33
3320,34
3322,37
3322,39
3324,28
3324,38
3324,40
3325,33
3326,34
3329,33
3329,38
3330,36
3330,40
3331,39
3332,23
3332,34
3333,4
3333,33
3334,28
3334,36
3335,38
3335,40
3336,2
3336,35
3337,39
3338,33
3339,34
3341,36
3342,40
3343,33
3343,39
3344,38
3347,33
3348,8
3348,12
3348,39
3349,34
3349,38
3349,40
3350,33
3350,35
3351,5
3352,36
3352,39
3353,31
3354,14
3354,33
3354,38
3354,40
3355,18
3356,21
3356,39
3357,33
3357,36
3358,15
3358,40
3359,9
3359,29
3359,38
3360,33
3360,34
3360,39
3363,17
3364,10
3364,20
3364,33
3364,34
3365,36
3365,38
3365,40
3366,37
3366,39
3367,7
3367,27
3368,33
3369,35
3369,39
3370,19
3371,22
3371,34
3371,40
3372,13
3373,1
3373,33
3373,36
3373,38
3374,39
3375,25
3375,30
3376,28
3376,40
3377,6
3377,34
3377,35
3377,37
3378,33
3378,39
3379,4
3379,38
3379,40
3381,24
3381,36
3382,40
3383,33
3383,38
3383,39
3385,11
3386,37
3387,33
3387,39
3387,40
3388,2
3388,34
3388,38
3389,36
3390,39
3393,33
3393,40
3394,34
3394,36
3394,38
3394,39
3396,33
3398,39
3399,34
3399,36
3400,28
3400,38
3400,40
3401,33
3402,37
3402,39
3405,33
3405,36
3405,40
3406,34
3407,38
3408,35
3408,39
3409,33
3409,40
3410,8
3412,38
3413,36
3414,15
3414,28
3414,33
3414,39
3414,40
3416,34
3416,35
3417,26
3417,38
3418,29
3418,37
3419,36
3420,7
3420,19
3420,33
3420,40
3421,34
3422,4
3422,5
3422,39
3423,21
3424,17
3425,23
3425,31
3425,33
3425,38
3426,12
3426,16
3426,34
3426,40
3427,28
3427,36
3427,39
3428,9
3428,32
3429,18
3429,29
3429,34
3430,10
3430,30
3430,38
3431,2
3431,3
3431,35
3432,33
3433,6
3433,36
3433,40
3434,34
3436,4
3436,20
3436,38
3436,39
3438,40
3440,33
3441,38
3442,34
3442,37
3443,39
3443,40
3444,29
3446,36
3447,15
3447,27
3447,33
3447,40
3448,1
3448,14
3448,34
3448,38
3449,39
3451,40
3453,34
3454,38
3455,33
3455,40
3456,22
3457,28
3458,15
3458,34
3458,39
3460,29
3460,36
3460,38
3460,40
3462,13
3462,25
3464,38
3464,40
3466,3
3466,7
3466,11
3467,34
3467,35
3468,33
3468,40
3470,38
3471,36
3472,2
3472,12
3472,19
3472,39
3472,40
3473,17
3473,29
3475,5
3475,8
3475,34
3475,40
3476,33
3476,36
3476,37
3476,38
3477,23
3478,31
3479,39
3479,40
3480,38
3481,24
3481,36
3482,34
3483,21
3483,28
3483,33
3483,40
3485,38
3486,36
3489,34
3489,38
3489,40
3490,39
3493,38
3494,33
3495,34
3495,40
3496,39
3497,36
3498,38
3501,40
3502,33
3502,34
3504,38
3505,16
3506,4
3506,39
3506,40
3507,37
3508,36
3509,33
3509,34
3509,38
3510,39
3513,35
3514,38
3515,39
3515,40
3518,33
3520,38
3521,27
3521,36
3521,39
3522,32
3523,19
3523,29
3523,37
3524,33
3524,35
3524,40
3525,7
3525,9
3525,12
3525,30
3525,39
3526,10
3526,22
3526,34
3527,15
3528,1
3528,36
3528,38
3528,39
3529,6
3529,21
3530,5
3530,13
3530,20
3531,28
3531,34
3532,18
3532,37
3532,39
3532,40
3533,4
3533,8
3533,31
3533,36
3534,14
3534,33
3535,38
3535,40
3536,11
3536,26
3537,24
3537,34
3537,35
3538,36
3538,39
3539,17
3539,23
3539,25
3540,2
3540,40
3541,33
3541,37
3542,34
3543,36
3543,39
3544,38
3546,40
3547,15
3549,34
3551,33
3551,36
3551,39
3551,40
3553,38
3555,34
3556,39
3558,40
3559,36
3561,39
3562,33
3563,38
3563,40
3564,34
3565,28
3566,40
3567,37
3568,34
3568,39
3569,29
3570,40
3571,33
3573,34
3574,4
3574,28
3574,36
3574,38
3574,40
3576,7
3577,39
3579,40
3580,33
3581,34
3581,35
3582,39
3583,38
3584,40
3585,36
3586,34
3587,30
3588,9
3588,38
3588,39
3589,40
3591,29
3593,21
3593,37
3593,38
3594,15
3594,33
3594,34
3595,39
3596,1
3596,6
3598,19
3598,36
3598,38
3599,12
3599,40
3600,3
3600,32
3601,5
3601,33
3602,17
3603,20
3603,28
3603,34
3604,2
3604,11
3604,38
3604,39
3605,4
3605,8
3605,26
3605,36
3606,35
3606,40
3607,10
3607,27
3608,7
3608,22
3608,23
3608,29
3608,33
3608,37
3609,16
3609,39
3610,24
3611,34
3612,4
3612,36
3613,13
3613,33
3613,40
3614,31
3614,38
3615,35
3616,25
3618,37
3618,39
3620,40
3622,34
3623,33
3624,14
3625,40
3626,36
3626,38
3626,39
3629,28
3629,40
3632,34
3632,37
3633,33
3634,15
3634,18
3634,40
3637,38
3637,39
3638,33
3638,36
3639,40
3642,34
3642,39
3643,35
3645,33
3645,38
3645,40
3647,39
3648,29
3648,36
3650,33
3651,34
3651,40
3653,38
3653,39
3656,30
3657,40
3658,33
3659,34
3659,37
3661,19
3661,39
3662,5
3662,21
3662,40
3663,9
3663,38
3665,10
3665,34
3666,31
3666,35
3666,36
3666,39
3667,28
3667,33
3668,38
3668,40
3669,17
3669,29
3670,6
3670,32
3672,33
3672,40
3673,2
3673,20
3673,34
3673,36
3673,37
3673,39
3674,8
3674,38
3675,1
3676,7
3676,24
3678,23
3678,39
3678,40
3679,4
3679,27
3680,22
3680,34
3680,36
3681,33
3682,13
3682,37
3682,39
3682,40
3683,38
3684,15
3684,28
3685,18
3685,35
3686,11
3686,33
3687,34
3687,36
3687,40
3688,12
3688,38
3688,39
3690,40
3692,19
3693,16
3694,34
3694,38
3694,40
3696,25
3696,33
3698,7
3698,29
3698,36
3698,37
3698,39
3699,40
3700,3
3700,33
3701,34
3702,38
3704,39
3705,40
3708,33
3709,40
3711,34
3711,37
3711,38
3711,39
3712,36
3714,35
3714,40
3717,15
3718,4
3718,38
3718,40
3719,21
3720,33
3720,36
3721,34
3721,39
3721,40
3722,20
3724,38
3725,40
3727,33
3727,39
3730,34
3730,36
3731,40
3733,28
3733,38
3734,2
3736,33
3736,40
3738,22
3738,34
3738,39
3740,26
3740,29
3740,36
3740,37
3743,38
3743,40
3744,6
3744,8
3745,9
3745,34
3746,19
3746,33
3747,12
3747,30
3747,31
3747,36
3747,39
3748,28
3749,5
3749,40
3751,7
3751,38
3752,35
3753,4
3753,33
3753,36
3754,14
3756,34
3756,37
3756,39
3756,40
3757,17
3758,33
3759,23
3759,35
3759,36
3759,40
3760,27
3761,38
3761,39
3762,10
3762,32
3762,34
3764,33
3764,40
3765,36
3765,39
3768,13
3768,34
3770,15
3770,39
3770,40
3771,24
3772,18
3774,11
3774,35
3774,36
3774,38
3775,33
3775,34
3775,39
3775,40
3776,20
3778,29
3779,38
3779,39
3780,1
3780,33
3780,36
3780,37
3781,21
3782,19
3783,28
3784,39
3784,40
3786,25
3786,33
3786,34
3786,36
3788,38
3789,39
3790,40
3791,33
3793,15
3794,2
3794,34
3794,36
3794,39
3797,38
3798,33
3798,34
3798,39
3799,36
3799,40
3801,39
3803,34
3804,36
3805,4
3805,39
3806,33
3806,38
3807,34
3808,36
3809,7
3809,39
3809,40
3811,33
3812,29
3812,34
3812,36
3813,39
3814,40
3815,37
3816,35
3817,34
3817,36
3817,39
3818,33
3818,40
3819,5
3821,9
3821,34
3823,39
3824,4
3824,28
3824,33
3824,36
3825,35
3825,38
3825,40
3826,8
3826,16
3826,31
3826,34
3827,22
3827,39
3828,14
3829,21
3829,36
3830,34
3830,40
3831,6
3831,17
3831,39
3832,33
3832,37
3832,38
3833,15
3834,2
3834,12
3834,23
3835,39
3835,40
3836,1
3836,3
3836,34
3836,35
3836,36
3837,19
3837,30
3839,38
3840,39
3841,28
3841,36
3841,40
3842,20
3843,27
3844,33
3846,24
3846,37
3846,38
3847,11
3847,34
3847,36
3847,39
3848,7
3848,40
3849,18
3849,32
3851,4
3851,35
3852,33
3852,34
3852,36
3852,38
3852,39
3852,40
3854,10
3857,29
3857,40
3858,34
3858,36
3859,13
3859,39
3861,34
3862,38
3862,40
3864,36
3865,29
3865,37
3865,39
3867,33
3867,34
3868,40
3870,36
3871,28
3871,38
3872,34
3873,33
3873,39
3873,40
3878,34
3880,9
3880,38
3880,40
3881,36
3882,35
3883,15
3883,39
3885,34
3887,25
3887,33
3887,36
3890,38
3890,40
3891,12
3891,34
3893,2
3893,33
3893,39
3894,8
3894,28
3895,26
3896,34
3896,36
3896,40
3897,5
3899,17
3900,34
3900,40
3901,21
3901,23
3901,29
3901,39
3902,33
3903,4
3903,37
3905,40
3906,1
3906,30
3906,34
3906,35
3906,39
3908,2
3908,36
3908,38
3910,40
3911,6
3911,14
3911,34
3913,22
3914,4
3914,27
3914,33
3914,34
3914,39
3915,7
3915,40
3916,19
3916,28
3916,31
3916,36
3916,38
3917,15
3917,34
3918,16
3918,20
3918,37
3919,35
3919,39
3919,40
3920,33
3921,34
3922,11
3923,28
3924,38
3925,4
3925,40
3926,34
3927,36
3927,39
3929,32
3929,40
3930,33
3931,38
3932,34
3933,36
3933,40
3935,13
3936,39
3937,33
3937,40
3939,34
3939,36
3940,29
3941,3
3941,35
3941,40
3943,17
3943,18
3943,38
3945,39
3945,40
3946,33
3946,34
3950,39
3951,10
3951,38
3951,40
3952,34
3952,36
3953,24
3954,37
3954,40
3955,39
3956,33
3957,8
3957,9
3958,34
3958,36
3958,40
3959,38
3960,6
3961,21
3962,39
3963,15
3963,40
3964,19
3964,38
3967,31
3967,34
3968,7
3968,39
3970,33
3970,40
3971,34
3972,38
3973,30
3973,32
3973,37
3975,25
3975,36
3976,39
3976,40
3977,12
3977,33
3977,34
3978,38
3979,40
3981,4
3982,5
3982,36
3982,39
3983,40
3984,1
3984,33
3985,23
3985,28
3985,34
3986,22
3986,35
3987,39
3988,36
3988,38
3988,40
3989,34
3990,37
3993,39
3993,40
3995,34
3997,2
3998,11
3999,38
3999,40
4001,29
4001,33
4001,34
4002,20
4002,27
4002,35
4002,36
4002,39
4003,40
4006,38
4007,40
4008,37
4009,39
4010,34
4011,40
4013,29
4013,33
4014,38
4015,34
4016,40
4017,35
4020,15
4020,38
4021,39
4022,13
4022,34
4022,40
4023,18
4023,33
4024,8
4024,14
4026,7
4026,36
4026,37
4026,38
4027,17
4027,19
4027,33
4027,39
4028,16
4028,40
4030,34
4030,35
4031,10
4031,28
4031,38
4032,4
4032,21
4032,25
4032,33
4034,26
4034,39
4034,40
4035,9
4035,23
4036,5
4036,31
4036,33
4036,36
4036,38
4037,15
4037,24
4038,2
4038,3
4038,4
4038,30
4038,40
4040,6
4040,33
4040,34
4041,12
4041,37
4041,38
4041,39
4042,20
4042,40
4043,36
4045,33
4046,38
4048,32
4048,36
4048,40
4050,39
4051,33
4052,38
4052,40
4053,28
4053,29
4053,34
4053,36
4055,7
4057,33
4057,38
4057,40
4058,36
4058,39
4059,34
4060,22
4063,2
4063,38
4063,40
4064,1
4064,36
4065,33
4065,34
4066,37
4066,39
4067,40
4069,36
4069,38
4070,17
4070,39
4072,21
4072,40
4073,27
4073,33
4075,34
4075,38
4075,39
4077,15
4077,36
4077,40
4078,11
4080,29
4080,33
4080,34
4081,39
4082,38
4083,40
4084,35
4085,34
4085,39
4086,33
4088,36
4088,38
4089,19
4090,40
4091,33
4091,34
4091,39
4094,36
4094,37
4096,38
4096,39
4097,8
4098,33
4098,34
4098,40
4099,4
4099,5
4102,31
4102,34
4102,38
4102,39
4103,36
4104,33
4104,35
4105,4
4106,28
4106,40
4107,38
4108,34
4109,36
4110,13
4111,39
4112,23
4112,33
4112,34
4113,40
4114,7
4114,35
4114,36
4114,38
4116,39
4117,9
4117,20
4119,36
4119,38
4120,33
4120,34
4121,28
4121,37
4121,40
4122,22
4124,34
4124,36
4124,38
4125,39
4126,15
4126,40
4128,33
4129,24
4129,34
4130,30
4131,12
4131,17
4131,18
4131,36
4131,38
4132,40
4133,19
4134,2
4134,21
4134,28
4134,34
4136,11
4136,32
4136,33
4136,38
4137,29
4138,36
4138,37
4138,39
4139,7
4139,10
4139,34
4139,35
4140,3
4141,38
4142,16
4143,33
4144,6
4144,27
4144,39
4145,34
4145,36
4145,37
4146,25
4146,38
4147,40
4150,34
4152,8
4152,39
4153,14
4153,40
4154,38
4156,33
4158,29
4158,34
4158,40
4159,35
4161,33
4161,39
4163,4
4164,38
4164,40
4165,15
4166,33
4166,34
4167,1
4168,37
4168,39
4169,36
4170,26
4171,28
4171,33
4171,34
4172,40
4173,5
4174,38
4175,34
4175,39
4176,33
4177,35
4178,31
4179,39
4180,28
4180,40
4181,34
4181,38
4182,33
4183,13
4184,29
4185,9
4185,36
4185,39
4186,40
4187,33
4187,34
4190,38
4190,39
4190,40
4191,20
4192,2
4192,37
4193,35
4195,34
4195,38
4195,40
4196,18
4196,33
4197,39
4199,22
4200,40
4201,38
4202,34
4203,4
4203,33
4204,30
4205,21
4205,37
4205,38
4205,40
4206,15
4206,34
4208,33
4208,39
4209,19
4210,7
4210,24
4210,38
4212,10
4212,12
4212,34
4212,40
4213,17
4213,33
4214,32
4214,36
4214,39
4215,11
4215,23
4215,38
4216,34
4216,35
4217,33
4218,40
4219,29
4221,2
4221,34
4221,39
4222,40
4223,6
4223,33
4223,38
4225,36
4226,39
4226,40
4227,34
4227,37
4228,27
4231,33
4232,8
4232,34
4232,38
4233,40
4235,3
4235,25
4236,14
4236,36
4237,34
4237,39
4238,28
4238,33
4239,40
4240,38
4241,34
4242,7
4242,15
4243,35
4244,36
4247,34
4247,40
4248,13
4248,33
4249,37
4251,38
4251,39
4252,4
4252,28
4252,34
4252,36
4254,5
4254,33
4256,34
4256,38
4257,21
4257,36
4258,9
4258,16
4258,40
4259,20
4259,39
4260,31
4261,1
4261,34
4262,37
4262,38
4262,40
4263,19
4263,36
4264,33
4264,35
4266,34
4267,40
4268,38
4269,28
4269,39
4271,33
4272,36
4272,40
4273,34
4274,37
4275,29
4275,38
4277,40
4278,22
4278,33
4278,34
4278,39
4280,8
4280,17
4280,30
4281,11
4281,36
4282,12
4282,40
4283,34
4284,18
4284,33
4284,35
4285,24
4285,36
4285,37
4285,38
4286,23
4287,40
4289,39
4290,33
4290,34
4291,2
4292,4
4292,40
4293,6
4293,29
4293,38
4294,34
4294,36
4294,39
4295,5
4296,40
4297,15
4300,26
4300,33
4300,40
4301,34
4303,36
4303,38
4303,39
4304,10
4304,37
4305,40
4306,34
4307,19
4308,39
4309,7
4309,35
4310,32
4310,36
4310,40
4311,34
4313,9
4313,33
4313,39
4315,40
4317,27
4317,38
4318,25
4318,39
4319,34
4319,36
4322,40
4323,38
4323,39
4324,21
4324,33
4324,34
4328,29
4328,34
4328,38
4328,39
4329,15
4329,40
4330,31
4332,1
4333,34
4334,14
4334,38
4334,40
4336,39
4337,29
4337,33
4338,28
4339,4
4339,34
4339,38
4339,40
4340,30
4341,13
4342,36
4342,37
4342,40
4344,7
4345,17
4345,39
4346,18
4346,20
4346,38
4347,34
4347,40
4348,28
4348,33
4349,35
4350,22
4350,37
4350,39
4351,23
4352,8
4352,36
4353,33
4353,34
4353,40
4354,2
4355,38
4355,39
4357,5
4358,40
4359,3
4359,33
4360,24
4360,34
4361,6
4361,38
4362,37
4362,39
4363,19
4363,35
4364,11
4366,40
4367,33
4368,36
4370,38
4370,39
4371,12
4371,29
4372,4
4372,34
4372,40
4373,10
4374,16
4375,33
4375,39
4377,34
4377,40
4378,15
4378,28
4379,37
4380,33
4382,7
4382,36
4382,38
4384,35
4384,40
4385,33
4385,34
4385,39
4388,37
4389,38
4390,9
4390,33
4390,40
4392,25
4393,38
4395,33
4397,21
4397,40
4398,34
4398,38
4398,39
4400,33
4400,36
4401,40
4402,13
4403,33
4405,39
4405,40
4406,31
4406,36
4407,33
4407,38
4408,2
4408,34
4410,39
4410,40
4412,37
4412,38
4413,33
4414,34
4414,40
4415,32
4416,36
4416,39
4418,19
4418,40
4419,34
4420,27
4420,33
4420,38
4421,12
4421,39
4422,5
4422,35
4423,29
4423,40
4424,36
4425,22
4426,1
4426,28
4426,33
4427,4
4427,8
4427,17
4427,20
4427,34
4428,26
4428,38
4428,40
4429,3
4429,23
4429,36
4429,39
4430,15
4430,28
4431,35
4431,37
4432,2
4432,6
4432,11
4432,33
4433,7
4433,34
4433,39
4433,40
4434,30
4434,36
4435,21
4436,18
4436,38
4436,40
4438,33
4438,34
4438,39
4439,24
4439,40
4441,15
4441,38
4443,35
4444,34
4444,36
4444,40
4445,14
4445,33
4445,39
4447,38
4448,40
4450,34
4451,39
4452,40
4453,33
4453,38
4457,39
4457,40
4458,38
4459,33
4459,34
4460,9
4461,40
4463,33
4463,34
4463,38
4464,36
4464,39
4465,16
4466,29
4466,40
4468,33
4468,34
4469,37
4469,38
4471,4
4471,25
4473,39
4474,33
4474,38
4474,40
4475,34
4475,36
4476,15
4478,38
4478,39
4479,33
4480,8
4481,7
4481,34
4481,36
4481,40
4482,19
4483,38
4483,39
4484,33
4485,40
4486,31
4487,37
4488,34
4488,36
4488,39
4490,10
4490,33
4490,35
4490,38
4491,27
4492,40
4494,39
4495,29
4495,34
4495,36
4496,17
4496,28
4496,33
4496,40
4498,6
4498,39
4499,1
4499,34
4499,36
4499,38
4500,5
4500,33
4500,40
4502,28
4503,4
4503,13
4503,39
4504,11
4504,33
4504,40
4505,36
4505,38
4506,23
4506,37
4507,21
4507,34
4508,39
4508,40
4509,29
4509,33
4509,35
4510,2
4510,30
4510,38
4512,3
4512,36
4514,18
4514,22
4514,33
4514,39
4514,40
4515,24
4515,38
4517,12
4517,25
4517,34
4518,33
4519,20
4519,36
4519,39
4519,40
4520,35
4521,32
4521,37
4522,38
4524,40
4525,33
4525,39
4527,34
4527,38
4529,19
4529,36
4530,40
4531,28
4532,34
4532,39
4533,9
4533,33
4533,38
4537,40
4538,33
4538,34
4539,36
4539,38
4540,39
4541,15
4543,40
4544,10
4544,33
4544,37
4545,35
4545,38
4548,14
4549,34
4549,39
4550,40
4551,7
4552,8
4552,38
4553,33
4553,36
4553,39
4556,40
4558,33
4558,34
4558,38
4559,39
4560,29
4561,36
4561,40
4562,17
4562,21
4562,37
4564,33
4564,38
4565,39
4566,34
4566,40
4567,1
4568,4
4568,27
4569,31
4569,33
4570,16
4570,26
4570,28
4570,38
4571,36
4571,40
4572,2
4572,5
4572,15
4572,39
4574,33
4574,34
4575,19
4575,40
4576,3
4576,12
4576,13
4576,20
4576,38
4577,36
4577,39
4578,32
4579,11
4579,37
4580,33
4580,38
4580,40
4581,4
4581,7
4581,35
4583,6
4583,36
4584,25
4584,34
4585,10
4585,22
4585,28
4585,38
4585,39
4586,40
4588,23
4589,33
4589,36
4590,34
4590,39
4591,38
4591,40
4592,24
4594,29
4595,37
4596,36
4597,33
4597,40
4598,30
4598,38
4598,39
4601,34
4602,40
4603,33
4606,38
4606,39
4607,36
4609,40
4610,33
4611,34
4613,40
4615,39
4616,8
4616,9
4616,33
4616,38
4617,40
4619,18
4620,40
4621,33
4621,38
4623,21
4623,39
4623,40
4625,34
4625,35
4626,33
4627,40
4629,4
4629,15
4629,38
4630,40
4631,39
4632,29
4632,33
4633,40
4634,36
4636,34
4637,40
4638,2
4638,17
4638,31
4639,37
4640,33
4641,38
4641,40
4642,7
4642,28
4642,34
4643,12
4643,20
4643,35
4643,39
4644,27
4646,19
4646,23
4646,32
4646,36
4646,38
4646,40
4647,5
4647,37
4648,39
4649,6
4650,33
4652,10
4652,22
4652,28
4652,35
4652,40
4653,36
4653,38
4653,39
4656,29
4658,3
4658,40
4659,33
4660,28
4660,39
4661,1
4661,16
4661,34
4661,36
4661,38
4663,14
4663,15
4664,11
4664,13
4666,4
4666,36
4666,39
4667,25
4667,30
4667,34
4667,40
4668,20
4668,26
4668,33
4669,7
4669,21
4669,35
4670,38
4672,34
4672,37
4672,39
4673,2
4673,17
4673,40
4674,9
4674,24
4674,36
4675,33
4675,34
4678,28
4678,36
4679,2
4679,34
4679,39
4680,38
4680,40
4683,34
4683,39
4685,36
4686,33
4686,40
4688,34
4688,39
4690,8
4691,36
4692,34
4692,38
4693,40
4694,39
4698,36
4699,34
4699,40
4700,33
4701,28
4703,34
4703,38
4703,39
4703,40
4705,33
4705,36
4706,29
4708,4
4708,19
4708,40
4709,34
4711,33
4711,40
4712,34
4712,36
4712,37
4713,39
4714,5
4715,31
4715,40
4716,34
4717,33
4717,36
4718,15
4718,38
4719,40
4721,34
4721,39
4723,40
4724,18
4726,27
4726,33
4726,37
4727,40
4728,35
4728,36
4728,38
4728,39
4729,34
4731,7
4732,40
4733,21
4733,33
4734,39
4735,34
4735,36
4736,23
4737,38
4737,40
4738,37
4739,22
4739,35
4740,33
4740,39
4741,17
4741,28
4742,6
4742,9
4742,13
4742,36
4743,34
4744,38
4744,40
4745,39
4746,12
4746,25
4747,7
4748,10
4748,11
4748,19
4748,40
4749,30
4750,32
4750,33
4751,36
4751,39
4751,40
4752,5
4752,35
4753,1
4753,34
4753,38
4755,4
4755,40
4756,26
4757,37
4758,28
4758,29
4758,38
4759,24
4759,40
4761,14
4762,33
4762,36
4763,38
4763,39
4764,20
4764,34
4764,40
4765,15
4769,34
4769,38
4771,40
4773,35
4774,34
4775,3
4775,39
4776,33
4776,38
4777,8
4777,36
4777,40
4778,37
4780,29
4781,34
4782,6
4782,38
4784,33
4784,39
4784,40
4788,2
4788,34
4789,31
4789,38
4791,16
4791,39
4791,40
4792,23
4793,36
4794,9
4794,33
4795,34
4795,38
4796,27
4796,35
4798,40
4799,22
4799,36
4799,39
4800,21
4800,28
4802,34
4803,40
4804,33
4805,4
4805,36
4805,38
4806,15
4806,18
4808,39
4808,40
4810,36
4812,7
4812,17
4813,33
4813,34
4814,19
4814,36
4814,40
4815,39
4816,37
4816,38
4817,5
4817,12
4819,35
4820,40
4821,33
4822,36
4822,38
4823,29
4824,39
4825,34
4826,40
4827,20
4828,1
4829,25
4829,38
4830,13
4831,11
4831,28
4831,34
4832,15
4832,36
4833,2
4833,37
4833,40
4834,3
4834,7
4834,32
4834,39
4835,4
4835,29
4835,38
4836,14
4837,19
4837,40
4838,8
4838,10
4838,24
4838,36
4839,6
4839,12
4839,30
4839,33
4839,34
4840,35
4840,39
4841,37
4842,38
4842,40
4843,36
4847,34
4847,38
4849,40
4853,38
4854,34
4855,36
4856,33
4856,40
4858,39
4860,34
4861,35
4861,38
4862,31
4862,33
4862,36
4864,40
4865,38
4866,16
4866,21
4867,34
4868,33
4868,39
4870,15
4870,38
4871,9
4872,17
4872,34
4873,40
4875,23
4877,28
4877,33
4877,38
4877,39
4878,27
4878,36
4879,34
4881,2
4882,18
4882,22
4882,33
4883,39
4883,40
4884,7
4884,34
4884,35
4884,36
4884,37
4885,33
4886,38
4887,5
4889,33
4889,36
4890,4
4890,34
4890,40
4891,37
4891,39
4892,29
4893,28
4893,36
4894,33
4895,34
4895,38
4897,36
4897,39
4900,20
4900,40
4901,33
4901,34
4903,36
4904,38
4905,1
4905,39
4906,33
4906,37
4906,40
4907,34
4908,19
4909,15
4909,25
4910,8
4910,33
4910,36
4911,30
4912,11
4912,26
4912,28
4912,39
4913,34
4914,33
4914,35
4915,4
4915,7
4915,24
4915,36
4915,40
4916,13
4916,38
4917,21
4917,32
4918,2
4919,37
4919,39
4921,33
4921,34
4921,36
4921,40
4922,31
4923,10
4925,33
4925,40
4927,35
4927,36
4928,9
4928,34
4928,38
4928,39
4928,40
4929,12
4930,33
4932,40
4933,6
4933,34
4933,36
4934,33
4935,38
4936,3
4936,40
4937,37
4939,28
4939,33
4939,39
4940,34
4940,38
4941,40
4943,36
4944,14
4944,15
4944,17
4944,38
4945,7
4945,33
4946,40
4947,39
4948,23
4948,28
4948,34
4948,38
4949,33
4952,36
4952,38
4953,27
4953,40
4956,33
4956,38
4957,29
4959,34
4959,37
4960,33
4960,38
4961,39
4961,40
4964,38
4966,33
4969,40
4970,8
4970,22
4970,38
4971,33
4971,36
4972,34
4972,39
4975,13
4975,40
4976,19
4976,38
4977,35
4978,34
4979,28
4979,33
4980,4
4980,5
4981,36
4981,38
4981,39
4982,34
4983,11
4983,20
4983,40
4984,21
4984,33
4985,38
4986,2
4988,34
4989,4
4989,29
4989,38
4989,39
4989,40
4991,10
4991,24
4991,33
4991,36
4991,37
4992,16
4992,40
4993,18
4993,38
4994,34
4994,39
4995,17
4995,25
4996,1
4996,12
4996,30
4996,40
4997,7
4998,15
4998,34
4998,36
4999,31
4999,33
4999,38
5000,23
5000,35
5000,40
