8,2
9,4
9,9
10,10
10,14
10,19
11,1
11,3
11,12
11,16
11,17
12,5
12,11
12,15
12,18
12,20
13,6
13,8
14,7
14,13
14,19
16,17
16,20
18,18
20,20
24,17
25,19
25,20
31,17
33,20
34,18
35,17
35,19
39,17
39,20
44,17
45,20
46,18
47,19
51,17
55,19
56,13
57,20
58,18
60,17
60,19
61,15
64,17
65,19
68,17
70,9
72,19
73,17
74,18
75,20
78,17
79,18
79,20
82,17
82,19
84,18
85,17
85,20
86,2
88,19
89,17
89,20
90,10
90,18
93,17
94,20
96,19
97,8
97,11
97,12
97,13
98,17
98,18
99,4
100,19
100,20
101,13
101,17
102,6
102,15
103,1
104,3
104,14
105,17
105,19
107,5
107,7
109,17
109,18
113,19
114,17
115,16
117,20
118,17
119,19
121,18
123,20
124,17
126,18
126,19
129,20
131,17
132,18
134,19
135,17
138,18
138,20
139,2
140,17
142,19
143,20
145,18
147,17
151,9
151,20
153,18
154,17
154,19
160,19
162,13
163,17
164,18
166,15
166,19
169,4
170,12
170,18
171,8
171,17
173,11
174,3
174,19
174,20
175,18
176,10
176,17
177,13
180,18
181,17
181,20
183,19
187,20
188,17
188,18
188,19
190,14
192,17
195,7
195,19
195,20
197,17
197,18
200,20
202,17
202,19
206,20
207,6
210,17
211,20
213,19
214,5
214,18
215,1
215,2
216,17
219,19
219,20
220,15
221,17
223,16
224,20
225,17
225,18
226,19
231,20
232,12
232,17
235,18
236,13
236,19
236,20
237,10
238,17
242,13
242,20
243,17
243,18
245,19
248,4
248,11
248,20
249,18
250,9
250,17
250,19
253,3
253,8
254,20
258,18
258,19
259,15
260,17
262,20
263,18
266,14
266,19
266,20
267,18
271,18
271,20
272,17
274,19
276,18
277,17
278,20
281,17
281,18
282,19
285,20
286,17
288,2
288,18
290,13
291,20
292,17
292,18
293,19
296,17
297,11
298,19
300,17
300,18
304,19
304,20
305,17
308,19
310,7
310,17
313,12
313,18
313,19
315,3
316,17
317,4
318,1
319,6
319,20
320,9
320,18
320,19
321,17
322,15
325,5
325,17
325,19
327,20
330,13
330,17
330,19
335,19
336,17
336,20
340,17
344,8
345,17
346,19
346,20
347,2
347,10
347,16
347,18
349,17
351,19
351,20
352,14
352,18
353,17
354,15
356,20
357,17
358,19
359,12
362,17
362,19
363,18
364,13
364,20
366,17
367,19
369,11
370,17
371,18
373,19
373,20
376,17
378,19
381,17
382,20
383,19
387,17
388,19
392,17
392,19
396,20
398,19
401,17
404,18
404,19
405,3
406,6
406,7
406,9
408,17
408,20
410,1
410,18
410,19
413,8
414,17
414,19
414,20
415,15
417,2
418,5
418,13
419,19
419,20
420,17
420,18
421,14
423,20
424,4
427,17
427,18
427,19
428,16
428,20
432,10
432,20
433,17
434,12
434,19
435,18
436,20
438,17
439,19
441,20
443,11
444,17
445,18
445,19
446,20
451,13
452,17
453,18
453,19
455,20
458,17
461,19
461,20
466,17
466,18
467,20
471,17
472,15
474,17
474,20
476,18
478,17
478,19
481,9
482,20
483,17
483,18
484,13
484,19
488,17
490,19
491,2
491,12
491,20
492,7
493,17
493,18
495,3
495,19
498,17
498,20
499,18
500,19
501,8
502,13
504,17
504,19
505,20
507,1
507,6
507,18
508,15
509,19
510,5
511,4
511,17
512,14
513,11
513,18
513,19
515,20
516,17
517,19
521,17
521,18
523,10
523,19
525,17
527,20
528,19
531,17
531,18
533,19
535,20
536,17
537,19
540,20
542,17
542,19
543,18
546,20
547,19
548,17
549,13
550,18
551,19
552,17
552,20
556,17
556,20
557,2
557,18
557,19
561,19
561,20
562,15
562,17
564,18
567,17
567,19
569,20
570,17
573,18
574,17
575,19
576,9
578,20
579,17
580,12
582,19
583,18
584,17
585,8
588,13
588,20
589,3
590,17
591,1
591,4
591,19
592,14
593,20
595,13
595,16
595,18
596,17
597,5
598,19
599,7
600,20
601,11
602,17
603,20
605,19
606,18
609,6
609,20
611,10
611,17
613,18
613,19
613,20
615,17
618,20
621,17
622,19
623,20
624,18
625,2
625,15
627,17
627,20
629,18
631,19
633,18
633,20
635,17
636,19
637,20
639,18
641,19
641,20
644,17
647,18
647,19
648,20
652,17
652,18
652,19
653,20
658,19
658,20
659,18
663,20
664,18
665,19
667,13
668,17
668,20
670,11
670,19
671,18
672,5
672,20
673,2
673,17
674,3
674,9
675,15
675,18
675,19
676,4
676,20
677,8
679,18
680,14
680,16
680,20
681,17
682,13
682,19
684,18
685,20
687,17
689,20
690,18
692,19
693,17
694,18
694,20
697,19
699,20
700,18
701,17
704,19
704,20
706,17
708,18
711,13
711,17
711,19
713,7
714,18
716,10
716,20
718,17
718,18
719,1
719,19
723,12
723,15
724,18
724,19
725,17
727,9
727,20
730,11
730,17
732,18
732,19
732,20
734,17
737,18
738,20
739,3
740,2
740,4
740,17
740,19
743,12
743,20
744,6
744,17
744,18
747,13
747,19
747,20
749,17
754,19
754,20
756,17
757,5
757,18
761,17
762,18
763,20
765,17
765,19
768,18
769,17
772,8
772,14
773,17
774,19
774,20
777,13
778,17
780,19
783,17
784,18
784,20
785,2
785,7
787,15
787,17
788,19
790,10
790,17
790,18
792,16
793,17
794,20
797,3
797,19
798,17
800,18
802,17
802,20
804,9
806,17
806,19
809,17
811,20
812,17
814,19
815,13
816,17
819,20
820,17
821,11
821,15
822,1
822,19
823,17
824,18
824,20
827,8
827,17
828,19
830,17
830,20
833,17
835,20
836,12
837,17
839,18
840,20
841,17
841,19
845,17
847,4
847,18
847,20
849,17
851,13
853,19
854,17
855,6
855,12
856,20
857,14
858,15
858,17
859,5
860,2
860,19
861,18
863,10
864,17
865,3
866,19
867,9
868,18
868,20
869,7
869,13
871,17
871,19
872,16
873,20
877,17
877,18
878,11
879,19
879,20
882,17
884,18
886,20
888,17
890,20
892,19
894,17
897,18
897,20
900,17
901,19
904,20
908,17
908,18
909,19
911,13
912,20
915,19
916,4
916,17
916,18
919,2
921,8
921,19
922,18
922,20
928,18
928,19
929,15
930,14
930,20
931,17
932,1
936,5
936,10
936,19
937,17
937,18
939,9
941,12
941,19
942,15
943,11
943,20
944,6
945,18
946,17
946,19
947,13
947,20
951,19
951,20
956,3
956,17
956,19
956,20
961,20
963,18
964,17
964,19
967,20
970,17
971,19
972,13
974,17
976,19
976,20
978,17
981,20
984,17
986,19
987,20
988,16
989,17
992,18
992,20
995,17
997,2
998,7
998,8
999,18
1000,17
1000,19
1000,20
1002,14
1004,15
1006,20
1007,4
1007,17
1008,18
1009,5
1009,19
1011,20
1012,17
1015,20
1017,11
1018,12
1019,17
1019,18
1019,19
1019,20
1020,13
1022,17
1025,19
1025,20
1027,1
1027,17
1028,13
1029,10
1031,17
1032,19
1033,9
1033,18
1033,20
1035,3
1035,17
1037,19
1039,17
1040,18
1041,19
1043,17
1047,17
1047,19
1047,20
1050,17
1051,18
1051,19
1054,17
1056,12
1056,19
1057,20
1058,17
1060,18
1060,19
1061,15
1063,17
1064,19
1065,2
1066,13
1068,17
1068,19
1069,20
1070,6
1072,18
1073,17
1074,19
1075,8
1077,17
1080,19
1080,20
1081,17
1082,7
1084,18
1085,17
1085,19
1089,20
1090,17
1091,19
1095,17
1096,20
1097,19
1100,17
1101,20
1102,19
1104,16
1106,11
1106,17
1106,20
1108,18
1110,17
1110,19
1111,20
1113,3
1115,17
1115,19
1116,15
1117,4
1118,1
1119,13
1119,18
1119,20
1120,5
1120,9
1120,19
1121,14
1121,17
1123,2
1124,19
1125,20
1128,17
1128,18
1131,19
1131,20
1133,10
1133,17
1136,13
1137,19
1141,6
1142,17
1142,20
1143,12
1144,18
1145,19
1147,17
1152,17
1153,19
1155,18
1158,17
1158,20
1159,19
1161,8
1162,18
1163,19
1167,20
1168,13
1168,17
1168,19
1172,11
1173,19
1174,18
1175,20
1176,15
1176,17
1179,19
1181,17
1181,20
1183,7
1186,17
1187,19
1188,18
1188,20
1189,16
1191,1
1192,20
1193,2
1193,9
1194,17
1194,18
1194,19
1195,20
1199,4
1200,20
1201,17
1201,18
1202,19
1205,20
1207,17
1209,3
1210,18
1210,19
1213,17
1214,20
1218,17
1219,13
1219,15
1220,12
1220,20
1221,19
1222,18
1223,5
1224,8
1224,17
1226,2
1227,14
1228,10
1228,20
1230,17
1230,19
1231,6
1231,18
1236,19
1237,17
1238,11
1241,19
1242,17
1242,20
1244,18
1248,17
1248,19
1252,20
1254,17
1255,19
1256,13
1256,18
1260,17
1261,19
1261,20
1266,13
1266,17
1266,18
1267,19
1268,7
1271,17
1272,3
1272,20
1273,9
1273,15
1273,18
1274,19
1276,1
1277,4
1278,17
1278,20
1279,18
1280,19
1281,8
1283,17
1285,19
1287,20
1288,13
1289,17
1290,19
1292,2
1292,5
1292,18
1293,20
1294,19
1295,17
1300,17
1300,19
1300,20
1304,18
1305,17
1306,20
1308,19
1309,17
1310,18
1314,17
1314,18
1315,11
1315,19
1315,20
1318,17
1318,18
1321,19
1321,20
1322,18
1325,17
1327,18
1328,20
1329,17
1331,18
1332,12
1332,19
1332,20
1333,10
1335,15
1335,17
1335,18
1337,20
1340,9
1340,16
1340,17
1342,20
1343,18
1343,19
1344,13
1345,17
1348,19
1349,14
1350,2
1350,18
1351,20
1352,8
1353,17
1354,19
1355,3
1355,20
1357,18
1358,4
1359,6
1359,20
1360,17
1360,19
1364,18
1364,20
1367,19
1370,17
1370,18
1370,20
1374,19
1374,20
1378,15
1378,17
1379,20
1380,12
1380,18
1380,19
1381,1
1383,17
1384,13
1385,19
1386,17
1389,20
1390,17
1391,7
1391,19
1392,11
1394,17
1396,18
1396,19
1396,20
1399,17
1401,19
1405,17
1407,19
1407,20
1408,18
1412,5
1412,17
1412,19
1413,13
1415,20
1417,19
1418,17
1418,18
1421,2
1422,20
1423,19
1424,17
1428,10
1428,19
1429,9
1429,17
1430,15
1433,16
1433,18
1433,19
1434,12
1435,8
1435,20
1436,14
1437,17
1438,19
1439,4
1439,18
1441,13
1442,17
1443,19
1443,20
1444,3
1447,11
1447,18
1448,17
1448,19
1449,13
1450,6
1451,20
1453,19
1455,17
1455,18
1457,1
1459,19
1459,20
1461,17
1464,18
1465,17
1465,19
1467,20
1469,17
1473,17
1473,18
1473,19
1474,20
1477,17
1479,7
1480,20
1481,19
1483,17
1487,13
1487,17
1487,19
1492,17
1492,19
1492,20
1493,5
1494,2
1496,15
1496,17
1499,18
1499,19
1501,17
1506,17
1507,20
1509,18
1509,19
1510,17
1514,17
1517,20
1518,17
1518,18
1518,19
1522,12
1522,17
1523,11
1523,20
1525,19
1526,17
1527,4
1527,10
1527,13
1527,18
1527,20
1528,9
1530,8
1530,15
1531,17
1531,18
1531,20
1532,3
1532,16
1532,19
1534,14
1535,2
1536,17
1537,18
1537,19
1538,20
1541,19
1542,17
1542,18
1542,20
1547,19
1547,20
1550,17
1550,18
1554,19
1554,20
1559,17
1559,18
1561,20
1562,13
1564,19
1566,17
1566,18
1569,1
1570,6
1570,20
1571,18
1571,19
1574,12
1575,17
1576,19
1577,20
1581,19
1582,17
1584,18
1586,20
1588,5
1590,19
1591,18
1592,17
1594,11
1595,13
1595,20
1596,19
1597,3
1598,4
1598,17
1601,9
1603,10
1603,17
1603,19
1604,20
1605,7
1605,18
1607,15
1608,17
1609,2
1610,20
1613,16
1613,17
1613,18
1614,13
1614,19
1616,14
1617,8
1617,17
1617,20
1619,19
1624,20
1625,17
1626,19
1632,17
1633,19
1633,20
1634,18
1636,6
1639,17
1643,19
1643,20
1646,12
1649,18
1650,1
1651,17
1651,20
1653,13
1653,19
1657,20
1659,11
1659,19
1661,17
1661,18
1662,13
1664,20
1665,2
1665,4
1666,17
1666,19
1667,5
1668,20
1669,15
1671,18
1671,19
1672,17
1672,20
1674,3
1674,9
1677,19
1677,20
1678,17
1681,16
1681,19
1682,18
1683,20
1684,10
1685,17
1687,19
1689,20
1690,17
1692,13
1693,20
1694,17
1695,19
1698,17
1700,7
1700,20
1703,19
1704,17
1704,18
1705,8
1707,20
1710,18
1712,17
1712,19
1712,20
1716,18
1717,19
1719,17
1720,18
1721,20
1723,19
1725,18
1727,17
1728,19
1729,18
1730,20
1731,14
1733,17
1734,18
1735,15
1735,19
1736,20
1739,5
1740,18
1741,12
1741,17
1741,19
1743,2
1744,11
1746,19
1746,20
1747,6
1747,9
1747,13
1748,4
1748,18
1749,17
1750,1
1751,8
1751,19
1755,20
1757,18
1758,3
1758,17
1760,10
1760,13
1762,18
1762,19
1767,7
1767,17
1767,20
1768,19
1769,18
1773,17
1773,19
1776,18
1777,17
1778,20
1782,17
1782,19
1785,16
1785,18
1786,17
1787,15
1789,18
1790,20
1791,11
1792,17
1793,18
1793,19
1797,20
1799,18
1800,17
1800,19
1805,2
1805,17
1807,19
1809,13
1809,18
1809,20
1812,14
1812,17
1814,18
1816,19
1816,20
1818,17
1821,19
1823,18
1824,20
1828,17
1829,19
1830,18
1832,20
1836,19
1837,18
1839,17
1840,20
1841,4
1844,9
1845,18
1846,8
1846,19
1848,5
1848,12
1848,17
1849,10
1850,18
1851,20
1852,6
1852,13
1852,19
1853,1
1853,2
1853,15
1853,17
1855,3
1855,18
1856,11
1856,19
1858,7
1859,14
1859,17
1859,20
1860,15
1861,13
1862,18
1863,19
1864,17
1866,20
1867,17
1868,18
1869,16
1871,17
1871,19
1872,18
1875,17
1875,20
1879,17
1880,18
1883,17
1884,20
1885,19
1887,13
1887,18
1888,17
1893,20
1894,17
1895,18
1895,19
1898,20
1899,17
1901,19
1903,17
1905,20
1906,19
1908,17
1909,18
1910,19
1912,17
1913,20
1914,19
1918,9
1918,17
1918,18
1920,19
1923,20
1924,8
1924,19
1925,17
1925,18
1927,2
1928,19
1928,20
1929,13
1930,15
1930,18
1931,4
1931,17
1932,19
1935,11
1935,18
1936,6
1936,19
1937,3
1938,17
1938,20
1940,5
1941,18
1941,19
1943,12
1944,1
1944,17
1945,18
1946,19
1947,13
1948,17
1951,18
1951,19
1953,17
1956,19
1957,17
1957,20
1960,18
1962,19
1963,17
1964,20
1967,7
1969,19
1970,10
1970,18
1971,14
1971,17
1975,20
1976,16
1977,17
1978,18
1979,19
1983,18
1986,17
1987,20
1988,18
1991,19
1993,17
1994,2
1994,15
1996,18
1998,9
1998,20
1999,17
2000,3
2000,13
2001,11
2001,19
2002,8
2003,12
2004,4
2005,17
2005,18
2005,20
2006,1
2006,6
2006,19
2007,13
2010,12
2010,15
2010,17
2012,19
2014,18
2014,20
2015,5
2016,17
2020,18
2022,17
2022,19
2024,20
2027,19
2029,17
2031,18
2033,19
2035,20
2037,17
2038,13
2039,19
2039,20
2040,18
2041,17
2044,17
2046,18
2046,19
2046,20
2049,17
2050,19
2051,20
2053,17
2054,18
2055,20
2056,19
2057,17
2060,20
2061,2
2061,18
2062,19
2063,17
2066,20
2067,17
2069,14
2069,18
2070,19
2071,17
2071,20
2075,11
2076,17
2076,20
2077,18
2079,17
2079,19
2081,3
2081,10
2081,20
2082,13
2083,7
2083,8
2083,17
2084,15
2084,19
2085,18
2086,9
2087,4
2087,20
2088,17
2088,19
2091,13
2091,18
2092,19
2093,5
2093,16
2093,17
2093,20
2097,2
2098,19
2099,17
2099,18
2099,20
2103,12
2103,19
2103,20
2107,17
2107,19
2108,1
2108,18
2109,20
2112,19
2114,17
2115,18
2115,20
2119,19
2120,20
2121,6
2123,18
2123,19
2124,17
2128,17
2128,20
2131,19
2132,17
2133,20
2136,18
2137,17
2138,19
2138,20
2141,17
2144,18
2145,19
2146,20
2147,17
2152,19
2153,17
2153,18
2154,10
2154,13
2155,20
2156,9
2156,15
2158,3
2159,17
2160,11
2160,12
2161,2
2161,18
2161,19
2162,8
2163,20
2164,4
2164,14
2166,5
2166,17
2166,19
2167,7
2167,16
2170,19
2171,17
2172,20
2176,18
2176,19
2179,17
2182,18
2182,20
2183,19
2187,17
2191,18
2191,19
2192,13
2192,17
2196,17
2197,20
2198,19
2200,17
2204,18
2206,17
2206,20
2207,13
2208,15
2208,19
2210,18
2211,17
2215,17
2215,20
2218,12
2220,18
2220,19
2221,17
2222,1
2222,20
2223,2
2223,6
2226,20
2227,17
2227,18
2227,19
2229,11
2230,8
2230,13
2231,20
2233,3
2233,17
2233,19
2234,14
2234,18
2235,4
2236,13
2237,10
2238,5
2238,9
2238,20
2239,15
2239,17
2240,19
2241,7
2241,16
2241,18
2242,20
2246,17
2246,20
2247,18
2252,17
2252,20
2253,19
2257,17
2257,20
2258,18
2261,17
2263,20
2265,19
2266,17
2270,12
2271,17
2271,20
2272,18
2272,19
2276,17
2278,18
2280,13
2280,17
2280,19
2282,20
2283,17
2285,19
2287,2
2287,17
2287,20
2290,19
2291,17
2291,18
2295,19
2296,17
2296,20
2299,19
2302,17
2303,19
2308,18
2308,19
2309,17
2310,11
2311,15
2312,19
2313,17
2313,20
2314,18
2316,3
2316,8
2318,19
2319,13
2319,14
2319,17
2319,18
2319,20
2323,4
2323,19
2325,7
2325,18
2326,6
2327,17
2327,19
2327,20
2329,9
2330,5
2330,18
2331,19
2333,1
2334,17
2335,18
2335,20
2336,2
2337,19
2338,17
2340,20
2341,18
2343,17
2343,19
2348,20
2349,18
2350,17
2350,19
2354,17
2354,20
2356,18
2356,19
2359,17
2360,10
2363,18
2363,19
2365,17
2366,15
2366,16
2367,20
2369,12
2369,17
2369,18
2371,13
2373,18
2373,19
2375,17
2375,20
2380,18
2383,17
2383,20
2384,19
2386,18
2390,17
2391,18
2392,8
2392,20
2394,17
2395,18
2395,19
2397,4
2398,17
2399,18
2400,11
2401,13
2401,20
2402,2
2402,3
2402,18
2403,17
2403,19
2406,14
2407,15
2407,20
2408,17
2409,7
2409,18
2410,19
2413,17
2414,9
2417,19
2418,17
2418,20
2419,12
2420,18
2422,19
2423,17
2427,17
2428,19
2429,20
2430,18
2432,1
2432,17
2434,19
2436,20
2437,5
2437,10
2437,17
2440,6
2440,19
2441,13
2441,17
2444,18
2445,19
2446,17
2446,20
2447,15
2451,17
2454,18
2454,19
2455,17
2456,8
2458,17
2459,20
2462,17
2465,19
2466,17
2467,18
2469,20
2471,19
2472,17
2472,18
2474,16
2476,19
2476,20
2478,2
2478,18
2479,17
2481,19
2483,20
2485,18
2487,11
2488,17
2489,12
2490,4
2490,20
2491,19
2492,3
2492,18
2495,13
2496,17
2497,19
2497,20
2498,7
2499,14
2499,15
2500,18
2501,9
2502,20
2503,1
2505,19
2506,17
2507,18
2508,20
2513,13
2513,17
2516,19
2516,20
2519,17
2519,18
2524,17
2524,20
2526,19
2527,18
2530,17
2531,19
2533,10
2537,19
2538,6
2538,17
2538,20
2539,13
2540,8
2540,12
2541,18
2542,2
2543,15
2543,19
2544,17
2545,3
2545,20
2546,11
2549,5
2549,19
2550,17
2551,18
2552,4
2556,19
2556,20
2558,17
2559,18
2562,19
2563,20
2564,17
2566,18
2572,17
2573,18
2573,19
2576,13
2577,20
2579,17
2579,18
2581,19
2581,20
2586,20
2587,19
2589,1
2590,17
2591,18
2591,19
2595,20
2596,19
2597,17
2598,18
2599,16
2600,19
2602,18
2602,20
2603,2
2603,17
2604,19
2607,9
2608,17
2608,19
2609,18
2609,20
2611,19
2612,17
2613,15
2615,19
2616,17
2618,18
2618,20
2619,19
2620,11
2620,17
2622,14
2623,8
2623,19
2625,13
2625,17
2626,3
2627,4
2627,7
2627,19
2629,5
2629,6
2629,10
2629,17
2630,12
2632,13
2632,19
2633,17
2633,18
2634,20
2635,15
2636,19
2637,17
2642,17
2642,20
2643,19
2644,18
2649,17
2650,18
2650,19
2654,17
2655,20
2658,19
2661,17
2661,18
2664,20
2665,19
2669,17
2671,19
2673,20
2676,17
2678,18
2678,19
2681,2
2681,20
2684,17
2684,19
2685,18
2685,20
2689,20
2690,19
2691,15
2692,1
2694,20
2696,14
2696,17
2696,18
2697,19
2698,13
2699,8
2699,9
2701,5
2701,18
2701,20
2702,11
2702,16
2702,19
2703,17
2706,18
2707,4
2707,13
2707,20
2708,19
2712,3
2712,18
2713,2
2713,17
2714,6
2715,19
2716,7
2716,20
2718,17
2720,12
2720,18
2722,20
2723,17
2724,19
2726,18
2728,17
2730,19
2730,20
2733,17
2734,10
2736,20
2737,18
2738,17
2739,19
2741,20
2745,13
2745,17
2747,20
2749,19
2750,18
2752,17
2753,20
2758,17
2758,20
2759,18
2762,20
2764,19
2765,17
2766,20
2769,17
2769,18
2771,20
2772,11
2774,17
2774,19
2775,2
2775,20
2776,18
2778,8
2779,15
2779,17
2779,20
2783,19
2784,17
2785,20
2786,9
2788,17
2789,13
2789,20
2791,19
2792,17
2795,17
2796,20
2798,4
2799,12
2799,17
2800,18
2801,5
2801,13
2802,1
2802,17
2803,10
2803,20
2804,3
2804,19
2806,7
2806,17
2807,15
2808,6
2809,14
2809,20
2810,17
2811,13
2811,16
2813,18
2814,17
2814,19
2814,20
2817,12
2820,17
2820,18
2822,2
2822,20
2823,17
2824,19
2825,18
2826,20
2827,17
2829,19
2831,20
2832,17
2833,18
2835,19
2835,20
2836,17
2839,17
2840,20
2842,19
2843,17
2843,18
2847,17
2849,20
2851,17
2852,18
2853,19
2854,20
2856,17
2857,8
2858,18
2860,20
2863,4
2863,11
2863,17
2865,18
2866,13
2866,19
2866,20
2867,15
2868,10
2870,3
2870,17
2870,18
2871,9
2872,12
2873,13
2873,14
2873,20
2874,18
2876,7
2876,17
2877,2
2877,19
2878,18
2879,20
2880,1
2880,15
2881,17
2881,19
2882,18
2886,17
2887,18
2888,19
2890,17
2890,20
2891,16
2893,19
2894,17
2894,18
2894,20
2898,17
2898,19
2899,20
2902,17
2904,19
2905,17
2906,20
2909,17
2910,18
2910,19
2915,17
2915,20
2916,13
2917,19
2921,17
2925,17
2925,19
2926,18
2928,5
2928,11
2929,17
2930,19
2932,6
2932,18
2932,20
2933,17
2938,17
2938,19
2939,18
2940,12
2941,20
2943,15
2943,19
2944,17
2944,18
2947,19
2948,17
2952,19
2953,17
2954,2
2954,18
2954,20
2957,8
2958,17
2958,19
2960,20
2963,13
2963,17
2963,18
2964,4
2964,10
2965,19
2966,3
2968,9
2968,18
2969,17
2969,20
2970,13
2971,19
2973,15
2975,18
2975,20
2977,17
2978,19
2979,11
2982,7
2982,17
2982,20
2984,14
2984,18
2985,19
2986,20
2987,16
2988,5
2989,17
2989,18
2990,20
2992,1
2993,17
2993,19
2994,18
2997,20
2998,2
2998,17
2998,18
3001,20
3003,17
3003,18
3003,19
3004,20
3008,18
3008,20
3010,17
3012,20
3013,18
3014,19
3015,17
3017,20
3020,17
3022,20
3023,18
3024,19
3026,17
3030,17
3030,20
3032,19
3034,17
3036,8
3038,13
3039,12
3039,17
3040,18
3041,20
3042,10
3042,15
3043,4
3043,19
3044,2
3045,13
3046,3
3046,17
3046,18
3047,6
3047,9
3048,19
3049,5
3049,20
3052,11
3052,17
3053,7
3053,19
3056,1
3058,17
3060,14
3060,19
3060,20
3062,17
3066,17
3066,18
3066,20
3068,19
3070,17
3074,20
3075,19
3076,13
3076,17
3081,17
3081,20
3082,19
3085,18
3086,15
3086,17
3089,13
3090,20
3093,18
3093,19
3094,3
3095,17
3096,20
3098,18
3099,17
3101,8
3102,20
3103,19
3104,17
3105,18
3108,17
3110,20
3111,18
3112,17
3113,19
3114,16
3116,18
3117,17
3117,20
3118,2
3122,18
3123,17
3124,19
3125,20
3129,18
3130,13
3131,17
3132,20
3133,11
3134,19
3136,4
3136,6
3137,12
3137,17
3138,18
3139,20
3140,10
3141,5
3144,1
3144,15
3144,17
3144,18
3144,20
3145,19
3147,9
3149,18
3150,17
3151,20
3152,19
3153,7
3157,17
3157,18
3159,14
3159,20
3163,20
3164,17
3164,18
3164,19
3166,8
3167,20
3168,13
3169,18
3171,17
3172,19
3172,20
3175,2
3176,18
3177,3
3178,20
3179,19
3180,17
3183,18
3187,20
3189,18
3190,19
3193,17
3194,20
3196,18
3196,19
3200,17
3200,20
3204,18
3205,19
3206,13
3206,17
3206,20
3208,15
3211,11
3211,17
3212,18
3212,19
3215,3
3215,20
3216,17
3217,18
3220,4
3220,9
3220,19
3221,20
3223,16
3223,18
3224,5
3224,17
3226,12
3227,19
3227,20
3229,17
3229,18
3233,2
3235,19
3235,20
3236,1
3236,17
3236,18
3240,17
3240,20
3242,19
3243,18
3245,17
3246,20
3250,18
3250,19
3252,13
3254,20
3255,17
3255,18
3256,19
3258,10
3259,18
3260,17
3262,8
3263,18
3263,20
3264,17
3265,15
3266,19
3268,17
3269,18
3271,14
3271,17
3271,20
3274,7
3274,17
3274,19
3276,18
3276,20
3278,17
3280,18
3282,17
3282,20
3285,19
3286,17
3286,18
3290,20
3291,17
3292,18
3294,19
3297,17
3297,18
3298,20
3301,13
3301,18
3303,2
3305,6
3305,11
3305,17
3305,18
3305,19
3305,20
3307,4
3309,18
3310,19
3311,3
3311,17
3313,16
3314,9
3314,20
3315,18
3317,19
3318,17
3319,8
3320,12
3320,20
3321,5
3321,13
3322,18
3322,19
3324,1
3324,15
3326,17
3327,19
3329,10
3329,14
3330,2
3330,18
3330,20
3333,19
3335,20
3337,17
3339,19
3342,17
3344,20
3346,19
3347,17
3348,18
3353,18
3353,19
3353,20
3354,17
3358,7
3359,11
3360,17
3360,18
3360,20
3361,19
3366,17
3367,3
3367,18
3367,19
3369,20
3371,13
3373,17
3373,19
3374,20
3375,18
3379,18
3381,19
3382,20
3385,18
3391,17
3391,19
3391,20
3392,18
3396,4
3396,16
3397,19
3398,17
3399,18
3400,12
3400,15
3401,19
3402,6
3403,5
3404,9
3404,18
3405,17
3405,19
3406,2
3406,20
3407,1
3409,11
3410,18
3410,19
3411,17
3412,8
3413,13
3413,20
3414,19
3415,14
3416,17
3418,20
3419,19
3421,10
3421,17
3425,19
3425,20
3426,17
3426,18
3432,20
3433,17
3433,19
3434,13
3438,18
3439,17
3440,19
3441,20
3442,3
3446,7
3446,19
3449,17
3449,18
3450,15
3451,20
3456,9
3456,17
3456,18
3458,19
3459,20
3463,17
3465,13
3466,20
3469,19
3470,18
3471,2
3472,16
3472,17
3474,6
3475,19
3476,17
3476,20
3478,1
3479,12
3479,18
3481,17
3481,19
3483,20
3485,4
3486,15
3487,17
3487,19
3488,18
3490,5
3493,11
3494,17
3494,19
3496,14
3496,20
3497,8
3497,18
3500,17
3502,18
3504,20
3506,17
3508,18
3510,19
3510,20
3512,3
3515,18
3515,20
3516,13
3516,17
3518,7
3519,20
3522,18
3522,19
3522,20
3526,17
3526,20
3528,10
3531,18
3531,19
3532,12
3532,20
3535,17
3535,20
3538,4
3538,13
3538,19
3539,20
3540,17
3540,18
3545,20
3546,2
3547,17
3547,18
3549,15
3551,19
3551,20
3552,13
3552,17
3553,18
3554,9
3556,20
3557,17
3557,19
3561,18
3563,20
3566,17
3567,18
3571,20
3572,19
3573,17
3574,18
3576,11
3580,17
3580,18
3580,19
3581,20
3582,6
3585,14
3585,19
3586,17
3588,5
3588,12
3589,17
3590,13
3591,20
3592,16
3592,19
3593,17
3594,15
3596,3
3596,18
3597,8
3598,19
3599,17
3600,2
3600,20
3604,17
3605,19
3606,7
3608,17
3609,18
3610,1
3612,17
3612,20
3614,19
3616,17
3620,20
3621,17
3623,10
3623,18
3623,19
3627,13
3627,17
3627,19
3629,18
3631,12
3631,19
3632,9
3634,4
3634,17
3635,18
3636,19
3636,20
3642,18
3643,19
3645,17
3646,11
3646,18
3647,20
3649,19
3650,17
3651,18
3654,20
3655,18
3656,17
3656,19
3659,20
3661,18
3663,17
3663,19
3663,20
3667,15
3668,20
3669,18
3670,19
3671,17
3675,2
3675,16
3676,5
3676,19
3676,20
3677,17
3678,6
3678,18
3680,14
3683,18
3683,20
3684,17
3685,1
3685,8
3685,19
3686,13
3687,3
3687,4
3688,20
3689,17
3691,19
3692,18
3693,10
3693,20
3697,18
3698,13
3698,17
3698,20
3700,19
3703,7
3705,17
3707,18
3707,19
3707,20
3710,9
3710,13
3710,17
3712,19
3713,20
3715,18
3719,17
3719,20
3721,19
3724,18
3725,15
3725,17
3726,19
3729,20
3730,17
3733,11
3734,19
3736,17
3738,18
3739,19
3739,20
3743,17
3744,2
3745,18
3745,19
3745,20
3747,12
3748,17
3750,18
3751,19
3753,17
3754,18
3754,20
3758,17
3758,18
3758,19
3759,20
3762,17
3764,18
3764,20
3766,13
3766,17
3767,19
3768,20
3770,17
3771,8
3771,19
3772,20
3775,17
3776,18
3776,20
3778,19
3779,20
3780,17
3781,15
3782,1
3783,20
3784,19
3785,13
3786,17
3786,18
3787,14
3788,20
3790,19
3792,17
3793,18
3794,4
3794,20
3796,16
3797,17
3797,18
3798,10
3798,19
3799,20
3800,9
3801,3
3802,5
3802,17
3802,18
3803,20
3805,11
3806,12
3806,17
3807,2
3808,18
3808,19
3808,20
3813,6
3813,17
3813,19
3814,15
3814,18
3816,8
3816,20
3818,18
3818,19
3820,17
3821,13
3823,18
3824,17
3824,19
3824,20
3829,17
3829,18
3831,7
3831,19
3833,20
3834,17
3835,18
3838,20
3839,19
3840,17
3843,18
3844,20
3846,17
3847,19
3853,17
3853,18
3853,20
3854,19
3855,13
3859,2
3860,17
3861,19
3862,12
3862,20
3863,11
3865,19
3866,1
3866,4
3867,10
3867,14
3867,15
3867,17
3867,20
3868,18
3870,5
3870,16
3870,19
3871,9
3872,3
3872,13
3872,17
3873,18
3874,8
3874,20
3875,19
3879,17
3880,18
3881,19
3888,18
3888,19
3889,20
3890,6
3891,17
3895,19
3897,17
3897,20
3902,19
3905,18
3907,19
3908,20
3910,17
3911,18
3911,19
3914,20
3916,17
3917,19
3919,18
3921,17
3922,19
3922,20
3926,17
3928,7
3928,18
3928,19
3931,20
3932,17
3937,19
3939,17
3939,18
3940,20
3941,15
3944,11
3944,18
3944,19
3945,17
3946,2
3946,12
3946,16
3947,8
3947,13
3947,20
3948,19
3950,4
3950,18
3952,1
3953,3
3953,17
3954,10
3954,13
3954,14
3955,19
3956,9
3956,18
3956,20
3957,15
3958,12
3960,5
3960,13
3960,18
3960,19
3961,17
3966,17
3966,19
3967,20
3969,17
3973,17
3973,19
3973,20
3977,17
3977,18
3978,20
3980,19
3981,17
3982,20
3985,17
3985,19
3986,20
3990,20
3991,17
3991,19
3994,13
3994,20
3995,19
3996,17
3996,18
3999,11
3999,19
3999,20
4000,17
4001,18
4004,19
4005,2
4005,17
4005,20
4008,18
4009,19
4011,17
4011,20
4014,19
4016,18
4017,17
4021,19
4022,17
4023,20
4026,17
4026,18
4028,20
4030,17
4032,8
4032,19
4035,10
4036,17
4036,20
4037,5
4037,7
4038,18
4039,9
4039,13
4041,6
4041,14
4041,15
4041,16
4041,19
4042,17
4043,1
4043,2
4043,4
4043,18
4044,3
4044,20
4046,12
4046,18
4047,17
4047,19
4051,18
4052,17
4054,13
4054,19
4056,18
4057,17
4059,20
4062,18
4062,19
4063,17
4065,20
4068,18
4068,19
4069,17
4071,20
4073,17
4073,18
4074,19
4076,20
4078,17
4079,18
4081,19
4083,17
4084,18
4084,20
4087,17
4088,18
4089,20
4090,19
4091,18
4092,17
4095,18
4096,19
4097,17
4097,20
4100,7
4100,11
4101,18
4101,19
4102,8
4103,17
4104,20
4105,6
4106,14
4106,19
4107,3
4107,13
4108,15
4109,20
4110,18
4111,4
4111,5
4111,9
4112,17
4112,19
4115,18
4116,20
4118,17
4118,19
4120,2
4122,18
4124,17
4124,19
4124,20
4129,17
4130,18
4132,20
4135,19
4136,17
4136,18
4140,18
4140,20
4141,17
4142,19
4144,10
4146,17
4146,18
4146,20
4150,15
4150,16
4150,19
4151,17
4153,18
4153,20
4155,12
4155,19
4156,13
4157,17
4158,18
4160,19
4161,11
4161,17
4162,20
4163,18
4166,17
4168,20
4169,1
4169,18
4169,19
4171,17
4172,3
4173,19
4174,13
4174,20
4178,4
4178,17
4178,19
4179,2
4182,18
4182,20
4184,19
4185,17
4187,8
4187,9
4189,20
4191,19
4193,17
4194,13
4196,15
4196,18
4198,19
4199,14
4200,17
4201,20
4203,5
4207,12
4207,17
4208,6
4208,7
4208,18
4210,19
4210,20
4213,18
4214,11
4214,17
4216,20
4219,19
4220,18
4224,20
4227,17
4227,18
4228,19
4233,20
4234,17
4235,10
4236,18
4237,12
4237,19
4239,2
4240,17
4242,13
4242,18
4242,20
4243,15
4243,19
4248,3
4249,18
4250,20
4251,17
4252,19
4257,17
4257,20
4258,18
4259,8
4262,13
4263,20
4264,17
4264,19
4266,4
4266,18
4272,16
4272,17
4272,19
4273,9
4273,18
4274,20
4275,11
4276,1
4277,17
4278,18
4278,19
4279,20
4281,17
4284,14
4285,17
4287,18
4287,19
4287,20
4290,17
4292,20
4294,13
4295,17
4297,20
4298,19
4299,15
4299,17
4303,2
4304,20
4305,17
4305,18
4306,19
4307,10
4308,6
4311,12
4311,17
4311,20
4313,5
4314,19
4315,17
4315,18
4317,20
4319,17
4326,7
4326,19
4327,17
4327,20
4328,18
4331,17
4333,18
4336,19
4338,17
4338,20
4341,19
4343,13
4344,17
4347,19
4349,14
4349,17
4351,19
4353,11
4353,20
4354,17
4355,4
4356,18
4356,19
4360,15
4361,1
4361,9
4362,3
4362,20
4363,8
4363,19
4364,17
4364,18
4365,16
4369,13
4371,17
4371,20
4372,19
4373,18
4374,2
4378,17
4378,18
4381,19
4381,20
4383,18
4386,17
4386,19
4388,18
4388,20
4391,17
4393,19
4395,18
4396,20
4398,17
4398,19
4403,17
4403,19
4404,18
4407,17
4407,19
4408,5
4410,10
4410,11
4410,15
4410,20
4411,13
4411,19
4412,17
4415,6
4415,9
4415,18
4415,19
4417,3
4418,8
4418,17
4420,12
4420,20
4421,19
4422,13
4424,17
4426,19
4427,2
4427,7
4428,18
4429,20
4431,19
4432,15
4432,17
4433,4
4433,14
4436,20
4437,16
4437,18
4439,17
4441,19
4443,12
4443,20
4447,17
4447,19
4448,18
4451,19
4452,20
4455,17
4456,19
4457,20
4458,1
4459,18
4461,19
4462,13
4463,17
4464,20
4465,18
4466,19
4471,20
4474,19
4476,17
4476,20
4478,18
4482,17
4482,19
4482,20
4487,17
4488,20
4490,10
4490,18
4491,5
4491,17
4491,19
4492,20
4495,17
4496,15
4497,18
4497,20
4498,19
4499,9
4500,2
4500,13
4501,8
4501,17
4501,20
4502,11
4502,19
4504,3
4505,18
4505,20
4506,4
4506,6
4507,17
4507,19
4510,13
4512,12
4513,17
4513,18
4513,19
4513,20
4518,19
4519,7
4519,17
4521,18
4524,19
4525,17
4527,20
4530,18
4530,19
4532,20
4534,17
4535,18
4537,19
4537,20
4540,18
4542,17
4542,20
4544,18
4545,20
4547,19
4548,18
4549,17
4549,20
4551,18
4552,20
4553,19
4555,18
4557,20
4558,19
4559,18
4560,17
4561,20
4564,20
4565,15
4565,18
4566,19
4568,1
4568,20
4570,14
4570,17
4571,18
4572,19
4573,20
4574,2
4575,8
4575,17
4577,11
4578,18
4578,20
4579,19
4580,3
4580,17
4581,9
4582,20
4583,18
4584,19
4585,13
4587,4
4587,20
4589,17
4589,18
4590,16
4591,10
4591,19
4591,20
4593,17
4594,5
4594,13
4596,12
4596,18
4597,19
4599,6
4599,20
4600,17
4600,18
4601,19
4604,15
4605,17
4605,18
4605,19
4606,20
4610,19
4611,17
4611,18
4614,19
4617,17
4619,7
4619,19
4620,20
4623,18
4624,17
4625,19
4627,20
4633,17
4633,18
4633,19
4636,20
4637,13
4639,19
4640,17
4640,18
4642,2
4642,20
4643,11
4643,19
4646,18
4647,17
4647,19
4647,20
4648,14
4652,17
4652,19
4654,18
4656,19
4656,20
4659,18
4661,17
4663,18
4663,19
4663,20
4667,13
4667,18
4668,17
4668,20
4669,3
4670,15
4670,19
4671,9
4671,18
4672,8
4672,17
4674,20
4675,4
4675,19
4676,18
4677,17
4680,18
4680,20
4681,17
4682,19
4685,18
4685,20
4689,17
4690,18
4690,19
4691,20
4695,17
4696,18
4697,20
4698,19
4701,17
4703,19
4704,18
4706,12
4707,20
4709,17
4709,18
4709,19
4710,13
4711,2
4711,5
4713,19
4714,15
4715,1
4715,6
4715,16
4715,20
4716,10
4717,11
4717,18
4717,19
4718,17
4721,19
4722,13
4722,14
4722,18
4723,9
4723,12
4724,17
4725,20
4726,18
4726,19
4730,7
4730,18
4732,17
4735,18
4735,20
4736,17
4737,4
4738,19
4739,18
4739,20
4741,17
4742,3
4743,18
4744,19
4745,20
4746,17
4748,18
4750,19
4751,8
4751,20
4753,17
4754,18
4757,20
4758,18
4761,19
4762,17
4762,18
4765,20
4767,18
4769,17
4772,20
4773,18
4775,17
4775,19
4778,2
4781,15
4781,17
4781,19
4782,18
4783,6
4783,20
4788,11
4788,17
4789,18
4789,19
4790,20
4793,13
4793,17
4796,19
4798,17
4799,12
4800,18
4803,17
4803,20
4804,19
4806,10
4807,17
4809,1
4809,5
4810,19
4811,17
4812,18
4813,20
4814,3
4814,9
4816,17
4818,19
4819,8
4820,13
4820,20
4821,16
4822,4
4822,17
4823,14
4823,18
4824,20
4826,19
4828,17
4829,7
4830,20
4833,17
4834,18
4834,19
4836,20
4841,20
4843,2
4844,17
4844,18
4844,19
4846,20
4849,15
4849,17
4852,13
4852,19
4853,17
4853,20
4855,11
4856,18
4858,17
4858,20
4859,19
4862,20
4863,18
4865,17
4867,20
4868,18
4868,19
4871,20
4872,17
4873,18
4876,20
4879,18
4881,17
4881,19
4882,10
4882,20
4884,18
4886,17
4887,19
4888,20
4891,12
4891,17
4893,18
4893,19
4893,20
4894,13
4895,17
4899,15
4899,17
4899,19
4900,2
4900,8
4900,20
4901,3
4901,18
4903,6
4904,20
4905,14
4905,17
4906,5
4907,4
4909,17
4910,1
4910,12
4910,18
4910,19
4911,7
4911,9
4912,16
4912,20
4914,17
4914,19
4916,13
4919,19
4920,20
4921,18
4922,17
4927,17
4927,19
4929,18
4930,20
4933,19
4934,17
4938,11
4938,18
4939,20
4940,17
4940,19
4947,19
4948,17
4948,20
4950,13
4951,15
4954,17
4955,18
4956,19
4956,20
4957,13
4961,10
4961,17
4961,19
4962,18
4966,2
4966,18
4966,19
4968,17
4970,18
4972,19
4972,20
4977,18
4977,19
4978,17
4982,19
4983,8
4983,20
4984,18
4985,17
4988,19
4989,5
4990,4
4992,17
4993,12
4993,18
4994,19
4994,20
4995,9
4997,6
4998,17
4999,13
4999,19
5000,3
5000,20
