NaN,2.30489506178877e-05,0.000453209793697784,0.00135343173257235,0.00284614707814235,0.0023197742033027,0.000387184849111155,0.000643909879426974,0.000100106229383112,4.59384274920094e-06,0.00191316718275791,0.00256353235526696,0.00215542620257181,0.00010822685205053,0.00415416209488051,1.81014156007686e-05,0.0171544425239196,0.0101491127201098,4.76168889090856e-06,2.80201549481829e-05
3.34209654756501e-06,NaN,2.7172627342642e-07,4.25125713385266e-05,0.00327107138041965,1.59405822648395e-05,0.000206096623880048,2.29920707064957e-05,0.000872004493939815,0.000131828109666998,1.00542923011648e-05,0.00144980856051363,0.00211169015125479,0.000580903332112803,0.000244758916543075,0.000114703083165135,0.000208716696126099,0.000110354637870402,1.10825549920479e-05,5.3644134397457e-05
0.00198358001923904,0.00203570625449923,NaN,0.00140293686903581,0.000146872729321179,0.000254044939047737,0.000106388390201273,0.000860612445032605,0.00377077085643568,0.00381921326373597,0.00322988365969606,6.04826710808304e-05,0.00665950901388462,0.000393374152121095,0.00214572875096125,0.000101425779076181,0.000381858818495284,1.35618436937768e-05,0.00706216092664197,0.0114178804369099
2.77615239685503e-08,0.000102116131344532,0.00527772653251168,NaN,0.000934629414225729,2.14065241832539e-06,0.000718058418895606,0.00262615546897405,0.00120304952470834,0.000610814942355098,0.00297849432207486,0.000867492835881722,0.0057780472972408,0.00170321134118667,0.000970194427534488,8.33165927111024e-05,0.0179279870197619,3.40294200673608e-06,0.000297184425415098,0.000185774833758201
0.000156205780937557,1.37809530115218e-06,0.000219436714707699,0.00287687736558057,NaN,0.00121790467613847,0.000412733651197428,0.00175174159053404,2.17441983387801e-05,0.00318867177314042,0.000183911783399937,0.00164212743772191,0.000123703916686035,0.00332783314945179,0.00248140449179329,0.00653219033810898,0.0219421248477191,0.0132889588924441,8.43640408568769e-05,0.000212868837754676
0.000823414649057552,0.00300868959371581,0.00588459897317944,0.00320447354070841,0.00128865751272189,NaN,0.00161029854022648,0.000134103117404305,0.000299644440000524,0.000194435336580201,0.00386018156677004,0.00390862790650909,0.00322811558766772,1.18156398879465e-05,0.000332773603542891,7.42997782476884e-06,0.0203934644273051,0.0121640111375555,1.34784719382219e-05,0.0121109682271727
3.26170844384688e-05,8.01896420142278e-05,0.00495301847183893,1.66475458873716e-06,0.000242394652434696,3.71503061196155e-05,NaN,3.50972860208021e-06,2.13262164983075e-06,0.00135070921863689,4.37577993286364e-05,0.00152163175600906,0.000266477499101136,0.00103766972234753,3.01019906678857e-06,0.000523613677460288,0.000534768073361447,0.00124210386785539,0.0104754946609652,0.017596158740821
0.000400492626530358,0.00356846956670159,0.00517640717946161,2.82537101425895e-06,0.00016154445484412,0.000265760659828862,0.000609500370253868,NaN,0.00268303715233814,0.000187317594023129,0.00474537445215983,0.00177108634696432,8.41639244321679e-05,0.00215577748518897,0.0020017488744094,0.000189387638334371,1.13031239907246e-05,0.000931163788484513,0.00992845378226764,0.00193683386319315
0.000109712383199012,4.62707948828411e-06,0.0123360149010169,0.00174608251967667,0.00132398913107729,7.62274119877615e-05,0.000280830198536308,0.000232228190585992,NaN,0.00666639629488414,1.11224527077347e-06,3.37459318713873e-05,0.00036877704073246,0.000767376799089892,0.00368531139158262,0.000242050275334638,0.000570922833807774,0.000136368943386367,5.06553599194381e-06,0.0125447354498985
0.00226044374469414,0.000513375719484732,0.000280880874923561,0.00427242206851913,9.84300582104747e-05,1.14433757258947e-06,1.85960027035414e-05,0.000731623061814624,0.000113915823888977,NaN,0.000447850802563932,0.00220805894759613,5.35559202541336e-09,8.74937821082611e-08,0.000288811501110153,0.000682462004180151,1.21931941164388e-05,0.0141000170978474,0.0106988254843065,4.1798596869258e-06
1.92571721424062e-05,0.000348575599735612,0.00094165438762922,0.000192965366357711,0.00112259607167514,5.93936239605131e-05,4.42586749585527e-05,2.55824662142579e-05,1.2465265998185e-05,1.16454349269324e-06,NaN,0.000135200153488113,0.000458746343878047,1.43740505577084e-05,0.00142790203403026,0.000740572801286865,3.45750731680083e-05,0.000488329652665764,0.00157589466005248,4.59178789831705e-05
4.82922219380288e-07,0.000433195762964189,0.000104545682982182,0.00208058325504612,0.000258391017926185,0.00276035478237002,1.52447350632023e-07,0.000215022513041507,0.000125412550703252,0.00302202661942308,0.00193325580752557,NaN,1.57326272820502e-06,9.11233892802454e-05,4.36294160288675e-06,0.00122250775058513,0.000228939821194873,0.012538238041712,0.014779719548598,0.0182387604726961
0.000260214288469562,3.40441863408425e-05,0.000654604696082861,0.000846226575705267,3.3925249637301e-07,0.000566785055340968,4.01377718949325e-05,0.0032048050549513,0.000177575371692051,0.00192332674576512,0.000211583727220688,0.00369322462085109,NaN,0.000214422561724381,4.52966025217272e-05,0.000144717428658292,9.97223135629222e-06,0.00364220585705133,0.000249857193623193,9.12347529950508e-05
0.00607384875310196,0.000873952158595537,0.00183832816587903,0.0020058322442672,4.55536297648829e-05,0.000964749099653772,0.00317747532142065,0.00318226317143511,1.4275913271411e-05,2.89927071511764e-06,0.00111655230504459,7.34234948063239e-06,0.00351210936330543,NaN,0.00231031960516753,5.40523266281401e-05,0.0211418736184435,0.000325156954065819,7.89439861681451e-05,0.0164539172328855
0.00112968113669509,0.00218557351649257,0.00200060780900468,1.17625421464096e-06,5.91394220661456e-06,0.000202607151577938,0.000737492348499791,1.46087388233074e-05,0.000327002015683309,0.00151445476414297,0.000106964926017861,0.0010966088047043,0.00846091040806501,0.00355931853462466,NaN,0.000226010433433288,0.000208415206080392,5.67285666859263e-05,2.00553999423758e-05,3.51267529575261e-05
2.5290637060138e-05,0.00136013484508513,8.46975505026659e-05,0.00219775871720596,0.000391313945574401,1.64566840049618e-06,0.00155338562271834,0.000320179779140561,0.00419939727321755,0.00206906447119931,4.36291385689791e-05,2.75426735302786e-05,1.75467960476516e-05,0.00258418642709762,6.43986474540004e-05,NaN,0.0147368361452026,0.00878144942541575,0.0116459397768345,7.95838031353302e-06
0.000716676236240717,0.000287157221899093,0.00018095875425839,0.000210535872399928,0.00122564737917553,0.00076425624782727,0.000471764023380859,3.69251398482998e-06,0.000246140150443303,3.66310272169115e-05,0.000395463836957714,1.48450886082452e-06,8.54236152994514e-09,0.00103052582474827,0.000806401761005129,0.00219709744179537,NaN,0.000640671385314075,0.000288411950686306,0.000937134337567723
0.000332523530882187,0.000304973267043748,6.50193956478196e-05,0.000548834375616578,0.000171184667145247,0.000459548042221258,0.000103451934231738,2.15616230784255e-05,0.000135426496055566,0.000724055324171483,0.000367133091974406,0.00260776384020718,0.000298895196405594,3.45481832158961e-05,1.42318808534769e-05,0.000915634205406343,5.23184610941307e-06,NaN,0.000307847641743381,9.90610717059581e-06
7.79677926764089e-05,0.000352620247794019,0.000851366798822931,0.000216472694139706,6.62508986263716e-05,0.000216280396532924,0.000162477086305166,0.000977417463544697,0.000373156913004352,0.000573334376525923,0.00154622925008825,0.000631238710987539,8.2454557823318e-05,0.000292641046884645,0.000114002546379839,0.000371067852104313,3.59348190193884e-05,0.000783529624560651,NaN,2.42018097958152e-05
8.04790484963472e-05,0.000240353951343288,7.57437899638613e-05,2.01013196352434e-05,0.00116090937309871,3.28650041938328e-05,0.0017423614378459,0.00104507341571147,0.000815439596576734,2.49812319358111e-05,2.24080428138998e-05,0.000863502568061357,2.16806919862908e-05,0.000322317303508013,5.38293198430254e-05,0.000313703165106469,3.53679768761439e-05,0.000131884392161115,0.000689332503924042,NaN
