8,17
8,22
9,12
9,15
10,5
10,8
10,21
10,26
10,27
10,30
11,1
11,2
11,3
11,4
11,6
11,7
11,9
11,10
11,11
11,13
11,14
11,16
11,18
11,19
11,20
11,23
11,24
11,25
11,28
11,29
11,31
11,32
11,33
11,34
11,35
11,36
11,37
11,38
11,39
11,40
12,4
12,5
12,8
12,12
12,15
12,17
12,18
12,19
12,21
12,22
12,26
12,27
12,39
13,1
13,2
13,3
13,6
13,7
13,9
13,10
13,11
13,13
13,14
13,16
13,20
13,23
13,24
13,25
13,28
13,29
13,30
13,31
13,32
13,33
13,34
13,35
13,36
13,37
13,38
13,40
14,4
14,5
14,8
14,12
14,15
14,17
14,18
14,19
14,21
14,22
14,26
14,27
14,39
15,1
15,2
15,3
15,6
15,7
15,9
15,10
15,11
15,13
15,14
15,16
15,20
15,23
15,24
15,25
15,28
15,29
15,31
15,32
15,33
15,34
15,35
15,36
15,37
15,38
15,40
16,4
16,12
16,15
16,17
16,18
16,19
16,21
16,26
16,27
16,30
16,39
17,1
17,2
17,5
17,8
17,9
17,10
17,13
17,14
17,20
17,22
17,23
17,24
17,25
17,28
17,29
17,31
17,33
17,34
17,35
17,36
17,37
17,38
17,40
18,3
18,4
18,6
18,7
18,11
18,12
18,15
18,16
18,18
18,19
18,26
18,32
18,39
19,1
19,2
19,5
19,9
19,10
19,13
19,17
19,20
19,21
19,23
19,24
19,25
19,27
19,29
19,33
19,34
19,35
19,36
19,37
19,38
19,40
20,4
20,8
20,12
20,14
20,15
20,18
20,19
20,26
20,28
20,30
20,31
20,39
21,2
21,9
21,13
21,16
21,20
21,22
21,24
21,32
21,33
21,35
21,36
21,37
21,38
22,1
22,3
22,4
22,7
22,10
22,11
22,12
22,21
22,23
22,25
22,27
22,34
22,39
22,40
23,5
23,15
23,18
23,19
23,29
23,36
23,37
24,2
24,9
24,13
24,17
24,26
24,33
24,35
24,38
24,39
24,40
25,10
25,20
25,24
25,31
26,1
26,23
26,34
26,36
26,37
27,4
27,39
29,38
30,36
30,37
32,33
34,37
37,37
40,39
41,36
41,37
45,37
45,39
47,33
50,36
50,37
52,39
56,36
57,39
58,37
63,39
64,36
64,37
71,39
72,36
73,33
75,38
80,36
81,38
81,39
82,37
86,39
88,34
90,37
91,39
96,36
96,39
100,38
101,39
103,37
105,33
106,39
110,38
112,33
112,39
115,37
117,39
122,38
123,36
123,37
123,39
130,39
131,33
131,38
132,37
135,36
139,33
141,38
142,39
144,34
145,35
145,37
153,13
153,36
153,37
154,20
154,35
155,39
156,2
157,24
157,38
157,40
158,18
159,9
159,33
159,39
162,12
162,15
162,25
162,36
162,37
163,29
164,10
164,13
164,34
164,39
165,17
165,35
166,16
166,19
166,26
166,27
166,37
166,38
167,21
167,24
167,28
167,40
168,4
168,5
168,6
168,33
168,39
169,1
169,2
169,3
169,8
169,9
169,11
169,14
169,23
169,36
169,37
170,7
170,12
170,13
170,15
170,18
170,20
170,22
170,31
170,32
170,35
170,38
171,1
171,2
171,4
171,9
171,10
171,17
171,19
171,23
171,24
171,25
171,26
171,27
171,29
171,30
171,34
171,36
171,37
171,39
171,40
172,3
172,5
172,6
172,8
172,11
172,13
172,14
172,16
172,18
172,20
172,21
172,28
172,33
172,38
173,1
173,2
173,4
173,7
173,9
173,10
173,12
173,15
173,17
173,19
173,22
173,23
173,24
173,25
173,26
173,27
173,29
173,31
173,32
173,34
173,35
173,36
173,37
173,39
173,40
174,5
174,8
174,11
174,13
174,14
174,16
174,18
174,20
174,21
174,28
174,30
174,33
174,38
174,39
175,1
175,2
175,3
175,4
175,6
175,7
175,9
175,10
175,12
175,15
175,17
175,19
175,22
175,23
175,24
175,25
175,26
175,27
175,29
175,31
175,32
175,34
175,35
175,36
175,37
175,40
176,13
176,14
176,18
176,19
176,20
176,21
176,28
176,33
176,37
176,38
176,39
177,1
177,2
177,3
177,4
177,5
177,7
177,8
177,9
177,10
177,11
177,12
177,15
177,16
177,22
177,23
177,24
177,25
177,26
177,27
177,29
177,30
177,31
177,32
177,34
177,35
177,36
177,40
178,2
178,6
178,9
178,13
178,17
178,18
178,19
178,20
178,24
178,26
178,33
178,35
178,36
178,37
178,38
178,39
179,1
179,3
179,4
179,5
179,7
179,8
179,10
179,11
179,12
179,14
179,15
179,16
179,21
179,22
179,23
179,25
179,27
179,28
179,29
179,31
179,32
179,34
179,40
180,2
180,9
180,13
180,18
180,19
180,20
180,24
180,30
180,33
180,35
180,36
180,37
180,38
180,39
181,1
181,4
181,5
181,6
181,8
181,10
181,11
181,12
181,14
181,15
181,17
181,21
181,22
181,23
181,25
181,26
181,27
181,28
181,29
181,31
181,32
181,34
181,40
182,2
182,3
182,7
182,9
182,16
182,33
182,35
182,36
182,37
182,38
182,39
183,1
183,4
183,5
183,8
183,10
183,12
183,13
183,14
183,15
183,18
183,19
183,20
183,21
183,23
183,24
183,25
183,26
183,27
183,29
183,31
183,34
183,40
184,11
184,17
184,24
184,28
184,30
184,32
184,35
184,36
184,37
184,39
185,1
185,2
185,4
185,5
185,6
185,9
185,10
185,12
185,13
185,18
185,19
185,20
185,21
185,23
185,25
185,26
185,27
185,29
185,31
185,33
185,34
185,38
185,40
186,7
186,8
186,15
186,22
186,36
186,37
186,39
187,1
187,2
187,3
187,4
187,9
187,10
187,12
187,13
187,16
187,18
187,19
187,20
187,21
187,23
187,24
187,28
187,29
187,33
187,34
187,35
187,38
187,40
188,14
188,26
188,27
188,30
188,31
188,37
188,39
189,2
189,4
189,9
189,10
189,12
189,13
189,18
189,19
189,20
189,24
189,33
189,34
189,35
189,36
189,38
189,40
190,1
190,23
190,25
191,37
191,39
192,36
192,38
193,35
197,36
197,39
200,37
203,36
207,37
207,39
210,38
212,37
214,36
217,37
220,36
221,39
224,37
226,36
226,39
230,37
233,36
233,39
237,37
241,36
241,39
242,38
248,37
249,39
251,33
252,36
256,37
257,39
261,37
264,36
266,37
268,36
270,38
271,39
272,36
272,37
278,37
279,36
279,38
282,37
283,39
286,36
287,37
289,33
289,38
291,36
295,37
295,38
299,36
300,37
300,39
305,36
305,37
307,39
310,38
311,37
312,33
312,39
315,36
319,39
320,36
322,37
325,39
329,35
329,37
332,4
332,18
333,34
333,37
334,36
334,39
335,9
335,19
336,35
336,40
337,20
337,26
338,17
339,16
339,36
339,37
339,38
340,1
340,2
340,10
340,12
340,24
340,39
341,6
341,9
342,13
342,15
342,21
342,25
342,27
342,28
342,30
342,33
343,2
343,4
343,5
343,7
343,8
343,10
343,11
343,12
343,14
343,18
343,19
343,20
343,22
343,23
343,24
343,29
343,31
343,34
343,35
343,36
343,37
343,38
343,39
343,40
344,1
344,3
344,9
344,13
344,15
344,16
344,17
344,25
344,26
344,27
344,32
344,33
345,2
345,4
345,5
345,6
345,8
345,10
345,11
345,12
345,14
345,18
345,19
345,20
345,21
345,22
345,23
345,24
345,28
345,29
345,30
345,31
345,34
345,35
345,36
345,37
345,38
345,39
345,40
346,1
346,3
346,7
346,9
346,13
346,15
346,16
346,17
346,25
346,26
346,27
346,32
346,33
346,39
347,2
347,4
347,5
347,8
347,10
347,11
347,12
347,14
347,18
347,19
347,20
347,21
347,22
347,23
347,24
347,28
347,29
347,31
347,34
347,35
347,36
347,37
347,38
347,40
348,1
348,6
348,9
348,13
348,15
348,25
348,26
348,27
348,30
348,32
348,33
348,39
349,2
349,3
349,4
349,5
349,7
349,8
349,10
349,12
349,16
349,17
349,18
349,19
349,20
349,21
349,23
349,24
349,28
349,29
349,31
349,34
349,35
349,36
349,37
349,38
349,40
350,9
350,11
350,13
350,14
350,15
350,22
350,37
350,39
351,1
351,2
351,4
351,10
351,12
351,18
351,19
351,20
351,21
351,23
351,24
351,25
351,26
351,27
351,28
351,29
351,31
351,32
351,33
351,34
351,35
351,36
351,38
351,40
352,3
352,5
352,6
352,7
352,8
352,17
352,37
352,39
353,2
353,4
353,9
353,10
353,12
353,13
353,18
353,19
353,20
353,21
353,23
353,24
353,25
353,26
353,27
353,28
353,30
353,33
353,34
353,35
353,36
353,38
354,1
354,15
354,16
354,29
354,31
354,36
354,37
354,39
354,40
355,2
355,4
355,9
355,10
355,11
355,12
355,13
355,14
355,18
355,19
355,20
355,24
355,26
355,32
355,33
355,34
355,35
355,38
356,21
356,22
356,23
356,25
356,28
356,37
356,39
357,2
357,3
357,7
357,9
357,13
357,18
357,20
357,27
357,34
357,35
357,36
357,38
358,4
358,5
358,6
358,10
358,12
358,17
358,19
358,24
358,33
358,37
358,39
358,40
359,1
359,36
360,15
360,29
360,35
361,18
361,33
361,37
361,39
362,36
362,38
364,39
366,36
368,39
371,36
371,38
371,39
375,39
377,36
379,38
379,39
380,37
383,39
388,39
389,36
390,37
392,38
394,33
396,39
397,36
397,37
404,36
404,37
405,39
409,33
409,36
412,38
413,36
418,36
418,39
419,35
419,38
421,37
424,36
425,33
429,36
433,38
434,33
435,36
436,39
440,39
441,37
443,36
448,39
449,36
451,37
454,38
455,40
456,39
461,36
463,39
464,37
465,38
468,39
471,36
473,37
473,39
479,39
480,33
480,36
483,35
483,38
484,37
486,40
489,39
492,33
492,39
493,13
497,15
497,36
497,39
499,18
499,33
499,34
500,16
502,10
502,24
503,9
503,25
503,37
503,39
504,12
504,14
504,36
505,4
505,6
505,13
505,17
505,19
505,20
505,33
505,35
505,38
506,1
506,3
506,7
506,11
506,21
506,22
506,23
506,26
506,27
506,28
506,39
507,2
507,5
507,8
507,9
507,10
507,12
507,15
507,18
507,25
507,29
507,30
507,31
507,32
507,34
507,37
507,40
508,1
508,3
508,4
508,6
508,7
508,11
508,13
508,14
508,16
508,17
508,19
508,20
508,21
508,22
508,23
508,24
508,26
508,27
508,28
508,33
508,35
508,36
508,38
508,39
509,2
509,5
509,8
509,9
509,10
509,12
509,15
509,18
509,25
509,29
509,31
509,32
509,34
509,36
509,37
509,39
509,40
510,1
510,3
510,4
510,7
510,11
510,13
510,14
510,16
510,17
510,19
510,20
510,21
510,22
510,23
510,24
510,26
510,27
510,28
510,30
510,33
510,35
510,38
511,2
511,4
511,5
511,6
511,9
511,10
511,12
511,18
511,19
511,20
511,25
511,29
511,31
511,34
511,36
511,37
511,39
511,40
512,1
512,3
512,7
512,8
512,11
512,13
512,14
512,15
512,16
512,17
512,21
512,22
512,23
512,24
512,26
512,27
512,28
512,30
512,32
512,33
512,35
512,38
513,2
513,4
513,5
513,9
513,10
513,12
513,18
513,19
513,20
513,25
513,29
513,31
513,34
513,36
513,37
513,38
513,39
513,40
514,1
514,6
514,8
514,11
514,13
514,14
514,15
514,17
514,21
514,23
514,24
514,26
514,27
514,28
514,32
514,33
514,35
515,2
515,3
515,4
515,7
515,9
515,12
515,16
515,18
515,19
515,20
515,22
515,36
515,37
515,38
515,39
516,1
516,5
516,10
516,13
516,15
516,21
516,23
516,24
516,25
516,26
516,27
516,29
516,30
516,31
516,32
516,33
516,34
516,35
516,40
517,2
517,4
517,8
517,9
517,14
517,17
517,19
517,20
517,28
517,36
517,37
517,38
517,39
518,6
518,10
518,12
518,13
518,18
518,23
518,24
518,33
518,34
518,35
518,40
519,5
519,11
519,21
519,26
519,27
519,37
519,39
520,1
520,36
520,38
521,4
521,9
521,15
521,35
522,33
522,37
522,39
523,2
523,34
526,35
526,39
528,37
531,36
533,39
534,38
535,36
535,37
538,39
541,36
541,37
544,39
546,38
548,35
548,36
549,37
549,39
552,33
556,39
557,36
559,33
563,39
564,38
565,37
567,33
573,36
573,38
573,39
575,33
581,37
583,36
584,38
586,39
587,33
589,36
590,37
595,38
596,33
597,36
597,37
597,39
603,39
604,36
605,37
612,36
612,37
614,39
617,35
620,36
620,39
622,38
626,39
627,33
627,38
628,37
630,39
634,35
636,39
640,13
640,38
641,36
641,37
642,39
643,33
644,35
648,39
652,36
653,37
656,33
656,38
656,39
660,36
662,37
662,39
663,34
668,39
670,36
671,37
673,15
676,35
676,36
677,26
677,38
677,39
678,40
679,17
680,37
681,33
684,5
684,12
684,20
685,8
685,37
686,24
686,39
687,1
687,2
687,4
687,9
687,10
687,19
687,21
687,25
687,28
687,33
687,34
687,36
687,38
687,40
688,7
688,11
688,13
688,16
688,18
688,23
688,29
688,30
688,31
688,35
689,3
689,4
689,6
689,9
689,12
689,14
689,15
689,19
689,20
689,22
689,26
689,27
689,32
689,36
689,37
689,39
690,1
690,2
690,5
690,7
690,8
690,10
690,11
690,13
690,16
690,17
690,18
690,21
690,23
690,24
690,25
690,28
690,31
690,33
690,34
690,35
690,38
690,40
691,3
691,4
691,9
691,12
691,14
691,15
691,19
691,20
691,22
691,26
691,27
691,29
691,30
691,32
691,36
691,37
691,39
692,1
692,2
692,5
692,6
692,7
692,8
692,10
692,11
692,13
692,16
692,17
692,18
692,21
692,23
692,24
692,25
692,28
692,31
692,33
692,34
692,35
692,38
692,40
693,4
693,9
693,12
693,14
693,15
693,19
693,20
693,22
693,26
693,27
693,29
693,32
693,36
693,37
693,39
694,1
694,2
694,3
694,5
694,6
694,8
694,10
694,11
694,13
694,17
694,18
694,21
694,23
694,24
694,25
694,28
694,30
694,31
694,33
694,34
694,35
694,38
694,40
695,4
695,7
695,9
695,12
695,16
695,19
695,20
695,26
695,27
695,29
695,36
695,37
695,39
696,1
696,2
696,8
696,10
696,13
696,14
696,15
696,18
696,21
696,22
696,23
696,24
696,25
696,28
696,31
696,32
696,33
696,34
696,35
696,38
696,40
697,3
697,4
697,5
697,6
697,9
697,11
697,12
697,17
697,20
697,30
697,36
697,37
697,39
698,2
698,10
698,13
698,18
698,19
698,23
698,24
698,25
698,26
698,27
698,29
698,31
698,33
698,35
698,38
698,40
699,1
699,7
699,9
699,12
699,14
699,15
699,16
699,21
699,34
699,36
699,37
699,39
700,2
700,4
700,13
700,20
700,28
700,35
700,38
701,8
701,10
701,18
701,19
701,24
701,26
701,29
701,32
701,33
701,37
701,39
701,40
702,23
702,36
703,9
703,34
703,38
703,39
704,2
704,20
704,37
706,39
708,37
709,35
709,36
709,39
712,39
714,37
715,39
718,39
720,37
721,39
724,39
725,36
729,39
730,37
731,36
732,39
734,38
735,36
736,39
740,36
740,39
745,36
745,39
749,37
749,38
751,39
756,39
757,33
757,36
758,38
759,37
764,39
765,36
766,37
767,38
771,39
775,36
775,38
779,37
780,39
781,33
787,37
789,38
789,39
790,40
793,33
793,34
795,37
796,36
798,38
799,39
804,37
804,39
805,33
805,38
806,36
814,36
814,37
814,38
814,39
817,35
821,37
821,38
821,39
824,36
827,38
830,37
831,39
832,36
834,4
834,38
836,1
837,37
838,36
839,34
839,39
840,4
840,20
840,38
841,5
841,15
842,2
842,18
842,33
843,36
843,39
844,17
844,22
844,24
844,28
844,34
844,37
844,38
844,40
845,4
845,9
845,12
845,13
845,14
845,16
845,19
845,23
845,25
845,26
846,3
846,10
846,29
846,32
846,35
847,1
847,2
847,4
847,6
847,7
847,8
847,9
847,11
847,12
847,13
847,14
847,15
847,18
847,19
847,20
847,21
847,22
847,23
847,24
847,25
847,26
847,27
847,28
847,30
847,31
847,33
847,34
847,36
847,37
847,38
847,39
847,40
848,1
848,2
848,4
848,5
848,9
848,10
848,12
848,13
848,16
848,17
848,18
848,19
848,21
848,23
848,24
848,26
848,27
848,29
848,32
848,35
848,36
848,37
848,38
848,39
849,2
849,3
849,6
849,7
849,8
849,9
849,11
849,14
849,15
849,20
849,22
849,25
849,28
849,30
849,31
849,33
849,34
849,37
849,39
849,40
850,1
850,4
850,5
850,10
850,12
850,13
850,16
850,17
850,18
850,19
850,21
850,23
850,24
850,26
850,27
850,29
850,32
850,35
850,36
850,38
851,2
851,7
851,9
851,11
851,14
851,15
851,20
851,25
851,28
851,31
851,33
851,34
851,37
851,38
851,39
851,40
852,1
852,3
852,4
852,5
852,6
852,8
852,10
852,12
852,13
852,18
852,19
852,21
852,22
852,23
852,24
852,26
852,27
852,29
852,30
852,35
852,36
853,2
853,9
853,13
853,16
853,17
853,20
853,24
853,32
853,33
853,34
853,35
853,36
853,37
853,38
853,39
853,40
854,1
854,3
854,4
854,5
854,7
854,8
854,10
854,11
854,12
854,14
854,15
854,18
854,19
854,21
854,23
854,25
854,26
854,27
854,28
854,29
854,31
855,1
855,2
855,4
855,6
855,9
855,10
855,12
855,13
855,15
855,18
855,19
855,20
855,22
855,23
855,24
855,26
855,30
855,31
855,34
855,35
855,36
855,37
855,38
855,39
855,40
856,3
856,5
856,7
856,8
856,11
856,14
856,16
856,17
856,21
856,25
856,27
856,28
856,29
856,32
856,33
857,1
857,2
857,4
857,9
857,10
857,12
857,13
857,18
857,19
857,20
857,23
857,24
857,26
857,34
857,35
857,36
857,37
857,38
857,39
857,40
858,6
858,15
858,25
858,27
858,31
858,33
859,8
859,11
859,17
859,21
859,22
859,29
859,30
859,36
859,37
859,38
859,39
860,5
860,9
860,13
860,20
860,32
860,34
860,35
861,2
861,24
861,33
861,37
861,39
861,40
862,18
862,36
862,38
865,39
866,36
869,39
871,36
872,33
873,39
876,36
878,39
881,36
882,33
884,39
889,36
889,39
895,38
895,39
896,36
898,37
902,36
902,39
904,38
909,39
912,37
914,38
916,36
917,33
922,39
923,38
926,33
926,39
927,36
929,39
932,39
933,37
937,39
938,37
939,33
942,38
944,37
945,36
945,39
948,38
950,39
952,37
956,38
957,33
957,39
960,36
965,38
967,37
967,39
968,36
970,34
971,39
976,39
981,36
982,33
983,35
983,37
983,38
983,39
987,40
989,37
991,33
993,13
995,36
995,39
997,15
997,19
999,18
999,25
999,38
1000,33
1000,34
1001,9
1001,12
1001,20
1001,27
1002,4
1002,10
1002,26
1002,28
1002,35
1002,36
1002,37
1002,39
1003,2
1003,5
1003,16
1003,21
1003,24
1003,29
1003,31
1004,1
1004,3
1004,7
1004,9
1004,11
1004,17
1004,18
1004,19
1004,20
1004,22
1004,23
1004,38
1004,40
1005,2
1005,4
1005,6
1005,8
1005,10
1005,12
1005,13
1005,14
1005,15
1005,21
1005,24
1005,25
1005,26
1005,27
1005,28
1005,29
1005,30
1005,31
1005,32
1005,33
1005,34
1005,35
1005,36
1005,37
1005,39
1006,1
1006,3
1006,5
1006,7
1006,9
1006,11
1006,16
1006,17
1006,18
1006,19
1006,20
1006,22
1006,23
1006,38
1006,40
1007,2
1007,4
1007,6
1007,8
1007,10
1007,12
1007,13
1007,14
1007,15
1007,21
1007,24
1007,25
1007,26
1007,27
1007,28
1007,29
1007,31
1007,32
1007,33
1007,34
1007,35
1007,36
1007,37
1007,39
1008,1
1008,5
1008,7
1008,9
1008,11
1008,16
1008,17
1008,18
1008,19
1008,20
1008,23
1008,30
1008,38
1008,40
1009,2
1009,3
1009,4
1009,8
1009,10
1009,12
1009,13
1009,14
1009,15
1009,21
1009,22
1009,24
1009,25
1009,26
1009,27
1009,28
1009,29
1009,31
1009,32
1009,33
1009,34
1009,35
1009,36
1009,37
1009,39
1010,1
1010,5
1010,6
1010,9
1010,18
1010,19
1010,20
1010,23
1010,38
1010,39
1010,40
1011,2
1011,4
1011,7
1011,8
1011,10
1011,11
1011,12
1011,13
1011,15
1011,16
1011,17
1011,21
1011,24
1011,25
1011,26
1011,27
1011,30
1011,31
1011,33
1011,34
1011,35
1011,36
1011,37
1012,3
1012,9
1012,14
1012,22
1012,28
1012,29
1012,32
1012,36
1012,38
1012,39
1012,40
1013,1
1013,2
1013,4
1013,10
1013,12
1013,13
1013,18
1013,19
1013,20
1013,23
1013,24
1013,25
1013,26
1013,27
1013,33
1013,35
1013,37
1014,5
1014,6
1014,11
1014,15
1014,16
1014,17
1014,21
1014,31
1014,34
1014,36
1014,37
1014,39
1015,1
1015,2
1015,4
1015,8
1015,9
1015,10
1015,12
1015,13
1015,18
1015,19
1015,20
1015,23
1015,24
1015,33
1015,35
1015,38
1016,3
1016,25
1016,26
1016,27
1016,28
1016,29
1016,36
1016,37
1016,39
1016,40
1017,2
1017,9
1017,10
1017,12
1017,13
1017,19
1017,20
1017,22
1017,24
1017,30
1017,32
1017,33
1017,34
1017,35
1017,38
1018,1
1018,4
1018,14
1018,18
1018,23
1018,37
1018,39
1019,5
1019,7
1019,15
1019,33
1019,36
1020,9
1020,13
1020,19
1020,20
1020,34
1020,35
1020,38
1021,24
1021,37
1021,39
1021,40
1022,2
1022,36
1025,36
1025,37
1025,39
1029,39
1030,36
1030,37
1033,39
1035,37
1036,36
1036,39
1039,37
1040,39
1043,37
1043,39
1046,39
1047,36
1047,37
1050,37
1051,39
1054,37
1055,39
1058,37
1058,39
1062,37
1063,39
1065,36
1069,37
1069,39
1071,36
1072,38
1075,36
1076,37
1076,39
1082,36
1082,39
1083,37
1084,33
1084,38
1090,39
1091,33
1091,36
1093,37
1097,39
1099,37
1101,39
1102,36
1103,38
1104,39
1107,36
1107,39
1111,36
1111,39
1116,36
1116,39
1118,38
1119,33
1119,37
1125,36
1126,35
1126,37
1129,33
1129,39
1132,38
1135,36
1136,37
1137,39
1140,36
1141,39
1142,38
1143,4
1144,39
1145,36
1147,37
1148,17
1148,39
1149,34
1150,18
1152,39
1153,15
1154,38
1155,23
1155,36
1155,39
1155,40
1157,35
1157,37
1159,39
1163,39
1164,38
1167,39
1168,33
1172,39
1175,13
1176,38
1177,33
1178,16
1178,39
1179,12
1179,37
1180,9
1180,10
1180,20
1180,24
1181,26
1181,27
1182,1
1182,5
1182,29
1182,32
1182,35
1182,36
1182,39
1183,2
1183,3
1183,4
1183,6
1183,7
1183,8
1183,9
1183,11
1183,13
1183,18
1183,19
1183,20
1183,21
1183,22
1183,23
1183,24
1183,25
1183,28
1183,30
1183,31
1183,33
1183,34
1183,37
1183,38
1183,40
1184,4
1184,10
1184,12
1184,14
1184,15
1184,17
1184,18
1184,19
1184,26
1184,27
1184,39
1185,1
1185,2
1185,3
1185,5
1185,6
1185,7
1185,8
1185,9
1185,11
1185,13
1185,16
1185,20
1185,21
1185,22
1185,23
1185,24
1185,25
1185,28
1185,29
1185,30
1185,31
1185,32
1185,33
1185,34
1185,35
1185,36
1185,37
1185,38
1185,40
1186,2
1186,4
1186,10
1186,12
1186,13
1186,14
1186,15
1186,17
1186,18
1186,19
1186,26
1186,27
1186,37
1186,39
1187,1
1187,3
1187,5
1187,6
1187,7
1187,8
1187,9
1187,11
1187,16
1187,20
1187,21
1187,22
1187,23
1187,24
1187,25
1187,28
1187,29
1187,30
1187,31
1187,32
1187,33
1187,34
1187,35
1187,36
1187,38
1187,40
1188,2
1188,4
1188,10
1188,12
1188,13
1188,14
1188,15
1188,17
1188,18
1188,19
1188,26
1188,27
1188,36
1188,37
1188,39
1189,1
1189,5
1189,7
1189,8
1189,9
1189,11
1189,16
1189,20
1189,21
1189,22
1189,23
1189,24
1189,25
1189,28
1189,29
1189,31
1189,32
1189,33
1189,34
1189,35
1189,38
1189,40
1190,2
1190,3
1190,4
1190,6
1190,10
1190,12
1190,13
1190,15
1190,17
1190,18
1190,19
1190,26
1190,30
1190,36
1190,37
1190,39
1191,1
1191,5
1191,9
1191,14
1191,20
1191,21
1191,23
1191,24
1191,25
1191,27
1191,28
1191,29
1191,31
1191,33
1191,34
1191,35
1191,38
1191,40
1192,2
1192,4
1192,7
1192,8
1192,10
1192,11
1192,12
1192,13
1192,16
1192,18
1192,19
1192,22
1192,26
1192,32
1192,36
1192,37
1192,39
1193,9
1193,15
1193,17
1193,20
1193,24
1193,33
1193,34
1193,35
1193,38
1194,1
1194,2
1194,3
1194,5
1194,10
1194,12
1194,13
1194,18
1194,21
1194,23
1194,25
1194,26
1194,27
1194,29
1194,31
1194,36
1194,37
1194,39
1194,40
1195,4
1195,6
1195,19
1195,28
1196,1
1196,2
1196,9
1196,12
1196,13
1196,14
1196,18
1196,20
1196,24
1196,33
1196,35
1196,36
1196,37
1196,38
1196,39
1196,40
1197,10
1197,23
1197,26
1197,27
1197,29
1197,34
1198,15
1198,36
1198,37
1198,39
1199,33
1199,38
1200,9
1200,35
1203,8
1203,36
1203,37
1203,39
1206,33
1207,36
1209,39
1210,38
1211,37
1212,36
1215,39
1217,36
1220,37
1220,38
1225,33
1225,39
1226,37
1227,36
1234,33
1234,36
1234,37
1239,38
1239,39
1240,37
1246,33
1246,37
1247,36
1248,39
1254,37
1255,33
1256,39
1261,37
1262,33
1263,36
1267,33
1268,36
1268,39
1269,37
1275,33
1275,36
1276,37
1277,39
1279,38
1283,37
1283,39
1284,36
1288,37
1289,39
1292,36
1294,37
1295,39
1296,33
1298,37
1299,39
1302,37
1302,39
1306,36
1306,39
1308,37
1310,35
1312,39
1313,37
1316,36
1318,37
1321,39
1323,36
1323,38
1325,39
1325,40
1326,37
1329,33
1329,39
1332,37
1333,39
1337,36
1338,33
1338,39
1341,37
1344,39
1345,37
1347,34
1349,4
1350,37
1351,18
1351,35
1352,36
1352,39
1354,1
1355,37
1357,33
1357,38
1358,4
1358,9
1358,36
1359,15
1359,34
1362,16
1362,36
1362,37
1363,38
1364,5
1364,19
1364,28
1364,35
1365,17
1365,25
1365,30
1366,21
1366,39
1366,40
1367,2
1367,11
1367,18
1367,24
1367,27
1367,33
1367,36
1367,37
1367,38
1368,3
1368,4
1368,7
1368,8
1368,10
1368,12
1368,13
1368,14
1368,19
1368,20
1368,22
1368,32
1368,35
1369,1
1369,6
1369,9
1369,23
1369,26
1369,29
1369,31
1369,36
1369,37
1369,39
1370,2
1370,3
1370,4
1370,5
1370,10
1370,11
1370,12
1370,13
1370,15
1370,16
1370,17
1370,18
1370,19
1370,20
1370,21
1370,22
1370,24
1370,25
1370,27
1370,28
1370,30
1370,32
1370,33
1370,34
1370,35
1370,38
1370,40
1371,1
1371,2
1371,4
1371,7
1371,8
1371,9
1371,13
1371,14
1371,18
1371,19
1371,20
1371,23
1371,26
1371,29
1371,35
1371,36
1371,37
1371,38
1371,39
1372,3
1372,5
1372,6
1372,10
1372,11
1372,12
1372,15
1372,16
1372,17
1372,21
1372,22
1372,24
1372,25
1372,27
1372,28
1372,30
1372,31
1372,32
1372,33
1372,34
1372,40
1373,1
1373,2
1373,4
1373,8
1373,9
1373,13
1373,14
1373,18
1373,19
1373,20
1373,23
1373,26
1373,29
1373,35
1373,36
1373,37
1373,38
1373,39
1374,5
1374,7
1374,10
1374,11
1374,12
1374,15
1374,17
1374,21
1374,24
1374,25
1374,27
1374,28
1374,31
1374,32
1374,33
1374,34
1374,40
1375,2
1375,3
1375,4
1375,6
1375,9
1375,13
1375,16
1375,18
1375,19
1375,20
1375,22
1375,23
1375,26
1375,30
1375,35
1375,36
1375,37
1375,38
1375,39
1376,1
1376,8
1376,10
1376,12
1376,14
1376,15
1376,21
1376,24
1376,25
1376,27
1376,28
1376,29
1376,31
1376,33
1376,34
1376,40
1377,2
1377,4
1377,5
1377,7
1377,9
1377,11
1377,13
1377,17
1377,18
1377,19
1377,20
1377,23
1377,26
1377,32
1377,35
1377,36
1377,37
1377,38
1377,39
1378,6
1378,10
1378,12
1378,15
1378,16
1378,24
1378,27
1378,31
1378,33
1378,34
1378,40
1379,1
1379,2
1379,3
1379,4
1379,8
1379,9
1379,18
1379,20
1379,21
1379,22
1379,25
1379,28
1379,29
1379,35
1379,36
1379,37
1379,38
1379,39
1380,13
1380,14
1380,19
1380,23
1380,26
1380,33
1381,9
1381,10
1381,12
1381,17
1381,24
1381,34
1381,36
1381,37
1381,38
1381,39
1381,40
1382,1
1382,4
1382,18
1382,20
1382,35
1383,2
1383,15
1383,27
1384,37
1384,39
1385,36
1386,33
1388,37
1389,36
1391,38
1392,39
1393,37
1394,36
1395,33
1399,36
1399,37
1401,39
1404,36
1404,37
1409,37
1410,33
1412,36
1412,38
1414,39
1417,37
1418,33
1423,33
1424,37
1426,36
1429,33
1430,38
1434,33
1434,37
1435,36
1440,37
1442,38
1443,33
1447,39
1448,37
1450,36
1451,39
1453,33
1455,39
1456,37
1460,33
1461,36
1461,39
1463,37
1467,33
1469,39
1470,37
1473,39
1474,33
1478,39
1482,33
1482,36
1483,37
1485,34
1486,39
1491,39
1494,38
1494,39
1495,33
1499,36
1499,39
1501,33
1502,40
1503,39
1504,35
1506,39
1509,36
1510,39
1513,39
1516,37
1516,38
1517,39
1518,24
1520,33
1521,36
1521,39
1524,13
1525,38
1526,15
1527,33
1527,39
1529,4
1529,25
1529,35
1529,36
1530,2
1530,23
1530,27
1531,9
1531,12
1532,21
1532,26
1532,28
1532,31
1532,37
1532,39
1532,40
1533,5
1533,6
1533,7
1533,8
1533,11
1533,16
1533,17
1533,18
1533,19
1533,20
1533,30
1533,32
1533,33
1533,35
1533,38
1534,1
1534,2
1534,3
1534,4
1534,10
1534,13
1534,14
1534,15
1534,22
1534,24
1534,29
1534,34
1534,36
1535,5
1535,8
1535,9
1535,12
1535,17
1535,18
1535,19
1535,20
1535,21
1535,23
1535,25
1535,26
1535,27
1535,28
1535,31
1535,32
1535,33
1535,35
1535,37
1535,38
1535,39
1535,40
1536,1
1536,2
1536,3
1536,4
1536,6
1536,7
1536,10
1536,11
1536,13
1536,14
1536,16
1536,22
1536,24
1536,29
1536,30
1536,34
1536,36
1537,5
1537,8
1537,9
1537,12
1537,15
1537,17
1537,18
1537,19
1537,20
1537,21
1537,23
1537,25
1537,26
1537,27
1537,28
1537,31
1537,32
1537,33
1537,35
1537,37
1537,38
1537,39
1537,40
1538,1
1538,2
1538,3
1538,4
1538,6
1538,7
1538,10
1538,11
1538,13
1538,14
1538,16
1538,22
1538,24
1538,29
1538,34
1538,36
1539,5
1539,8
1539,9
1539,12
1539,15
1539,17
1539,18
1539,19
1539,20
1539,21
1539,23
1539,25
1539,26
1539,27
1539,28
1539,30
1539,32
1539,33
1539,35
1539,37
1539,38
1539,39
1539,40
1540,1
1540,2
1540,4
1540,6
1540,10
1540,11
1540,13
1540,16
1540,24
1540,29
1540,31
1540,34
1540,36
1541,3
1541,7
1541,9
1541,12
1541,14
1541,15
1541,18
1541,19
1541,20
1541,21
1541,22
1541,23
1541,25
1541,26
1541,33
1541,35
1541,37
1541,38
1541,39
1541,40
1542,1
1542,2
1542,4
1542,5
1542,8
1542,10
1542,13
1542,17
1542,24
1542,27
1542,28
1542,29
1542,32
1542,34
1542,36
1542,39
1543,9
1543,15
1543,19
1543,30
1543,31
1543,35
1543,37
1543,38
1544,2
1544,10
1544,11
1544,12
1544,13
1544,14
1544,16
1544,18
1544,20
1544,23
1544,25
1544,26
1544,27
1544,33
1544,36
1544,39
1544,40
1545,1
1545,4
1545,21
1545,24
1545,34
1545,37
1545,39
1546,6
1546,9
1546,10
1546,12
1546,13
1546,35
1546,36
1546,38
1546,40
1547,2
1547,18
1547,20
1547,26
1547,33
1547,39
1548,29
1548,37
1549,36
1549,39
1551,37
1552,38
1552,39
1554,36
1554,37
1556,39
1558,36
1558,37
1560,39
1563,37
1564,36
1564,39
1568,36
1568,39
1569,37
1573,37
1574,36
1574,39
1578,38
1579,39
1580,37
1581,36
1582,39
1585,37
1586,36
1586,39
1590,39
1592,36
1592,37
1596,39
1597,36
1601,36
1601,39
1602,37
1603,38
1607,39
1608,37
1609,36
1609,38
1610,33
1614,37
1615,36
1615,38
1620,37
1621,38
1621,39
1623,36
1627,37
1627,39
1632,36
1632,39
1633,37
1637,39
1639,38
1640,36
1643,39
1644,36
1644,37
1649,36
1651,33
1651,35
1653,37
1653,38
1654,39
1655,36
1659,37
1660,36
1665,36
1665,38
1665,39
1666,37
1672,34
1673,33
1673,36
1673,39
1674,37
1681,37
1682,10
1682,36
1682,39
1683,4
1683,35
1686,15
1686,33
1687,13
1687,36
1687,37
1688,17
1689,19
1689,38
1690,18
1691,27
1691,37
1691,39
1692,25
1692,36
1692,40
1693,1
1693,4
1693,9
1693,23
1693,24
1693,28
1694,15
1695,2
1695,5
1695,11
1695,12
1695,13
1695,14
1695,16
1695,21
1695,22
1695,32
1695,36
1695,38
1696,1
1696,3
1696,4
1696,6
1696,7
1696,8
1696,9
1696,10
1696,18
1696,19
1696,20
1696,23
1696,24
1696,26
1696,27
1696,29
1696,30
1696,31
1696,33
1696,34
1696,35
1696,37
1696,39
1696,40
1697,2
1697,5
1697,11
1697,12
1697,13
1697,14
1697,15
1697,16
1697,17
1697,21
1697,25
1697,28
1697,32
1697,36
1697,38
1698,1
1698,3
1698,4
1698,6
1698,7
1698,8
1698,9
1698,10
1698,18
1698,19
1698,20
1698,22
1698,23
1698,24
1698,26
1698,27
1698,29
1698,30
1698,31
1698,33
1698,34
1698,35
1698,37
1698,39
1698,40
1699,2
1699,5
1699,11
1699,12
1699,13
1699,14
1699,15
1699,16
1699,17
1699,21
1699,25
1699,28
1699,32
1699,36
1699,38
1699,39
1700,1
1700,3
1700,4
1700,7
1700,8
1700,9
1700,10
1700,18
1700,19
1700,20
1700,22
1700,23
1700,24
1700,26
1700,27
1700,29
1700,31
1700,33
1700,34
1700,35
1700,37
1700,40
1701,2
1701,6
1701,12
1701,13
1701,15
1701,17
1701,21
1701,25
1701,30
1701,36
1701,38
1701,39
1702,1
1702,3
1702,4
1702,5
1702,9
1702,10
1702,11
1702,14
1702,16
1702,18
1702,19
1702,20
1702,23
1702,24
1702,26
1702,27
1702,28
1702,29
1702,31
1702,32
1702,34
1702,35
1702,37
1702,40
1703,2
1703,7
1703,8
1703,9
1703,12
1703,13
1703,18
1703,20
1703,22
1703,25
1703,33
1703,36
1703,37
1703,38
1703,39
1704,1
1704,3
1704,4
1704,5
1704,6
1704,10
1704,14
1704,15
1704,17
1704,19
1704,21
1704,23
1704,24
1704,26
1704,27
1704,28
1704,29
1704,30
1704,31
1704,34
1704,35
1704,40
1705,2
1705,9
1705,11
1705,12
1705,13
1705,16
1705,18
1705,19
1705,20
1705,32
1705,33
1705,35
1705,36
1705,37
1705,38
1705,39
1706,1
1706,4
1706,7
1706,8
1706,10
1706,14
1706,15
1706,21
1706,23
1706,24
1706,25
1706,26
1706,27
1706,28
1706,31
1706,34
1706,40
1707,5
1707,9
1707,17
1707,20
1707,22
1707,29
1707,35
1707,36
1707,37
1707,38
1707,39
1708,2
1708,4
1708,12
1708,13
1708,15
1708,18
1708,19
1708,21
1708,23
1708,24
1708,26
1708,33
1708,34
1708,40
1709,1
1709,10
1709,37
1709,39
1710,3
1710,6
1710,9
1710,11
1710,25
1710,27
1710,35
1710,36
1710,38
1711,2
1711,4
1711,20
1711,24
1711,31
1711,40
1712,13
1712,19
1712,33
1712,34
1712,37
1712,39
1713,35
1713,36
1716,38
1716,39
1719,39
1720,36
1721,37
1723,39
1726,36
1726,39
1730,39
1731,37
1733,39
1734,36
1737,39
1740,36
1741,39
1745,36
1745,39
1751,39
1754,36
1754,37
1757,39
1758,33
1759,37
1761,39
1764,37
1766,39
1768,33
1768,36
1769,38
1770,39
1774,37
1775,39
1777,33
1778,39
1782,39
1785,37
1787,39
1792,38
1793,36
1793,39
1794,37
1798,39
1800,37
1801,33
1801,39
1805,39
1806,37
1809,36
1810,37
1810,39
1813,38
1815,36
1815,37
1817,39
1819,37
1822,39
1824,37
1828,37
1829,36
1829,39
1831,38
1833,33
1833,37
1834,39
1836,36
1838,39
1840,37
1841,36
1843,39
1845,37
1846,10
1846,36
1850,37
1850,38
1851,36
1851,39
1855,13
1856,36
1858,34
1858,38
1858,40
1859,18
1859,35
1859,37
1859,39
1860,9
1860,36
1862,1
1863,36
1865,20
1865,37
1866,13
1866,38
1866,39
1867,4
1867,26
1867,27
1867,33
1867,36
1869,36
1870,16
1870,17
1870,37
1872,15
1872,24
1872,29
1872,35
1872,36
1872,38
1872,39
1873,25
1873,33
1873,37
1874,2
1874,19
1874,34
1875,21
1875,22
1875,28
1876,18
1876,37
1877,5
1877,11
1877,36
1877,39
1878,3
1878,4
1878,7
1878,9
1878,12
1878,14
1878,20
1878,23
1878,31
1878,32
1878,33
1879,1
1879,2
1879,6
1879,8
1879,10
1879,13
1879,17
1879,19
1879,30
1879,34
1879,35
1879,36
1879,37
1879,38
1879,40
1880,4
1880,9
1880,12
1880,14
1880,15
1880,16
1880,18
1880,20
1880,21
1880,23
1880,24
1880,25
1880,26
1880,27
1880,29
1880,31
1880,33
1880,39
1881,2
1881,3
1881,5
1881,7
1881,10
1881,11
1881,13
1881,19
1881,22
1881,28
1881,32
1881,35
1881,36
1881,37
1881,38
1881,40
1882,1
1882,4
1882,6
1882,8
1882,9
1882,12
1882,14
1882,15
1882,16
1882,17
1882,18
1882,20
1882,21
1882,23
1882,24
1882,25
1882,26
1882,27
1882,29
1882,30
1882,31
1882,33
1882,34
1882,39
1883,2
1883,5
1883,9
1883,10
1883,11
1883,13
1883,15
1883,19
1883,24
1883,28
1883,32
1883,35
1883,36
1883,37
1883,38
1883,39
1883,40
1884,1
1884,3
1884,4
1884,6
1884,7
1884,8
1884,12
1884,14
1884,16
1884,17
1884,18
1884,20
1884,21
1884,22
1884,23
1884,25
1884,26
1884,27
1884,29
1884,30
1884,31
1884,33
1884,34
1885,1
1885,2
1885,4
1885,9
1885,10
1885,12
1885,13
1885,15
1885,18
1885,19
1885,20
1885,24
1885,25
1885,26
1885,28
1885,34
1885,35
1885,36
1885,37
1885,38
1885,39
1885,40
1886,3
1886,5
1886,6
1886,7
1886,8
1886,11
1886,14
1886,16
1886,17
1886,21
1886,22
1886,23
1886,27
1886,29
1886,30
1886,31
1886,32
1886,33
1887,1
1887,2
1887,4
1887,9
1887,10
1887,12
1887,13
1887,18
1887,19
1887,20
1887,24
1887,25
1887,26
1887,28
1887,34
1887,35
1887,36
1887,37
1887,38
1887,39
1887,40
1888,5
1888,7
1888,8
1888,11
1888,14
1888,15
1888,21
1888,23
1888,27
1888,29
1888,31
1888,32
1888,33
1889,2
1889,3
1889,4
1889,6
1889,9
1889,13
1889,16
1889,17
1889,18
1889,19
1889,20
1889,22
1889,24
1889,30
1889,34
1889,35
1889,36
1889,37
1889,38
1889,39
1890,1
1890,10
1890,12
1890,23
1890,25
1890,26
1890,27
1890,28
1890,33
1890,40
1891,4
1891,5
1891,13
1891,15
1891,18
1891,21
1891,31
1891,35
1891,36
1891,37
1891,38
1891,39
1892,2
1892,9
1892,19
1892,20
1892,24
1892,29
1892,32
1892,34
1893,33
1893,39
1893,40
1894,1
1894,36
1894,37
1894,38
1895,12
1896,39
1899,36
1899,37
1899,39
1902,39
1904,39
1905,36
1906,37
1907,39
1910,39
1913,36
1913,39
1915,33
1915,37
1918,39
1919,36
1920,37
1922,39
1925,33
1925,36
1926,37
1926,39
1930,36
1930,37
1932,39
1936,33
1936,36
1937,37
1938,39
1943,39
1944,36
1946,33
1946,37
1947,38
1951,37
1952,39
1955,37
1956,38
1958,39
1960,36
1960,37
1962,39
1966,37
1966,39
1968,36
1970,39
1972,38
1973,37
1975,39
1978,37
1981,33
1982,36
1982,39
1984,37
1988,36
1989,37
1990,33
1990,39
1994,36
1996,37
1998,38
1998,39
2000,33
2000,37
2007,36
2007,39
2008,37
2010,38
2016,33
2016,37
2017,34
2017,35
2017,36
2017,39
2018,20
2018,38
2021,39
2022,37
2025,38
2026,37
2027,39
2030,36
2030,37
2031,39
2033,38
2035,37
2037,39
2039,37
2039,38
2040,39
2042,17
2044,37
2044,39
2045,38
2046,33
2047,36
2048,15
2051,24
2051,39
2052,13
2052,37
2052,38
2053,4
2053,9
2054,36
2055,25
2055,35
2055,37
2056,5
2056,33
2056,34
2056,39
2057,23
2057,27
2057,29
2058,18
2058,26
2058,38
2059,19
2059,28
2059,37
2059,40
2060,2
2060,4
2060,20
2060,35
2060,39
2061,1
2061,3
2061,7
2061,10
2061,11
2061,16
2061,21
2061,32
2061,34
2061,36
2062,6
2062,8
2062,9
2062,12
2062,14
2062,22
2062,23
2062,30
2062,31
2062,37
2062,39
2063,1
2063,2
2063,4
2063,13
2063,15
2063,17
2063,18
2063,19
2063,20
2063,24
2063,25
2063,26
2063,27
2063,29
2063,33
2063,35
2063,36
2063,38
2063,40
2064,3
2064,5
2064,7
2064,9
2064,10
2064,11
2064,12
2064,14
2064,16
2064,21
2064,23
2064,28
2064,32
2064,34
2064,37
2064,39
2065,1
2065,2
2065,4
2065,6
2065,8
2065,13
2065,15
2065,17
2065,18
2065,19
2065,20
2065,22
2065,24
2065,25
2065,26
2065,27
2065,29
2065,30
2065,31
2065,33
2065,35
2065,36
2065,38
2065,40
2066,5
2066,7
2066,9
2066,10
2066,11
2066,12
2066,14
2066,21
2066,23
2066,28
2066,32
2066,34
2066,37
2066,39
2067,1
2067,2
2067,3
2067,4
2067,8
2067,13
2067,15
2067,16
2067,17
2067,18
2067,19
2067,20
2067,22
2067,24
2067,25
2067,26
2067,27
2067,29
2067,31
2067,33
2067,35
2067,36
2067,38
2067,40
2068,6
2068,9
2068,10
2068,12
2068,21
2068,23
2068,30
2068,34
2068,37
2068,39
2069,1
2069,2
2069,4
2069,5
2069,7
2069,8
2069,11
2069,13
2069,14
2069,15
2069,16
2069,17
2069,18
2069,19
2069,20
2069,24
2069,25
2069,26
2069,27
2069,28
2069,29
2069,31
2069,32
2069,33
2069,35
2069,36
2069,38
2069,40
2070,2
2070,3
2070,9
2070,10
2070,12
2070,18
2070,19
2070,22
2070,34
2070,35
2070,36
2070,37
2070,38
2070,39
2071,1
2071,4
2071,5
2071,6
2071,8
2071,11
2071,13
2071,14
2071,15
2071,16
2071,17
2071,20
2071,21
2071,23
2071,24
2071,25
2071,26
2071,27
2071,28
2071,29
2071,31
2071,32
2071,33
2071,40
2072,2
2072,7
2072,9
2072,13
2072,18
2072,19
2072,20
2072,24
2072,30
2072,33
2072,35
2072,36
2072,37
2072,38
2072,39
2073,1
2073,3
2073,4
2073,5
2073,6
2073,8
2073,10
2073,11
2073,12
2073,14
2073,15
2073,17
2073,21
2073,22
2073,23
2073,25
2073,26
2073,27
2073,28
2073,29
2073,31
2073,32
2073,34
2073,40
2074,2
2074,9
2074,13
2074,16
2074,18
2074,19
2074,20
2074,24
2074,33
2074,35
2074,36
2074,37
2074,38
2074,39
2074,40
2075,1
2075,4
2075,5
2075,7
2075,8
2075,10
2075,12
2075,14
2075,15
2075,21
2075,23
2075,25
2075,26
2075,27
2075,28
2075,29
2075,30
2075,31
2075,32
2075,34
2076,3
2076,6
2076,9
2076,11
2076,17
2076,22
2076,36
2076,37
2076,38
2076,39
2077,1
2077,2
2077,4
2077,5
2077,10
2077,12
2077,13
2077,15
2077,18
2077,19
2077,20
2077,21
2077,23
2077,24
2077,25
2077,26
2077,27
2077,31
2077,33
2077,34
2077,35
2077,40
2078,8
2078,28
2078,29
2078,36
2078,37
2078,39
2079,2
2079,4
2079,9
2079,10
2079,12
2079,13
2079,18
2079,19
2079,20
2079,23
2079,24
2079,26
2079,33
2079,34
2079,35
2079,38
2079,40
2080,1
2080,16
2080,21
2080,39
2081,35
2081,36
2081,37
2081,38
2082,9
2082,12
2082,13
2082,20
2082,24
2082,34
2083,4
2083,39
2083,40
2084,33
2085,36
2088,39
2092,36
2093,39
2097,39
2100,36
2102,39
2108,39
2109,38
2110,36
2110,37
2115,39
2116,36
2119,39
2123,36
2124,33
2124,39
2128,39
2131,37
2134,39
2135,36
2138,39
2141,38
2143,36
2143,39
2146,37
2148,39
2150,36
2153,39
2158,36
2160,37
2160,39
2161,33
2165,38
2168,39
2169,36
2176,39
2177,34
2177,37
2178,36
2184,36
2186,37
2186,38
2186,40
2190,39
2191,36
2195,33
2197,36
2197,37
2198,35
2198,39
2204,39
2205,33
2208,36
2209,38
2213,33
2217,36
2217,39
2218,12
2219,37
2220,15
2223,36
2223,38
2224,35
2226,13
2226,34
2226,37
2226,39
2227,36
2231,36
2231,39
2234,18
2236,37
2237,39
2238,23
2239,3
2239,10
2239,33
2239,40
2240,4
2241,26
2241,34
2241,35
2241,36
2241,37
2241,38
2242,17
2242,39
2243,1
2243,16
2243,20
2243,22
2243,29
2244,12
2245,24
2245,36
2245,37
2246,2
2246,5
2246,6
2246,7
2246,8
2246,9
2246,10
2246,11
2246,14
2246,18
2246,19
2246,20
2246,25
2246,27
2246,28
2246,30
2246,33
2246,34
2246,38
2246,39
2247,1
2247,4
2247,13
2247,15
2247,21
2247,26
2247,31
2247,32
2247,35
2247,40
2248,2
2248,3
2248,5
2248,6
2248,7
2248,9
2248,10
2248,11
2248,12
2248,14
2248,16
2248,17
2248,18
2248,19
2248,20
2248,22
2248,23
2248,24
2248,25
2248,27
2248,28
2248,29
2248,33
2248,34
2248,36
2248,37
2248,38
2248,39
2249,1
2249,2
2249,4
2249,8
2249,9
2249,13
2249,15
2249,18
2249,19
2249,21
2249,26
2249,30
2249,31
2249,32
2249,35
2249,37
2249,39
2249,40
2250,3
2250,5
2250,6
2250,7
2250,10
2250,11
2250,12
2250,14
2250,16
2250,17
2250,20
2250,22
2250,23
2250,24
2250,25
2250,27
2250,28
2250,29
2250,33
2250,34
2250,36
2250,38
2251,1
2251,2
2251,4
2251,9
2251,13
2251,15
2251,18
2251,19
2251,21
2251,26
2251,31
2251,32
2251,35
2251,36
2251,37
2251,39
2251,40
2252,5
2252,7
2252,8
2252,10
2252,11
2252,12
2252,14
2252,17
2252,20
2252,23
2252,24
2252,25
2252,27
2252,28
2252,29
2252,30
2252,33
2252,34
2252,38
2253,2
2253,3
2253,4
2253,6
2253,9
2253,13
2253,16
2253,18
2253,19
2253,22
2253,35
2253,36
2253,37
2253,39
2254,1
2254,5
2254,8
2254,10
2254,12
2254,15
2254,20
2254,21
2254,23
2254,24
2254,25
2254,26
2254,27
2254,28
2254,29
2254,31
2254,32
2254,33
2254,34
2254,38
2254,40
2255,2
2255,4
2255,7
2255,9
2255,11
2255,13
2255,17
2255,18
2255,19
2255,35
2255,36
2255,37
2255,39
2256,1
2256,8
2256,10
2256,12
2256,14
2256,15
2256,20
2256,21
2256,23
2256,24
2256,25
2256,26
2256,27
2256,29
2256,30
2256,31
2256,33
2256,34
2256,38
2256,40
2257,2
2257,3
2257,5
2257,9
2257,16
2257,22
2257,28
2257,35
2257,36
2257,37
2257,39
2258,4
2258,6
2258,10
2258,13
2258,18
2258,19
2258,20
2258,23
2258,24
2258,26
2258,32
2258,33
2258,34
2258,38
2258,40
2259,1
2259,8
2259,12
2259,15
2259,21
2259,25
2259,27
2259,36
2259,37
2259,39
2260,9
2260,29
2260,35
2260,38
2261,2
2261,4
2261,13
2261,20
2261,24
2261,33
2261,34
2261,39
2262,10
2262,17
2262,18
2262,36
2262,37
2263,38
2263,40
2264,39
2266,37
2268,36
2268,39
2270,37
2270,38
2275,37
2275,39
2278,36
2279,37
2284,37
2284,39
2286,36
2286,38
2290,37
2290,39
2295,39
2297,37
2298,36
2299,39
2301,38
2304,37
2304,39
2309,39
2310,36
2311,37
2312,33
2315,38
2319,39
2324,36
2324,39
2326,38
2327,33
2327,37
2334,39
2336,36
2340,37
2344,38
2344,39
2345,36
2347,33
2352,36
2355,39
2357,37
2358,35
2362,37
2365,33
2367,37
2368,36
2373,35
2373,36
2373,39
2374,37
2376,38
2378,36
2383,37
2384,36
2385,38
2389,36
2389,39
2392,13
2392,33
2393,37
2393,39
2394,36
2394,40
2399,36
2399,39
2403,10
2403,37
2405,36
2405,39
2406,16
2406,33
2406,35
2407,38
2408,17
2411,15
2412,1
2412,19
2412,36
2413,2
2413,4
2413,23
2413,38
2414,12
2414,24
2414,25
2414,27
2414,34
2414,35
2414,37
2414,39
2415,9
2415,11
2415,13
2415,14
2415,18
2415,20
2415,22
2415,26
2415,28
2415,29
2415,36
2416,3
2416,5
2416,6
2416,7
2416,8
2416,10
2416,21
2416,30
2416,31
2416,32
2416,33
2416,39
2417,1
2417,2
2417,4
2417,9
2417,12
2417,13
2417,14
2417,15
2417,16
2417,17
2417,18
2417,19
2417,20
2417,23
2417,24
2417,25
2417,26
2417,27
2417,29
2417,34
2417,35
2417,36
2417,37
2417,38
2417,40
2418,5
2418,7
2418,10
2418,11
2418,21
2418,22
2418,28
2418,31
2418,32
2418,33
2418,39
2419,1
2419,2
2419,3
2419,4
2419,6
2419,8
2419,9
2419,12
2419,13
2419,14
2419,15
2419,16
2419,17
2419,18
2419,19
2419,20
2419,23
2419,24
2419,25
2419,26
2419,27
2419,29
2419,30
2419,34
2419,35
2419,36
2419,37
2419,38
2419,40
2420,2
2420,4
2420,5
2420,9
2420,10
2420,11
2420,13
2420,19
2420,21
2420,24
2420,26
2420,28
2420,31
2420,33
2420,34
2420,35
2420,36
2420,37
2420,38
2420,39
2421,1
2421,3
2421,6
2421,7
2421,8
2421,12
2421,14
2421,15
2421,16
2421,17
2421,18
2421,20
2421,22
2421,23
2421,25
2421,27
2421,29
2421,30
2421,32
2421,40
2422,2
2422,4
2422,9
2422,10
2422,13
2422,19
2422,20
2422,21
2422,24
2422,26
2422,28
2422,33
2422,34
2422,35
2422,36
2422,37
2422,38
2422,39
2422,40
2423,1
2423,5
2423,6
2423,7
2423,8
2423,11
2423,12
2423,14
2423,15
2423,16
2423,17
2423,18
2423,22
2423,23
2423,25
2423,27
2423,29
2423,30
2423,31
2423,32
2424,2
2424,3
2424,4
2424,9
2424,10
2424,12
2424,13
2424,18
2424,19
2424,20
2424,24
2424,26
2424,33
2424,34
2424,35
2424,36
2424,37
2424,38
2424,39
2424,40
2425,1
2425,5
2425,6
2425,7
2425,8
2425,11
2425,14
2425,15
2425,16
2425,17
2425,21
2425,22
2425,23
2425,25
2425,27
2425,28
2425,29
2425,30
2425,31
2425,32
2426,2
2426,4
2426,9
2426,10
2426,12
2426,13
2426,18
2426,19
2426,20
2426,24
2426,27
2426,33
2426,34
2426,35
2426,36
2426,37
2426,38
2426,39
2426,40
2427,1
2427,3
2427,5
2427,7
2427,8
2427,11
2427,14
2427,15
2427,17
2427,21
2427,23
2427,25
2427,26
2427,28
2427,29
2427,31
2427,32
2428,2
2428,6
2428,9
2428,13
2428,16
2428,18
2428,22
2428,30
2428,35
2428,36
2428,37
2428,38
2428,39
2429,1
2429,4
2429,8
2429,10
2429,12
2429,15
2429,19
2429,20
2429,21
2429,23
2429,24
2429,25
2429,26
2429,27
2429,31
2429,33
2429,34
2429,40
2430,5
2430,11
2430,14
2430,29
2430,32
2430,36
2430,37
2430,38
2430,39
2431,2
2431,4
2431,7
2431,9
2431,13
2431,18
2431,19
2431,20
2431,23
2431,24
2431,28
2431,34
2431,35
2431,40
2432,10
2432,12
2432,15
2432,21
2432,26
2432,33
2432,37
2432,39
2433,1
2433,35
2433,36
2433,38
2434,4
2434,9
2434,18
2434,20
2434,40
2435,2
2435,13
2435,24
2435,31
2435,34
2436,36
2436,37
2436,39
2441,33
2441,36
2442,37
2446,37
2446,39
2447,36
2452,37
2454,36
2459,36
2460,37
2462,39
2464,36
2464,37
2467,39
2468,36
2470,37
2472,38
2473,36
2477,36
2478,37
2478,39
2483,36
2484,37
2485,39
2487,36
2491,36
2493,39
2494,38
2496,36
2497,37
2504,36
2505,37
2505,39
2507,35
2509,33
2510,40
2513,36
2515,37
2518,33
2519,39
2522,36
2525,38
2527,39
2528,37
2529,33
2529,36
2536,36
2537,38
2538,39
2539,37
2544,37
2546,33
2546,39
2549,36
2551,39
2552,37
2554,38
2556,33
2558,36
2558,37
2559,39
2564,37
2564,39
2569,37
2570,36
2572,38
2572,40
2573,37
2574,33
2576,39
2578,37
2582,38
2583,34
2583,36
2583,37
2587,39
2591,37
2592,15
2592,38
2593,2
2593,17
2594,33
2594,36
2595,35
2596,4
2596,23
2597,24
2597,40
2598,1
2598,13
2598,25
2598,26
2598,28
2598,37
2599,9
2599,10
2599,11
2599,18
2599,21
2599,27
2599,39
2600,3
2600,4
2600,5
2600,8
2600,12
2600,14
2600,16
2600,19
2600,20
2600,22
2600,29
2600,32
2600,35
2600,36
2600,37
2600,38
2601,1
2601,2
2601,6
2601,7
2601,9
2601,13
2601,15
2601,17
2601,18
2601,23
2601,24
2601,26
2601,30
2601,31
2601,33
2601,34
2601,39
2601,40
2602,4
2602,10
2602,11
2602,12
2602,14
2602,19
2602,20
2602,21
2602,25
2602,27
2602,28
2602,29
2602,32
2602,35
2602,36
2602,37
2602,38
2603,1
2603,2
2603,3
2603,5
2603,7
2603,8
2603,9
2603,13
2603,15
2603,16
2603,17
2603,18
2603,22
2603,23
2603,24
2603,26
2603,31
2603,33
2603,34
2603,39
2603,40
2604,4
2604,6
2604,10
2604,11
2604,12
2604,19
2604,20
2604,21
2604,25
2604,27
2604,28
2604,29
2604,30
2604,32
2604,35
2604,36
2604,37
2604,38
2605,1
2605,2
2605,3
2605,5
2605,7
2605,8
2605,9
2605,13
2605,14
2605,15
2605,16
2605,17
2605,18
2605,22
2605,23
2605,24
2605,26
2605,31
2605,33
2605,34
2605,39
2605,40
2606,4
2606,6
2606,10
2606,12
2606,19
2606,20
2606,21
2606,25
2606,27
2606,28
2606,29
2606,35
2606,36
2606,37
2606,38
2607,1
2607,2
2607,5
2607,8
2607,9
2607,11
2607,13
2607,14
2607,15
2607,16
2607,18
2607,23
2607,24
2607,26
2607,30
2607,31
2607,32
2607,33
2607,34
2607,39
2607,40
2608,3
2608,4
2608,7
2608,10
2608,12
2608,17
2608,19
2608,20
2608,22
2608,27
2608,35
2608,36
2608,37
2608,38
2609,1
2609,2
2609,5
2609,9
2609,13
2609,14
2609,18
2609,21
2609,23
2609,24
2609,25
2609,26
2609,28
2609,29
2609,33
2609,34
2609,39
2609,40
2610,6
2610,8
2610,11
2610,15
2610,16
2610,31
2610,32
2610,36
2610,37
2610,39
2611,2
2611,4
2611,9
2611,10
2611,12
2611,13
2611,18
2611,19
2611,20
2611,24
2611,30
2611,34
2611,35
2611,38
2611,40
2612,23
2612,25
2612,27
2612,33
2612,37
2612,39
2613,1
2613,9
2613,21
2613,29
2613,35
2613,36
2613,38
2614,2
2614,13
2614,20
2614,24
2614,26
2615,4
2615,10
2615,12
2615,17
2615,19
2615,28
2615,37
2615,39
2616,34
2616,36
2616,38
2616,40
2617,33
2617,35
2617,37
2617,39
2618,24
2619,9
2620,37
2621,39
2623,37
2624,36
2624,39
2627,37
2628,39
2631,37
2631,39
2635,39
2636,37
2638,36
2641,39
2642,37
2646,37
2646,39
2647,36
2651,39
2655,37
2655,39
2660,39
2662,33
2662,38
2663,36
2665,37
2667,36
2671,39
2672,36
2674,38
2676,36
2676,37
2681,36
2683,39
2687,36
2690,39
2692,36
2695,39
2696,36
2700,36
2702,33
2703,39
2704,37
2708,36
2710,37
2711,39
2712,35
2713,36
2716,38
2718,36
2720,37
2720,39
2724,36
2727,37
2729,36
2732,39
2733,38
2734,13
2734,33
2734,36
2736,4
2737,34
2739,36
2739,38
2740,18
2741,37
2741,39
2741,40
2747,39
2748,37
2749,36
2749,38
2752,10
2752,39
2754,36
2756,37
2757,15
2757,39
2759,9
2759,26
2760,38
2761,25
2762,5
2762,36
2762,39
2763,13
2763,16
2763,17
2763,20
2763,21
2763,23
2763,24
2763,34
2763,35
2763,37
2764,2
2764,4
2764,12
2764,19
2764,27
2764,28
2765,1
2765,6
2765,7
2765,10
2765,11
2765,18
2765,29
2765,35
2765,36
2765,38
2765,39
2765,40
2766,2
2766,3
2766,8
2766,9
2766,13
2766,14
2766,20
2766,21
2766,22
2766,23
2766,24
2766,25
2766,26
2766,30
2766,31
2766,32
2766,33
2766,34
2766,37
2767,4
2767,5
2767,12
2767,15
2767,16
2767,17
2767,18
2767,19
2767,27
2767,28
2767,29
2767,38
2767,39
2768,1
2768,2
2768,3
2768,6
2768,7
2768,8
2768,9
2768,10
2768,11
2768,13
2768,14
2768,20
2768,21
2768,22
2768,23
2768,24
2768,25
2768,26
2768,30
2768,31
2768,32
2768,33
2768,34
2768,35
2768,36
2768,37
2768,40
2769,4
2769,5
2769,12
2769,15
2769,16
2769,17
2769,18
2769,19
2769,27
2769,28
2769,29
2769,36
2769,37
2769,38
2769,39
2770,1
2770,2
2770,3
2770,6
2770,7
2770,8
2770,9
2770,10
2770,11
2770,13
2770,14
2770,20
2770,21
2770,22
2770,23
2770,24
2770,25
2770,26
2770,31
2770,32
2770,33
2770,34
2770,35
2770,40
2771,2
2771,4
2771,9
2771,12
2771,13
2771,15
2771,18
2771,19
2771,27
2771,29
2771,30
2771,36
2771,37
2771,38
2771,39
2772,1
2772,3
2772,5
2772,6
2772,7
2772,8
2772,10
2772,11
2772,14
2772,16
2772,17
2772,20
2772,21
2772,22
2772,23
2772,24
2772,25
2772,26
2772,28
2772,31
2772,32
2772,33
2772,34
2772,35
2772,40
2773,2
2773,4
2773,9
2773,12
2773,13
2773,18
2773,19
2773,27
2773,36
2773,37
2773,38
2773,39
2774,1
2774,5
2774,7
2774,8
2774,10
2774,11
2774,14
2774,15
2774,17
2774,20
2774,21
2774,23
2774,24
2774,25
2774,26
2774,28
2774,29
2774,30
2774,31
2774,32
2774,33
2774,34
2774,35
2774,40
2775,2
2775,3
2775,4
2775,9
2775,13
2775,22
2775,36
2775,37
2775,38
2775,39
2776,1
2776,5
2776,6
2776,8
2776,10
2776,12
2776,15
2776,16
2776,18
2776,19
2776,20
2776,21
2776,23
2776,24
2776,25
2776,26
2776,27
2776,28
2776,31
2776,33
2776,34
2776,35
2776,40
2777,9
2777,14
2777,17
2777,29
2777,32
2777,36
2777,37
2777,39
2778,1
2778,2
2778,4
2778,8
2778,10
2778,11
2778,12
2778,13
2778,15
2778,18
2778,19
2778,20
2778,23
2778,24
2778,26
2778,27
2778,31
2778,33
2778,34
2778,35
2778,38
2778,40
2779,3
2779,5
2779,7
2779,21
2779,25
2779,28
2779,36
2779,37
2779,39
2780,1
2780,2
2780,4
2780,9
2780,10
2780,12
2780,13
2780,18
2780,19
2780,20
2780,23
2780,24
2780,33
2780,34
2780,35
2780,38
2780,40
2781,15
2781,26
2781,29
2781,37
2781,39
2782,20
2782,31
2782,35
2782,36
2782,38
2783,9
2783,12
2783,19
2783,24
2783,33
2784,13
2785,2
2785,37
2785,39
2785,40
2786,38
2787,33
2787,36
2788,35
2789,39
2793,36
2793,39
2794,37
2798,37
2799,36
2800,39
2804,39
2805,36
2805,37
2811,39
2812,37
2813,36
2819,36
2820,39
2822,37
2825,35
2825,38
2827,37
2828,36
2828,39
2829,33
2833,39
2834,36
2838,36
2838,37
2839,39
2844,36
2845,39
2846,38
2847,33
2853,36
2853,39
2856,38
2859,37
2862,39
2863,33
2865,37
2870,36
2871,37
2872,38
2875,35
2878,37
2880,39
2885,37
2886,39
2887,36
2889,33
2890,39
2895,37
2896,39
2901,36
2901,39
2902,35
2902,40
2903,38
2908,39
2911,36
2911,38
2912,37
2913,33
2913,39
2917,39
2921,36
2921,39
2925,39
2928,39
2929,20
2930,16
2931,4
2931,15
2931,39
2932,37
2933,9
2933,10
2933,33
2933,34
2933,36
2934,1
2934,2
2934,5
2934,12
2934,17
2934,18
2934,19
2934,24
2934,28
2934,35
2934,38
2935,27
2935,29
2935,32
2935,39
2935,40
2936,2
2936,3
2936,4
2936,9
2936,11
2936,12
2936,13
2936,14
2936,19
2936,20
2936,21
2936,22
2936,23
2936,24
2936,25
2936,26
2936,30
2936,36
2936,37
2937,1
2937,5
2937,6
2937,7
2937,8
2937,9
2937,10
2937,13
2937,15
2937,16
2937,17
2937,18
2937,24
2937,26
2937,28
2937,31
2937,33
2937,34
2937,35
2937,38
2937,39
2938,2
2938,3
2938,4
2938,11
2938,12
2938,14
2938,19
2938,20
2938,21
2938,22
2938,23
2938,25
2938,27
2938,29
2938,30
2938,32
2938,36
2938,37
2938,40
2939,1
2939,5
2939,7
2939,8
2939,9
2939,10
2939,13
2939,15
2939,16
2939,17
2939,18
2939,24
2939,26
2939,28
2939,31
2939,33
2939,34
2939,35
2939,38
2939,39
2940,2
2940,3
2940,4
2940,6
2940,11
2940,12
2940,14
2940,19
2940,20
2940,21
2940,22
2940,23
2940,25
2940,27
2940,29
2940,30
2940,32
2940,36
2940,37
2940,40
2941,1
2941,7
2941,9
2941,10
2941,13
2941,15
2941,17
2941,18
2941,24
2941,26
2941,28
2941,33
2941,34
2941,35
2941,37
2941,38
2941,39
2942,2
2942,4
2942,5
2942,6
2942,8
2942,11
2942,12
2942,14
2942,16
2942,19
2942,20
2942,21
2942,22
2942,23
2942,25
2942,27
2942,29
2942,31
2942,32
2942,36
2942,40
2943,2
2943,3
2943,9
2943,10
2943,13
2943,15
2943,18
2943,24
2943,26
2943,30
2943,33
2943,34
2943,35
2943,37
2943,38
2943,39
2944,1
2944,4
2944,5
2944,6
2944,7
2944,8
2944,11
2944,12
2944,14
2944,16
2944,17
2944,19
2944,20
2944,21
2944,23
2944,25
2944,27
2944,28
2944,29
2944,31
2944,32
2944,36
2944,40
2945,2
2945,9
2945,12
2945,13
2945,18
2945,19
2945,20
2945,22
2945,24
2945,26
2945,27
2945,33
2945,34
2945,35
2945,36
2945,37
2945,38
2945,39
2946,1
2946,3
2946,4
2946,5
2946,6
2946,7
2946,8
2946,10
2946,11
2946,14
2946,15
2946,16
2946,17
2946,21
2946,23
2946,25
2946,28
2946,29
2946,30
2946,31
2946,32
2946,40
2947,2
2947,4
2947,9
2947,10
2947,12
2947,13
2947,18
2947,19
2947,20
2947,24
2947,27
2947,33
2947,34
2947,35
2947,36
2947,37
2947,38
2947,39
2947,40
2948,1
2948,5
2948,7
2948,8
2948,11
2948,14
2948,15
2948,21
2948,22
2948,23
2948,25
2948,26
2948,28
2948,29
2948,31
2948,32
2949,2
2949,4
2949,17
2949,35
2949,36
2949,37
2949,38
2949,39
2950,1
2950,6
2950,9
2950,10
2950,12
2950,13
2950,18
2950,19
2950,20
2950,23
2950,24
2950,25
2950,27
2950,30
2950,31
2950,33
2950,34
2950,40
2951,8
2951,15
2951,21
2951,26
2951,39
2952,2
2952,4
2952,9
2952,10
2952,12
2952,13
2952,18
2952,19
2952,20
2952,23
2952,24
2952,29
2952,33
2952,34
2952,35
2952,36
2952,37
2952,38
2952,40
2953,1
2953,3
2953,5
2953,39
2954,25
2954,36
2954,37
2955,16
2955,35
2955,38
2955,39
2957,39
2959,37
2959,39
2960,36
2961,40
2962,39
2965,39
2967,36
2968,39
2969,37
2973,39
2975,37
2977,39
2978,36
2981,39
2982,36
2982,37
2987,36
2987,39
2992,37
2994,36
2994,39
2999,39
3001,36
3003,33
3003,39
3009,39
3013,36
3014,38
3014,39
3016,37
3017,39
3021,39
3022,37
3025,38
3027,37
3028,39
3029,36
3032,37
3034,36
3036,39
3037,38
3038,37
3042,39
3044,37
3045,33
3048,39
3051,33
3057,36
3057,39
3059,33
3061,12
3061,38
3062,37
3062,39
3068,37
3068,39
3069,33
3070,36
3074,36
3074,39
3076,34
3078,39
3080,13
3080,36
3080,37
3081,38
3083,39
3086,36
3087,39
3088,37
3090,36
3091,38
3093,39
3096,36
3098,35
3098,37
3099,33
3099,39
3100,38
3105,36
3108,15
3108,33
3109,9
3109,38
3110,37
3110,39
3111,36
3112,26
3113,4
3114,1
3114,5
3114,17
3114,40
3115,20
3116,2
3116,27
3116,36
3116,38
3117,8
3117,9
3117,12
3117,14
3117,16
3117,18
3117,19
3117,23
3117,25
3117,28
3117,29
3117,30
3117,33
3117,34
3117,37
3117,39
3118,4
3118,6
3118,7
3118,10
3118,11
3118,13
3118,21
3118,24
3118,32
3118,35
3118,40
3119,1
3119,2
3119,3
3119,5
3119,9
3119,12
3119,15
3119,17
3119,18
3119,19
3119,20
3119,22
3119,23
3119,25
3119,26
3119,31
3119,33
3119,34
3119,36
3119,37
3119,38
3119,39
3120,4
3120,8
3120,10
3120,13
3120,14
3120,16
3120,21
3120,24
3120,27
3120,28
3120,29
3120,30
3120,35
3120,40
3121,1
3121,2
3121,5
3121,6
3121,7
3121,9
3121,11
3121,12
3121,15
3121,17
3121,18
3121,19
3121,20
3121,22
3121,23
3121,25
3121,26
3121,31
3121,32
3121,33
3121,34
3121,36
3121,37
3121,38
3121,39
3122,3
3122,4
3122,8
3122,10
3122,13
3122,14
3122,21
3122,24
3122,27
3122,28
3122,29
3122,35
3122,40
3123,1
3123,2
3123,5
3123,7
3123,9
3123,11
3123,12
3123,15
3123,16
3123,17
3123,18
3123,19
3123,20
3123,22
3123,23
3123,25
3123,26
3123,30
3123,31
3123,32
3123,33
3123,34
3123,36
3123,37
3123,38
3123,39
3124,4
3124,6
3124,8
3124,10
3124,13
3124,14
3124,21
3124,24
3124,27
3124,28
3124,29
3124,35
3124,39
3124,40
3125,1
3125,2
3125,3
3125,5
3125,7
3125,9
3125,11
3125,12
3125,15
3125,16
3125,17
3125,18
3125,19
3125,20
3125,23
3125,25
3125,26
3125,31
3125,32
3125,33
3125,34
3125,36
3125,37
3125,38
3126,4
3126,10
3126,13
3126,22
3126,24
3126,27
3126,29
3126,30
3126,35
3126,39
3126,40
3127,1
3127,2
3127,6
3127,8
3127,9
3127,12
3127,14
3127,15
3127,16
3127,18
3127,19
3127,20
3127,21
3127,23
3127,25
3127,26
3127,28
3127,31
3127,34
3127,36
3127,37
3127,38
3128,3
3128,4
3128,5
3128,7
3128,11
3128,13
3128,24
3128,32
3128,33
3128,35
3128,36
3128,37
3128,39
3129,1
3129,2
3129,9
3129,10
3129,12
3129,15
3129,17
3129,18
3129,19
3129,20
3129,21
3129,23
3129,25
3129,26
3129,27
3129,29
3129,31
3129,34
3129,38
3129,40
3130,14
3130,16
3130,22
3130,28
3130,35
3130,36
3130,37
3130,39
3131,1
3131,2
3131,4
3131,6
3131,9
3131,10
3131,12
3131,13
3131,18
3131,19
3131,20
3131,21
3131,23
3131,24
3131,26
3131,33
3131,34
3131,38
3131,40
3132,3
3132,8
3132,15
3132,27
3132,29
3132,31
3132,37
3132,39
3133,2
3133,4
3133,9
3133,10
3133,12
3133,13
3133,18
3133,19
3133,20
3133,24
3133,25
3133,30
3133,33
3133,34
3133,35
3133,36
3133,38
3133,40
3134,1
3134,7
3134,11
3134,23
3134,28
3134,37
3134,39
3135,26
3135,36
3135,38
3136,9
3136,12
3136,13
3136,35
3137,20
3137,37
3137,39
3137,40
3138,24
3138,33
3138,36
3139,38
3141,10
3142,36
3142,39
3143,37
3144,38
3148,37
3149,36
3149,39
3150,38
3155,38
3156,36
3156,37
3156,39
3162,38
3163,39
3168,37
3170,36
3172,38
3173,39
3175,36
3177,38
3181,36
3182,38
3187,36
3187,37
3192,36
3193,38
3193,39
3198,36
3199,37
3200,38
3203,36
3203,39
3207,36
3209,38
3211,36
3214,38
3215,36
3216,33
3216,37
3218,39
3220,36
3223,36
3223,37
3223,38
3224,39
3227,36
3230,37
3231,39
3232,36
3237,36
3238,37
3238,39
3244,36
3245,37
3249,38
3249,39
3250,36
3253,40
3254,37
3258,33
3259,37
3263,38
3264,36
3264,39
3265,37
3270,13
3270,37
3271,33
3273,36
3275,37
3280,12
3280,32
3281,4
3281,33
3281,36
3281,37
3281,38
3281,39
3282,35
3283,19
3283,34
3284,2
3285,10
3286,9
3287,3
3287,5
3287,18
3288,1
3288,6
3288,12
3288,28
3288,35
3288,37
3288,38
3288,39
3288,40
3289,11
3289,13
3289,15
3289,17
3289,20
3289,21
3289,22
3289,23
3289,24
3289,25
3289,26
3289,27
3289,29
3289,30
3289,34
3289,36
3290,2
3290,4
3290,7
3290,8
3290,9
3290,10
3290,14
3290,16
3290,19
3290,31
3290,33
3291,1
3291,3
3291,5
3291,6
3291,11
3291,12
3291,13
3291,15
3291,17
3291,18
3291,20
3291,21
3291,22
3291,23
3291,24
3291,25
3291,26
3291,27
3291,28
3291,29
3291,30
3291,32
3291,34
3291,35
3291,36
3291,37
3291,38
3291,39
3291,40
3292,2
3292,4
3292,7
3292,8
3292,9
3292,10
3292,14
3292,16
3292,19
3292,31
3292,33
3292,37
3292,38
3292,39
3293,1
3293,5
3293,11
3293,12
3293,13
3293,15
3293,17
3293,18
3293,20
3293,21
3293,22
3293,23
3293,24
3293,25
3293,26
3293,27
3293,28
3293,29
3293,32
3293,34
3293,35
3293,36
3293,40
3294,2
3294,3
3294,4
3294,6
3294,9
3294,10
3294,13
3294,19
3294,30
3294,33
3294,36
3294,37
3294,38
3294,39
3295,1
3295,5
3295,7
3295,8
3295,11
3295,12
3295,14
3295,15
3295,16
3295,18
3295,20
3295,21
3295,22
3295,23
3295,24
3295,25
3295,26
3295,27
3295,28
3295,29
3295,31
3295,32
3295,34
3295,35
3295,40
3296,2
3296,4
3296,9
3296,13
3296,17
3296,18
3296,19
3296,20
3296,24
3296,33
3296,34
3296,35
3296,36
3296,37
3296,38
3296,39
3297,1
3297,3
3297,5
3297,6
3297,7
3297,8
3297,10
3297,11
3297,12
3297,14
3297,15
3297,16
3297,21
3297,22
3297,23
3297,25
3297,26
3297,27
3297,28
3297,29
3297,31
3297,32
3297,40
3298,1
3298,2
3298,4
3298,8
3298,9
3298,10
3298,13
3298,18
3298,19
3298,20
3298,24
3298,26
3298,30
3298,31
3298,33
3298,34
3298,35
3298,36
3298,37
3298,38
3298,39
3298,40
3299,3
3299,5
3299,6
3299,7
3299,11
3299,12
3299,14
3299,15
3299,16
3299,17
3299,21
3299,22
3299,23
3299,25
3299,27
3299,28
3299,29
3299,32
3300,2
3300,4
3300,9
3300,13
3300,18
3300,19
3300,20
3300,24
3300,33
3300,34
3300,35
3300,36
3300,37
3300,38
3300,39
3300,40
3301,1
3301,8
3301,10
3301,12
3301,14
3301,15
3301,21
3301,23
3301,25
3301,26
3301,27
3301,30
3301,31
3302,5
3302,7
3302,17
3302,28
3302,29
3302,32
3302,36
3302,39
3303,2
3303,4
3303,9
3303,10
3303,12
3303,13
3303,15
3303,18
3303,20
3303,21
3303,23
3303,24
3303,26
3303,33
3303,34
3303,35
3303,37
3303,38
3303,40
3304,1
3304,11
3304,19
3304,25
3304,27
3304,31
3304,36
3304,39
3305,9
3305,35
3305,37
3305,38
3306,2
3306,4
3306,13
3306,20
3306,40
3307,24
3307,33
3307,34
3307,36
3307,39
3308,37
3312,36
3313,39
3314,37
3318,36
3320,37
3320,39
3325,36
3328,39
3333,38
3334,36
3334,37
3336,39
3340,36
3341,38
3342,39
3346,36
3349,37
3349,39
3351,38
3353,36
3355,39
3359,36
3359,37
3361,39
3367,36
3367,38
3367,39
3370,37
3372,33
3375,36
3375,39
3381,39
3383,36
3383,38
3384,33
3388,37
3390,39
3393,33
3394,39
3395,36
3401,39
3402,38
3403,37
3404,35
3406,36
3411,39
3412,38
3413,37
3416,35
3419,39
3420,37
3424,36
3426,37
3427,39
3431,39
3433,36
3435,38
3437,37
3437,39
3443,34
3443,39
3444,33
3444,37
3446,36
3446,38
3453,38
3453,39
3455,9
3455,20
3455,23
3455,24
3455,37
3456,36
3457,28
3457,33
3458,2
3458,39
3458,40
3459,4
3459,5
3459,7
3459,13
3459,15
3459,18
3459,19
3459,27
3459,35
3460,1
3460,3
3460,10
3460,11
3460,12
3460,17
3460,21
3460,26
3460,34
3460,37
3461,2
3461,4
3461,6
3461,9
3461,13
3461,14
3461,16
3461,18
3461,19
3461,20
3461,22
3461,23
3461,24
3461,25
3461,28
3461,29
3461,31
3461,32
3461,35
3461,36
3461,38
3461,39
3461,40
3462,1
3462,3
3462,5
3462,7
3462,8
3462,10
3462,12
3462,15
3462,21
3462,26
3462,27
3462,30
3462,33
3462,34
3462,37
3463,2
3463,4
3463,6
3463,9
3463,11
3463,13
3463,14
3463,16
3463,17
3463,18
3463,19
3463,20
3463,22
3463,23
3463,24
3463,25
3463,28
3463,29
3463,31
3463,32
3463,35
3463,36
3463,38
3463,39
3463,40
3464,1
3464,2
3464,8
3464,10
3464,12
3464,15
3464,18
3464,21
3464,26
3464,27
3464,30
3464,33
3464,34
3464,37
3464,38
3464,39
3465,3
3465,4
3465,5
3465,6
3465,7
3465,9
3465,11
3465,13
3465,14
3465,16
3465,17
3465,19
3465,20
3465,22
3465,23
3465,24
3465,25
3465,28
3465,29
3465,31
3465,32
3465,35
3465,36
3465,40
3466,1
3466,2
3466,4
3466,9
3466,10
3466,12
3466,13
3466,15
3466,18
3466,19
3466,24
3466,25
3466,26
3466,27
3466,33
3466,34
3466,35
3466,36
3466,37
3466,38
3466,39
3467,3
3467,5
3467,6
3467,7
3467,8
3467,11
3467,14
3467,16
3467,17
3467,20
3467,21
3467,22
3467,23
3467,28
3467,29
3467,30
3467,31
3467,32
3467,40
3468,1
3468,2
3468,4
3468,9
3468,10
3468,12
3468,13
3468,15
3468,18
3468,19
3468,24
3468,26
3468,27
3468,33
3468,34
3468,35
3468,36
3468,37
3468,38
3468,39
3469,5
3469,7
3469,8
3469,11
3469,14
3469,17
3469,20
3469,21
3469,23
3469,25
3469,29
3469,30
3469,31
3469,32
3469,40
3470,2
3470,3
3470,4
3470,6
3470,9
3470,13
3470,16
3470,19
3470,22
3470,24
3470,28
3470,34
3470,35
3470,36
3470,37
3470,38
3470,39
3471,1
3471,8
3471,10
3471,12
3471,15
3471,18
3471,20
3471,21
3471,23
3471,25
3471,26
3471,27
3471,33
3471,40
3472,4
3472,5
3472,13
3472,14
3472,17
3472,29
3472,31
3472,35
3472,36
3472,37
3472,38
3472,39
3473,2
3473,9
3473,19
3473,20
3473,24
3473,34
3473,40
3474,10
3474,11
3474,12
3474,15
3474,23
3474,33
3474,37
3474,39
3475,1
3475,18
3475,26
3475,36
3476,38
3477,9
3477,35
3477,37
3477,39
3481,36
3481,37
3482,39
3486,39
3487,37
3491,39
3492,37
3493,36
3498,37
3498,39
3503,39
3506,37
3508,36
3508,39
3514,39
3515,36
3520,33
3520,37
3521,36
3522,39
3524,38
3528,36
3529,39
3533,36
3538,36
3538,38
3543,39
3544,36
3545,38
3546,37
3551,39
3552,36
3553,37
3555,33
3560,36
3560,39
3563,35
3567,37
3567,38
3568,39
3573,39
3576,40
3578,39
3579,33
3584,36
3584,39
3587,34
3588,38
3591,39
3594,35
3596,37
3596,38
3599,39
3604,39
3605,34
3606,33
3606,38
3607,37
3609,36
3611,15
3612,12
3614,38
3615,4
3615,13
3615,25
3615,37
3615,39
3616,16
3616,36
3616,40
3617,24
3617,26
3617,30
3617,33
3618,2
3618,5
3618,17
3618,28
3618,29
3619,1
3619,9
3619,35
3619,38
3620,8
3620,10
3620,11
3620,13
3620,14
3620,18
3620,19
3620,20
3620,21
3620,22
3620,23
3620,24
3620,27
3620,33
3620,36
3620,37
3621,2
3621,3
3621,4
3621,6
3621,7
3621,12
3621,15
3621,25
3621,26
3621,31
3621,32
3621,34
3621,39
3621,40
3622,1
3622,5
3622,8
3622,9
3622,10
3622,11
3622,13
3622,14
3622,16
3622,17
3622,18
3622,19
3622,20
3622,21
3622,23
3622,24
3622,27
3622,28
3622,29
3622,33
3622,35
3622,36
3622,37
3622,38
3623,2
3623,3
3623,4
3623,7
3623,12
3623,15
3623,18
3623,19
3623,22
3623,25
3623,26
3623,30
3623,31
3623,32
3623,34
3623,37
3623,38
3623,39
3623,40
3624,1
3624,5
3624,6
3624,8
3624,9
3624,10
3624,11
3624,13
3624,14
3624,16
3624,17
3624,20
3624,21
3624,23
3624,24
3624,27
3624,28
3624,29
3624,33
3624,35
3624,36
3625,2
3625,4
3625,9
3625,12
3625,15
3625,18
3625,19
3625,22
3625,25
3625,26
3625,31
3625,32
3625,34
3625,35
3625,36
3625,37
3625,38
3625,39
3625,40
3626,1
3626,3
3626,5
3626,6
3626,7
3626,8
3626,10
3626,11
3626,13
3626,14
3626,17
3626,20
3626,21
3626,23
3626,24
3626,27
3626,28
3626,29
3626,30
3626,33
3627,2
3627,4
3627,9
3627,10
3627,12
3627,13
3627,16
3627,18
3627,19
3627,20
3627,23
3627,24
3627,25
3627,26
3627,27
3627,34
3627,35
3627,36
3627,37
3627,38
3627,39
3627,40
3628,1
3628,3
3628,5
3628,6
3628,7
3628,8
3628,11
3628,14
3628,15
3628,17
3628,21
3628,22
3628,28
3628,29
3628,30
3628,31
3628,32
3628,33
3629,2
3629,4
3629,9
3629,10
3629,12
3629,13
3629,18
3629,19
3629,20
3629,23
3629,24
3629,26
3629,27
3629,34
3629,35
3629,36
3629,37
3629,38
3629,39
3629,40
3630,1
3630,7
3630,14
3630,15
3630,16
3630,21
3630,25
3630,29
3630,31
3630,32
3630,33
3631,3
3631,4
3631,5
3631,8
3631,9
3631,11
3631,13
3631,17
3631,28
3631,35
3631,36
3631,37
3631,38
3631,39
3632,2
3632,10
3632,12
3632,18
3632,19
3632,20
3632,22
3632,24
3632,26
3632,30
3632,33
3632,34
3632,40
3633,23
3633,27
3633,36
3633,37
3633,39
3634,9
3634,13
3634,15
3634,25
3634,35
3634,38
3635,1
3635,20
3635,33
3636,2
3636,39
3637,37
3638,12
3638,36
3639,10
3639,38
3639,39
3642,39
3644,36
3646,39
3648,38
3650,33
3654,39
3655,36
3655,37
3656,38
3662,37
3662,39
3663,36
3664,38
3668,33
3669,38
3669,39
3670,37
3675,37
3675,39
3676,38
3681,39
3682,38
3683,36
3685,37
3687,39
3690,38
3693,37
3693,39
3696,33
3696,38
3698,39
3702,37
3703,38
3704,36
3704,39
3709,36
3710,38
3711,37
3712,39
3714,33
3715,36
3716,39
3720,39
3721,36
3725,33
3725,39
3726,38
3730,36
3731,35
3732,39
3734,33
3735,36
3735,38
3739,39
3740,36
3743,39
3745,37
3746,36
3746,38
3748,39
3750,34
3752,36
3753,39
3757,37
3758,39
3759,36
3764,39
3765,36
3765,37
3766,13
3768,33
3771,4
3771,39
3772,21
3772,36
3774,37
3774,38
3775,9
3775,16
3775,18
3775,19
3776,15
3776,39
3776,40
3777,20
3777,34
3777,36
3778,2
3778,4
3778,9
3778,13
3778,26
3778,28
3778,29
3778,33
3778,35
3779,1
3779,17
3779,19
3779,37
3779,38
3780,6
3780,11
3780,12
3780,14
3780,24
3780,25
3780,27
3780,36
3780,39
3781,2
3781,3
3781,4
3781,5
3781,7
3781,9
3781,10
3781,15
3781,18
3781,20
3781,21
3781,22
3781,23
3781,28
3781,30
3781,32
3781,33
3781,35
3781,40
3782,1
3782,8
3782,13
3782,16
3782,17
3782,19
3782,24
3782,25
3782,26
3782,27
3782,29
3782,31
3782,34
3782,36
3782,37
3782,38
3782,39
3783,2
3783,3
3783,4
3783,5
3783,6
3783,7
3783,9
3783,10
3783,11
3783,12
3783,14
3783,15
3783,18
3783,20
3783,21
3783,22
3783,23
3783,28
3783,30
3783,32
3783,33
3783,35
3783,40
3784,1
3784,2
3784,8
3784,9
3784,13
3784,16
3784,17
3784,19
3784,20
3784,24
3784,25
3784,26
3784,27
3784,29
3784,31
3784,34
3784,35
3784,36
3784,37
3784,38
3784,39
3784,40
3785,3
3785,4
3785,5
3785,6
3785,7
3785,10
3785,11
3785,12
3785,14
3785,15
3785,18
3785,21
3785,22
3785,23
3785,28
3785,30
3785,32
3785,33
3786,1
3786,2
3786,8
3786,9
3786,13
3786,17
3786,19
3786,20
3786,24
3786,25
3786,26
3786,27
3786,29
3786,31
3786,34
3786,35
3786,36
3786,37
3786,38
3786,39
3786,40
3787,3
3787,4
3787,5
3787,7
3787,10
3787,11
3787,12
3787,14
3787,15
3787,16
3787,18
3787,21
3787,22
3787,23
3787,28
3787,32
3787,33
3788,1
3788,2
3788,6
3788,9
3788,13
3788,19
3788,20
3788,24
3788,26
3788,30
3788,34
3788,35
3788,36
3788,37
3788,38
3788,39
3789,4
3789,5
3789,8
3789,10
3789,12
3789,14
3789,15
3789,17
3789,18
3789,23
3789,25
3789,27
3789,29
3789,31
3789,32
3789,33
3789,40
3790,3
3790,7
3790,9
3790,11
3790,21
3790,22
3790,28
3790,35
3790,36
3790,37
3790,38
3790,39
3791,1
3791,2
3791,4
3791,10
3791,12
3791,13
3791,16
3791,18
3791,19
3791,20
3791,23
3791,24
3791,25
3791,26
3791,31
3791,33
3791,34
3791,40
3792,5
3792,8
3792,14
3792,15
3792,27
3792,29
3792,36
3792,37
3792,39
3793,1
3793,2
3793,4
3793,9
3793,10
3793,12
3793,13
3793,18
3793,19
3793,20
3793,23
3793,24
3793,26
3793,33
3793,34
3793,35
3793,38
3793,40
3794,6
3794,21
3794,25
3794,31
3794,37
3794,39
3795,4
3795,9
3795,12
3795,35
3795,36
3796,2
3796,10
3796,13
3796,20
3796,24
3796,33
3796,34
3796,38
3796,39
3796,40
3797,18
3797,28
3797,37
3799,39
3800,36
3801,33
3801,37
3802,39
3805,39
3809,33
3809,36
3809,39
3810,37
3815,39
3817,37
3818,33
3819,36
3824,37
3824,39
3825,36
3827,33
3833,39
3834,33
3834,36
3834,38
3836,37
3839,39
3842,36
3844,39
3846,33
3848,39
3849,37
3854,36
3854,37
3854,39
3862,33
3862,38
3862,39
3863,37
3864,36
3867,39
3870,39
3871,33
3871,36
3872,37
3875,39
3879,36
3880,39
3881,37
3886,39
3888,33
3888,36
3891,37
3891,38
3897,33
3897,39
3899,37
3904,36
3905,34
3906,33
3907,37
3910,39
3914,36
3917,38
3918,34
3918,37
3918,40
3920,12
3921,33
3921,39
3926,37
3927,39
3928,15
3928,36
3931,13
3931,35
3933,26
3933,34
3934,36
3934,37
3934,38
3935,4
3936,39
3937,24
3937,35
3938,16
3942,18
3942,33
3942,36
3942,37
3943,38
3943,39
3944,9
3944,25
3944,27
3945,22
3947,9
3947,10
3947,20
3947,23
3947,34
3947,35
3947,37
3947,39
3948,1
3948,4
3948,6
3948,7
3948,8
3948,13
3948,15
3948,17
3948,19
3948,29
3948,31
3948,36
3949,2
3949,5
3949,11
3949,12
3949,18
3949,21
3949,28
3949,30
3949,32
3949,38
3949,39
3950,1
3950,3
3950,4
3950,7
3950,9
3950,10
3950,13
3950,14
3950,15
3950,16
3950,17
3950,19
3950,20
3950,23
3950,24
3950,25
3950,26
3950,27
3950,29
3950,31
3950,33
3950,34
3950,35
3950,36
3950,37
3950,40
3951,2
3951,5
3951,6
3951,8
3951,11
3951,12
3951,18
3951,21
3951,22
3951,28
3951,36
3951,38
3951,39
3952,1
3952,3
3952,4
3952,7
3952,9
3952,10
3952,13
3952,14
3952,15
3952,16
3952,17
3952,19
3952,20
3952,23
3952,24
3952,25
3952,26
3952,27
3952,29
3952,30
3952,31
3952,32
3952,33
3952,34
3952,35
3952,37
3952,40
3953,2
3953,4
3953,5
3953,8
3953,9
3953,11
3953,12
3953,18
3953,19
3953,21
3953,23
3953,28
3953,36
3953,37
3953,38
3953,39
3954,1
3954,3
3954,6
3954,7
3954,10
3954,13
3954,14
3954,15
3954,16
3954,17
3954,20
3954,22
3954,24
3954,25
3954,26
3954,27
3954,29
3954,30
3954,31
3954,32
3954,33
3954,34
3954,35
3954,40
3955,2
3955,4
3955,9
3955,12
3955,18
3955,19
3955,21
3955,23
3955,36
3955,37
3955,38
3955,39
3956,1
3956,3
3956,5
3956,8
3956,10
3956,11
3956,13
3956,14
3956,15
3956,17
3956,20
3956,22
3956,24
3956,25
3956,26
3956,27
3956,28
3956,29
3956,31
3956,32
3956,33
3956,34
3956,35
3956,40
3957,2
3957,4
3957,6
3957,7
3957,9
3957,12
3957,16
3957,18
3957,19
3957,30
3957,36
3957,37
3957,38
3957,39
3958,1
3958,5
3958,8
3958,10
3958,13
3958,14
3958,15
3958,20
3958,21
3958,23
3958,24
3958,25
3958,26
3958,27
3958,28
3958,29
3958,31
3958,33
3958,34
3958,35
3958,40
3959,2
3959,3
3959,9
3959,11
3959,12
3959,17
3959,22
3959,32
3959,36
3959,37
3959,38
3959,39
3960,4
3960,10
3960,13
3960,18
3960,19
3960,20
3960,21
3960,23
3960,24
3960,26
3960,27
3960,33
3960,34
3960,35
3960,40
3961,1
3961,5
3961,8
3961,15
3961,25
3961,28
3961,31
3961,37
3961,39
3962,9
3962,29
3962,35
3962,36
3962,38
3963,2
3963,4
3963,10
3963,13
3963,19
3963,20
3963,24
3963,33
3963,34
3964,12
3964,18
3964,37
3964,39
3964,40
3965,23
3965,35
3966,36
3967,38
3968,24
3968,33
3968,39
3972,39
3975,37
3976,33
3978,39
3979,36
3984,39
3987,37
3988,36
3989,39
3992,33
3993,36
3994,39
4000,36
4000,39
4002,35
4008,39
4009,36
4010,33
4010,37
4011,35
4011,38
4014,39
4016,37
4020,39
4021,37
4025,36
4025,37
4029,33
4031,39
4032,38
4035,37
4038,39
4040,37
4042,38
4044,36
4048,34
4048,37
4049,33
4049,36
4049,39
4054,37
4056,36
4056,39
4060,36
4060,37
4061,38
4063,39
4066,36
4070,37
4070,39
4071,35
4071,36
4072,38
4077,37
4078,36
4078,39
4082,36
4083,37
4085,38
4088,36
4088,37
4090,39
4092,37
4095,33
4096,36
4096,37
4097,39
4101,37
4104,36
4105,37
4107,39
4108,4
4109,38
4111,36
4111,37
4113,15
4113,33
4115,36
4118,25
4118,34
4119,13
4119,37
4120,27
4120,36
4121,18
4121,39
4122,16
4122,26
4122,35
4123,28
4123,31
4123,37
4124,17
4124,19
4124,20
4124,30
4124,32
4124,36
4124,40
4125,1
4125,24
4126,2
4126,3
4126,5
4126,7
4126,8
4126,9
4126,11
4126,12
4126,14
4126,21
4126,22
4126,33
4126,38
4126,39
4127,4
4127,10
4127,13
4127,15
4127,18
4127,19
4127,23
4127,25
4127,26
4127,27
4127,29
4127,34
4127,35
4127,36
4127,37
4127,40
4128,1
4128,2
4128,6
4128,9
4128,11
4128,12
4128,14
4128,16
4128,17
4128,20
4128,24
4128,28
4128,31
4128,32
4128,33
4128,38
4128,39
4129,3
4129,4
4129,5
4129,7
4129,8
4129,13
4129,18
4129,19
4129,21
4129,22
4129,23
4129,26
4129,30
4129,35
4129,36
4129,37
4130,1
4130,2
4130,6
4130,9
4130,10
4130,11
4130,12
4130,14
4130,15
4130,16
4130,17
4130,20
4130,24
4130,25
4130,27
4130,28
4130,29
4130,31
4130,32
4130,33
4130,34
4130,38
4130,39
4130,40
4131,4
4131,5
4131,7
4131,9
4131,13
4131,18
4131,19
4131,21
4131,22
4131,23
4131,26
4131,35
4131,36
4131,37
4131,39
4132,1
4132,2
4132,3
4132,6
4132,8
4132,10
4132,11
4132,12
4132,14
4132,15
4132,17
4132,20
4132,24
4132,25
4132,27
4132,28
4132,29
4132,30
4132,31
4132,33
4132,34
4132,38
4132,40
4133,4
4133,9
4133,13
4133,16
4133,18
4133,19
4133,23
4133,26
4133,32
4133,35
4133,36
4133,37
4133,39
4134,1
4134,2
4134,5
4134,7
4134,8
4134,10
4134,12
4134,15
4134,17
4134,20
4134,21
4134,22
4134,24
4134,25
4134,27
4134,28
4134,29
4134,31
4134,33
4134,34
4134,38
4134,40
4135,2
4135,3
4135,4
4135,6
4135,9
4135,11
4135,13
4135,14
4135,18
4135,19
4135,30
4135,35
4135,36
4135,37
4135,39
4136,1
4136,5
4136,8
4136,10
4136,12
4136,15
4136,20
4136,21
4136,23
4136,24
4136,25
4136,26
4136,27
4136,29
4136,31
4136,32
4136,33
4136,34
4136,38
4136,40
4137,2
4137,4
4137,7
4137,9
4137,13
4137,16
4137,17
4137,18
4137,28
4137,35
4137,36
4137,37
4137,39
4138,5
4138,10
4138,12
4138,19
4138,20
4138,21
4138,22
4138,23
4138,24
4138,26
4138,29
4138,33
4138,34
4138,38
4138,40
4139,1
4139,3
4139,8
4139,14
4139,15
4139,25
4139,27
4139,31
4139,36
4139,37
4139,39
4140,2
4140,9
4140,11
4140,13
4140,18
4140,33
4140,35
4140,38
4141,4
4141,10
4141,20
4141,23
4141,24
4141,34
4141,37
4141,39
4142,19
4142,36
4142,40
4143,12
4145,37
4145,38
4145,39
4146,35
4148,33
4148,36
4149,39
4153,37
4153,38
4154,39
4156,36
4158,33
4158,37
4160,39
4162,37
4166,36
4166,39
4167,37
4168,38
4171,37
4173,33
4174,36
4175,37
4176,39
4180,37
4182,36
4183,38
4183,39
4184,37
4189,37
4190,38
4190,39
4191,36
4195,36
4195,37
4196,38
4197,39
4200,33
4202,39
4203,37
4206,36
4208,33
4208,39
4215,39
4216,36
4216,38
4218,33
4218,37
4224,37
4224,39
4225,36
4226,33
4231,36
4233,39
4235,38
4237,39
4239,36
4241,33
4243,39
4244,35
4246,36
4246,39
4248,38
4250,39
4254,34
4255,39
4259,36
4259,37
4261,39
4261,40
4262,38
4263,35
4269,39
4271,36
4271,37
4274,21
4274,35
4277,36
4279,13
4279,39
4281,4
4281,25
4281,33
4281,37
4283,16
4283,20
4284,35
4284,36
4284,38
4285,9
4285,17
4285,19
4285,32
4286,1
4286,5
4286,15
4286,18
4286,24
4286,26
4286,27
4286,33
4286,37
4287,2
4287,11
4287,12
4287,23
4287,28
4287,30
4287,34
4287,38
4287,39
4288,3
4288,4
4288,7
4288,9
4288,10
4288,13
4288,14
4288,19
4288,20
4288,21
4288,22
4288,29
4288,35
4288,36
4288,40
4289,1
4289,2
4289,6
4289,8
4289,15
4289,16
4289,17
4289,18
4289,24
4289,25
4289,26
4289,27
4289,31
4289,32
4289,33
4289,37
4289,39
4290,4
4290,5
4290,9
4290,10
4290,11
4290,12
4290,13
4290,14
4290,19
4290,20
4290,21
4290,22
4290,23
4290,28
4290,29
4290,30
4290,34
4290,35
4290,36
4290,38
4290,40
4291,1
4291,2
4291,3
4291,6
4291,7
4291,8
4291,15
4291,16
4291,17
4291,18
4291,24
4291,25
4291,26
4291,27
4291,31
4291,32
4291,33
4291,37
4291,39
4292,4
4292,5
4292,9
4292,10
4292,11
4292,12
4292,13
4292,14
4292,19
4292,20
4292,21
4292,23
4292,28
4292,29
4292,34
4292,35
4292,36
4292,38
4292,40
4293,1
4293,2
4293,3
4293,7
4293,8
4293,15
4293,16
4293,17
4293,18
4293,22
4293,24
4293,25
4293,26
4293,27
4293,30
4293,31
4293,32
4293,33
4293,37
4293,39
4294,4
4294,5
4294,6
4294,9
4294,10
4294,12
4294,13
4294,19
4294,20
4294,21
4294,23
4294,28
4294,29
4294,34
4294,35
4294,36
4294,37
4294,38
4294,40
4295,1
4295,2
4295,7
4295,8
4295,11
4295,14
4295,15
4295,16
4295,17
4295,18
4295,22
4295,24
4295,25
4295,26
4295,27
4295,31
4295,32
4295,33
4295,39
4296,3
4296,4
4296,9
4296,10
4296,12
4296,13
4296,19
4296,20
4296,30
4296,34
4296,35
4296,36
4296,37
4296,38
4296,40
4297,1
4297,2
4297,5
4297,6
4297,15
4297,18
4297,21
4297,23
4297,24
4297,25
4297,26
4297,27
4297,28
4297,29
4297,33
4297,39
4298,7
4298,8
4298,9
4298,11
4298,14
4298,17
4298,31
4298,32
4298,35
4298,36
4298,37
4298,38
4299,2
4299,4
4299,10
4299,12
4299,13
4299,15
4299,16
4299,18
4299,19
4299,20
4299,22
4299,23
4299,24
4299,33
4299,34
4299,39
4299,40
4300,1
4300,25
4300,26
4300,27
4300,28
4300,29
4300,36
4300,37
4300,38
4301,2
4301,4
4301,5
4301,9
4301,10
4301,13
4301,21
4301,35
4301,39
4302,12
4302,18
4302,19
4302,20
4302,24
4302,33
4302,34
4302,37
4302,40
4303,23
4303,36
4303,38
4303,39
4304,35
4306,39
4308,37
4310,39
4312,37
4313,36
4314,39
4318,37
4318,39
4322,38
4323,39
4327,37
4330,39
4331,36
4336,37
4336,39
4337,36
4342,36
4342,39
4346,36
4350,36
4350,38
4350,39
4353,37
4355,36
4357,39
4360,36
4363,38
4365,36
4366,39
4368,33
4373,36
4376,39
4377,35
4377,36
4377,38
4381,39
4383,36
4386,37
4389,33
4389,36
4389,39
4394,36
4399,36
4399,38
4399,39
4401,34
4402,37
4405,39
4407,37
4412,37
4412,39
4417,18
4417,37
4418,39
4419,33
4421,37
4421,38
4423,39
4424,36
4427,39
4428,37
4431,39
4434,36
4434,37
4436,39
4439,13
4439,40
4440,39
4441,37
4443,35
4444,39
4445,24
4445,33
4446,37
4450,39
4453,36
4454,10
4454,37
4454,38
4454,39
4457,12
4458,39
4461,15
4462,14
4462,37
4462,39
4463,20
4463,34
4463,36
4465,6
4465,17
4465,29
4465,31
4465,40
4466,4
4466,9
4467,1
4467,2
4467,19
4467,25
4467,27
4467,33
4467,35
4467,36
4467,39
4468,8
4468,11
4468,16
4468,18
4468,21
4468,23
4468,24
4468,26
4468,28
4468,30
4468,32
4468,37
4468,38
4469,3
4469,5
4469,7
4469,12
4469,13
4469,14
4469,20
4469,22
4469,34
4469,39
4469,40
4470,1
4470,2
4470,4
4470,9
4470,10
4470,15
4470,17
4470,18
4470,19
4470,24
4470,25
4470,26
4470,27
4470,29
4470,31
4470,33
4470,35
4470,36
4470,37
4470,38
4471,6
4471,8
4471,11
4471,16
4471,20
4471,21
4471,23
4471,28
4471,32
4471,39
4472,1
4472,2
4472,3
4472,4
4472,5
4472,7
4472,9
4472,10
4472,12
4472,13
4472,14
4472,15
4472,17
4472,18
4472,19
4472,22
4472,24
4472,25
4472,26
4472,27
4472,29
4472,30
4472,33
4472,34
4472,35
4472,36
4472,37
4472,38
4472,40
4473,8
4473,20
4473,21
4473,23
4473,28
4473,31
4473,32
4473,36
4473,37
4473,39
4474,1
4474,2
4474,4
4474,5
4474,6
4474,7
4474,9
4474,10
4474,11
4474,12
4474,13
4474,14
4474,15
4474,16
4474,17
4474,18
4474,19
4474,22
4474,24
4474,25
4474,26
4474,27
4474,29
4474,33
4474,34
4474,35
4474,38
4474,40
4475,2
4475,3
4475,4
4475,9
4475,12
4475,13
4475,18
4475,19
4475,20
4475,21
4475,23
4475,24
4475,29
4475,30
4475,35
4475,36
4475,37
4475,38
4475,39
4476,1
4476,5
4476,6
4476,7
4476,8
4476,10
4476,11
4476,14
4476,15
4476,16
4476,17
4476,22
4476,25
4476,26
4476,27
4476,28
4476,31
4476,32
4476,33
4476,34
4476,40
4477,2
4477,4
4477,9
4477,12
4477,13
4477,18
4477,19
4477,20
4477,21
4477,23
4477,24
4477,35
4477,36
4477,37
4477,38
4477,39
4478,1
4478,3
4478,5
4478,8
4478,10
4478,15
4478,25
4478,26
4478,27
4478,29
4478,30
4478,31
4478,32
4478,33
4478,34
4478,40
4479,2
4479,4
4479,7
4479,9
4479,11
4479,13
4479,14
4479,16
4479,17
4479,20
4479,28
4479,35
4479,36
4479,37
4479,38
4479,39
4480,6
4480,12
4480,18
4480,19
4480,21
4480,22
4480,23
4480,24
4480,33
4480,34
4480,40
4481,1
4481,10
4481,26
4481,27
4481,36
4481,37
4481,39
4482,2
4482,9
4482,13
4482,15
4482,35
4482,38
4483,4
4484,29
4484,36
4484,39
4485,33
4485,34
4485,37
4488,39
4489,36
4494,39
4495,36
4495,37
4499,36
4500,39
4504,36
4505,39
4510,36
4511,37
4511,39
4515,39
4518,37
4520,36
4520,39
4524,39
4525,36
4527,38
4528,39
4529,37
4532,36
4534,39
4535,38
4536,36
4538,33
4542,36
4543,38
4545,37
4546,39
4550,36
4551,39
4552,37
4556,37
4556,38
4558,36
4561,37
4561,39
4565,36
4567,34
4567,38
4568,39
4571,37
4572,39
4573,36
4575,39
4579,39
4581,37
4581,38
4583,39
4587,39
4588,37
4590,33
4591,39
4592,36
4593,37
4598,37
4599,39
4600,33
4602,34
4604,35
4604,36
4604,39
4610,33
4610,36
4612,39
4615,36
4615,37
4616,39
4618,38
4620,36
4621,39
4623,33
4624,13
4624,18
4624,37
4625,39
4626,36
4629,15
4630,36
4630,40
4631,24
4632,39
4633,10
4634,26
4634,38
4635,16
4635,23
4635,33
4636,9
4636,25
4636,36
4637,8
4637,18
4637,20
4637,28
4637,31
4637,37
4637,39
4638,1
4638,2
4638,4
4638,5
4638,7
4638,15
4638,17
4638,19
4638,29
4638,35
4638,40
4639,3
4639,10
4639,11
4639,12
4639,13
4639,14
4639,21
4639,22
4639,27
4639,30
4639,32
4639,34
4639,36
4639,38
4640,2
4640,4
4640,6
4640,9
4640,16
4640,18
4640,19
4640,20
4640,23
4640,24
4640,25
4640,26
4640,28
4640,31
4640,33
4640,35
4640,37
4640,39
4641,1
4641,3
4641,5
4641,7
4641,8
4641,10
4641,12
4641,13
4641,15
4641,17
4641,21
4641,22
4641,27
4641,29
4641,34
4641,36
4641,38
4641,40
4642,2
4642,4
4642,9
4642,11
4642,14
4642,18
4642,19
4642,20
4642,23
4642,24
4642,25
4642,26
4642,28
4642,30
4642,31
4642,32
4642,33
4642,35
4642,37
4642,39
4643,1
4643,5
4643,6
4643,8
4643,10
4643,12
4643,13
4643,15
4643,16
4643,21
4643,27
4643,29
4643,34
4643,36
4643,38
4643,40
4644,2
4644,3
4644,4
4644,7
4644,9
4644,11
4644,14
4644,17
4644,18
4644,19
4644,20
4644,22
4644,23
4644,24
4644,25
4644,26
4644,28
4644,32
4644,33
4644,35
4644,37
4644,39
4645,1
4645,10
4645,12
4645,13
4645,15
4645,21
4645,27
4645,29
4645,30
4645,31
4645,34
4645,36
4645,37
4645,38
4645,39
4645,40
4646,2
4646,4
4646,5
4646,6
4646,8
4646,9
4646,11
4646,14
4646,16
4646,17
4646,18
4646,19
4646,20
4646,22
4646,23
4646,24
4646,25
4646,26
4646,33
4646,35
4647,2
4647,3
4647,7
4647,9
4647,13
4647,24
4647,28
4647,32
4647,34
4647,35
4647,36
4647,37
4647,38
4647,39
4647,40
4648,1
4648,4
4648,5
4648,8
4648,10
4648,12
4648,14
4648,15
4648,17
4648,18
4648,19
4648,20
4648,21
4648,23
4648,25
4648,26
4648,27
4648,29
4648,31
4648,33
4649,2
4649,6
4649,9
4649,11
4649,16
4649,23
4649,30
4649,35
4649,36
4649,37
4649,38
4649,39
4650,1
4650,4
4650,5
4650,7
4650,8
4650,10
4650,12
4650,13
4650,15
4650,18
4650,19
4650,20
4650,21
4650,22
4650,24
4650,25
4650,26
4650,27
4650,28
4650,29
4650,31
4650,32
4650,33
4650,34
4650,40
4651,2
4651,3
4651,9
4651,13
4651,14
4651,17
4651,19
4651,20
4651,24
4651,35
4651,36
4651,37
4651,38
4651,39
4652,1
4652,4
4652,5
4652,6
4652,7
4652,8
4652,10
4652,11
4652,12
4652,15
4652,16
4652,18
4652,21
4652,22
4652,23
4652,25
4652,26
4652,27
4652,28
4652,29
4652,31
4652,32
4652,33
4652,34
4652,40
4653,2
4653,9
4653,12
4653,13
4653,19
4653,20
4653,24
4653,30
4653,34
4653,35
4653,36
4653,37
4653,38
4653,39
4654,1
4654,3
4654,4
4654,5
4654,6
4654,7
4654,8
4654,10
4654,14
4654,15
4654,17
4654,18
4654,21
4654,23
4654,25
4654,26
4654,27
4654,28
4654,29
4654,31
4654,32
4654,33
4654,40
4655,9
4655,11
4655,16
4655,18
4655,22
4655,35
4655,36
4655,37
4655,38
4655,39
4656,1
4656,2
4656,4
4656,10
4656,12
4656,13
4656,14
4656,15
4656,19
4656,20
4656,23
4656,24
4656,25
4656,26
4656,27
4656,29
4656,31
4656,33
4656,34
4656,40
4657,5
4657,8
4657,17
4657,21
4657,30
4657,32
4657,37
4657,39
4658,2
4658,4
4658,9
4658,10
4658,12
4658,13
4658,18
4658,19
4658,20
4658,23
4658,24
4658,26
4658,33
4658,34
4658,35
4658,36
4658,38
4658,40
4659,1
4659,27
4659,39
4660,31
4660,36
4660,37
4661,35
4661,38
4662,33
4663,40
4665,37
4666,39
4670,37
4673,39
4674,37
4676,36
4679,33
4679,37
4681,39
4684,37
4690,33
4691,37
4692,39
4698,36
4699,37
4699,39
4700,33
4707,37
4708,36
4709,33
4715,36
4718,37
4718,38
4719,39
4725,39
4727,37
4728,36
4732,37
4736,38
4738,37
4738,39
4740,33
4747,36
4748,33
4748,37
4752,39
4756,36
4756,38
4759,37
4760,33
4760,39
4764,38
4764,40
4767,33
4768,36
4774,37
4774,38
4776,40
4777,33
4778,39
4779,35
4782,36
4784,39
4788,36
4788,39
4792,37
4794,39
4796,38
4797,33
4799,13
4801,39
4802,36
4802,37
4802,38
4803,33
4803,34
4809,36
4810,38
4811,39
4812,37
4816,33
4818,35
4818,39
4821,10
4821,36
4824,39
4825,18
4825,37
4825,38
4827,12
4827,36
4828,4
4829,15
4829,20
4829,34
4830,39
4831,17
4831,37
4831,38
4832,3
4832,16
4832,21
4832,26
4832,35
4832,36
4832,40
4833,6
4833,9
4833,19
4833,23
4833,24
4833,28
4833,31
4834,1
4834,2
4834,4
4834,13
4834,22
4834,25
4834,27
4834,33
4835,3
4835,5
4835,7
4835,8
4835,9
4835,11
4835,12
4835,14
4835,15
4835,18
4835,19
4835,20
4835,21
4835,24
4835,26
4835,29
4835,30
4835,32
4835,35
4835,36
4835,37
4835,38
4835,39
4835,40
4836,1
4836,2
4836,4
4836,6
4836,10
4836,13
4836,16
4836,17
4836,23
4836,25
4836,27
4836,28
4836,31
4836,33
4836,34
4837,5
4837,7
4837,8
4837,9
4837,11
4837,12
4837,14
4837,15
4837,18
4837,19
4837,20
4837,21
4837,22
4837,24
4837,26
4837,29
4837,32
4837,35
4837,36
4837,37
4837,38
4837,39
4837,40
4838,1
4838,2
4838,3
4838,4
4838,10
4838,13
4838,17
4838,23
4838,25
4838,27
4838,28
4838,30
4838,31
4838,33
4838,34
4839,5
4839,6
4839,9
4839,11
4839,12
4839,14
4839,15
4839,16
4839,18
4839,19
4839,20
4839,21
4839,22
4839,24
4839,26
4839,29
4839,35
4839,36
4839,37
4839,38
4839,39
4839,40
4840,1
4840,2
4840,4
4840,7
4840,8
4840,10
4840,13
4840,23
4840,25
4840,27
4840,28
4840,32
4840,33
4840,34
4840,39
4841,3
4841,9
4841,12
4841,15
4841,17
4841,18
4841,19
4841,20
4841,24
4841,26
4841,29
4841,30
4841,31
4841,35
4841,36
4841,37
4841,38
4841,40
4842,2
4842,4
4842,5
4842,10
4842,11
4842,14
4842,16
4842,21
4842,23
4842,34
4842,39
4843,1
4843,6
4843,9
4843,13
4843,20
4843,22
4843,24
4843,25
4843,27
4843,28
4843,33
4843,35
4843,36
4843,37
4843,38
4844,2
4844,7
4844,8
4844,10
4844,12
4844,18
4844,19
4844,26
4844,29
4844,32
4844,39
4844,40
4845,4
4845,13
4845,15
4845,17
4845,31
4845,34
4845,36
4845,37
4845,38
4846,1
4846,5
4846,9
4846,20
4846,21
4846,23
4846,24
4846,33
4846,35
4846,39
4847,2
4847,10
4847,12
4847,18
4847,36
4847,40
4848,25
4848,26
4848,37
4848,38
4848,39
4850,9
4850,33
4851,36
4851,37
4851,39
4852,13
4852,35
4854,39
4855,37
4856,36
4857,39
4860,37
4860,39
4861,36
4864,39
4865,36
4866,37
4868,39
4869,36
4871,39
4873,37
4874,39
4876,36
4878,37
4878,39
4881,36
4883,39
4884,37
4884,38
4890,36
4890,37
4890,39
4896,39
4898,37
4900,36
4901,39
4903,38
4907,39
4909,37
4910,38
4912,39
4913,33
4916,39
4920,39
4923,38
4924,36
4924,39
4925,37
4929,39
4930,38
4931,36
4935,39
4938,36
4938,38
4940,39
4941,35
4943,39
4944,33
4946,34
4948,39
4950,36
4951,39
4955,39
4956,37
4959,36
4961,39
4964,37
4964,38
4965,36
4965,39
4966,33
4970,36
4970,39
4974,33
4974,37
4975,36
4975,39
4977,38
4981,39
4984,36
4986,39
4987,27
4987,33
4987,34
4988,13
4989,36
4991,18
4991,20
4991,38
4992,37
4992,39
4993,4
4994,16
4994,33
4995,5
4995,36
4996,17
4996,23
4996,35
4997,2
4997,9
4997,26
4997,29
4997,30
4997,34
4997,38
4998,1
4998,3
4998,10
4998,14
4998,19
4998,32
4998,37
4998,39
4998,40
4999,7
4999,8
4999,11
4999,12
4999,15
4999,18
4999,21
4999,27
4999,28
4999,33
4999,35
4999,36
5000,2
5000,4
5000,6
5000,9
5000,13
5000,20
5000,22
5000,23
5000,24
5000,25
5000,31
5000,34
