9,4
10,1
12,2
12,3
13,5
20,4
20,5
26,5
34,5
41,5
47,5
53,2
55,5
60,4
62,5
69,3
74,1
74,5
92,5
101,2
101,4
101,5
108,5
119,4
119,5
129,5
137,5
144,5
149,3
153,5
155,1
158,5
163,2
164,5
167,4
168,5
173,5
178,5
184,5
191,5
196,5
201,5
203,4
205,5
211,5
214,3
215,2
218,5
225,5
231,5
236,4
236,5
241,5
248,2
248,5
255,5
256,1
259,5
265,5
270,5
271,4
274,5
279,5
283,5
288,5
293,5
299,5
305,3
306,5
310,4
311,5
315,2
318,5
320,1
324,5
330,5
335,5
340,5
346,5
349,4
352,5
353,2
358,5
361,4
365,5
385,5
391,3
392,5
401,5
405,1
408,5
412,4
413,5
421,5
425,5
430,5
436,4
436,5
440,2
443,5
451,5
458,5
463,5
464,3
470,5
472,2
476,4
476,5
481,5
485,5
490,5
496,5
505,5
506,1
507,2
511,4
513,5
518,5
525,5
530,5
536,5
542,3
543,5
549,5
554,2
556,5
557,4
561,5
567,5
578,5
586,5
593,5
599,5
600,2
600,4
601,1
604,5
607,4
610,5
614,3
617,5
620,2
622,5
629,5
637,5
646,5
651,5
655,2
655,5
657,4
659,5
664,5
671,5
677,5
683,5
688,1
689,5
693,4
699,5
700,3
704,5
708,2
711,5
717,5
721,5
726,5
731,4
731,5
736,5
740,5
745,5
751,5
755,5
760,5
766,5
773,4
774,2
775,5
776,1
777,3
780,4
783,5
787,2
792,5
799,5
807,5
815,5
820,5
828,5
834,4
837,5
838,2
843,5
847,1
850,3
851,4
851,5
858,5
865,5
872,5
880,4
880,5
885,2
886,5
894,5
906,5
914,5
916,2
919,3
920,5
921,1
924,5
925,4
929,5
936,5
945,5
951,2
956,4
959,5
964,5
970,5
976,5
984,5
988,3
991,4
993,5
998,2
998,5
1006,5
1007,1
1013,5
1017,4
1018,5
1027,5
1035,5
1042,5
1053,2
1053,5
1055,4
1063,3
1066,5
1074,5
1082,5
1095,5
1103,5
1105,4
1109,1
1109,2
1109,5
1115,5
1117,4
1126,5
1134,5
1142,5
1147,5
1158,5
1159,2
1159,3
1164,5
1167,4
1169,5
1178,5
1190,5
1194,4
1199,5
1202,2
1204,5
1210,1
1210,5
1215,5
1217,4
1221,5
1224,3
1226,5
1241,5
1253,2
1253,5
1261,5
1266,1
1269,5
1271,4
1276,5
1284,5
1292,5
1303,5
1308,3
1311,5
1317,2
1317,4
1318,5
1329,5
1334,5
1340,5
1352,1
1352,5
1354,4
1359,5
1360,2
1364,5
1369,5
1380,5
1386,5
1389,3
1396,5
1403,4
1405,5
1406,2
1415,5
1425,4
1425,5
1431,1
1440,5
1441,2
1445,4
1450,5
1459,5
1468,5
1473,3
1474,5
1479,4
1480,5
1488,5
1495,5
1501,4
1503,5
1512,2
1512,5
1515,1
1517,5
1525,5
1530,5
1537,5
1538,3
1542,4
1545,5
1551,5
1557,5
1563,5
1572,2
1578,1
1578,5
1580,4
1586,5
1588,2
1595,5
1600,4
1604,5
1611,5
1619,5
1624,5
1628,3
1630,5
1634,4
1637,5
1645,2
1645,5
1656,5
1669,5
1679,5
1687,1
1688,5
1695,4
1695,5
1696,2
1700,3
1701,5
1711,5
1723,5
1726,4
1732,5
1738,5
1745,5
1750,5
1755,5
1761,5
1765,5
1766,1
1768,2
1769,5
1771,4
1774,5
1782,5
1790,3
1792,5
1797,5
1802,5
1806,5
1810,2
1810,5
1811,4
1814,5
1820,5
1825,5
1832,5
1837,5
1843,5
1850,5
1853,1
1856,4
1857,5
1859,2
1863,4
1865,3
1866,5
1873,5
1879,5
1885,5
1893,5
1904,4
1909,5
1916,5
1917,2
1925,1
1926,5
1935,5
1940,3
1947,5
1953,4
1955,5
1956,2
1962,5
1969,5
1975,5
1983,5
1990,5
1992,4
1993,2
1996,5
2002,5
2003,1
2005,4
2007,5
2012,3
2013,5
2021,5
2027,5
2033,5
2041,5
2047,5
2053,5
2055,4
2060,5
2063,2
2071,5
2080,5
2082,3
2084,4
2088,5
2090,1
2095,5
2106,5
2109,2
2115,5
2119,4
2123,5
2130,5
2136,5
2144,5
2153,5
2156,3
2157,1
2160,2
2160,4
2161,5
2170,5
2172,4
2175,5
2179,5
2186,5
2191,5
2195,5
2199,5
2203,5
2208,5
2210,2
2213,5
2214,4
2218,5
2224,5
2229,5
2234,5
2235,3
2241,5
2247,5
2253,4
2255,5
2261,2
2263,1
2265,5
2273,5
2283,5
2286,4
2291,5
2303,5
2304,2
2305,4
2307,3
2309,5
2319,5
2330,2
2331,4
2332,5
2337,1
2345,5
2352,5
2361,5
2368,5
2369,2
2376,5
2381,4
2382,3
2383,5
2390,5
2399,5
2407,4
2411,5
2425,5
2426,1
2434,4
2435,5
2443,2
2445,5
2456,5
2463,3
2463,5
2468,2
2477,5
2481,4
2487,2
2489,5
2499,5
2507,4
2510,5
2515,5
2520,5
2527,1
2528,5
2533,4
2537,5
2538,3
2552,5
2562,2
2568,4
2571,5
2581,5
2594,2
2595,5
2600,4
2601,1
2602,5
2613,5
2615,3
2625,5
2638,5
2644,4
2647,5
2654,5
2663,2
2665,4
2667,5
2677,5
2683,5
2687,5
2692,5
2698,5
2702,3
2705,4
2705,5
2707,1
2707,2
2711,5
2718,5
2726,5
2735,5
2739,4
2743,5
2744,2
2747,4
2752,5
2760,5
2767,5
2780,3
2781,5
2782,4
2786,5
2789,2
2793,1
2794,5
2802,4
2802,5
2813,5
2817,4
2819,5
2829,5
2835,5
2842,5
2850,5
2856,5
2859,2
2860,4
2863,3
2863,5
2868,5
2870,1
2873,5
2880,5
2887,5
2893,5
2897,5
2903,5
2907,5
2912,5
2916,4
2917,5
2924,5
2928,5
2932,2
2935,5
2939,4
2940,3
2942,5
2946,2
2947,5
2953,5
2960,5
2969,5
2972,1
2974,5
2981,5
2987,5
2990,2
2993,5
2996,4
2999,5
3008,5
3015,5
3018,4
3021,3
3024,5
3035,2
3036,5
3049,5
3055,5
3059,1
3063,5
3065,4
3070,5
3073,2
3076,5
3081,5
3086,5
3088,3
3092,5
3100,5
3105,4
3108,5
3117,5
3125,5
3132,2
3137,1
3138,5
3141,4
3147,3
3148,5
3156,5
3157,4
3164,2
3166,5
3171,5
3178,5
3186,5
3187,4
3197,5
3205,5
3216,5
3218,2
3221,4
3221,5
3222,1
3226,4
3226,5
3233,5
3234,3
3237,2
3245,5
3261,5
3270,5
3276,5
3280,4
3283,5
3285,2
3290,5
3298,5
3304,1
3304,5
3310,5
3311,4
3319,5
3321,3
3331,2
3336,5
3342,5
3345,4
3347,5
3352,5
3356,5
3361,4
3361,5
3365,5
3369,5
3373,5
3379,5
3384,5
3389,1
3389,5
3394,5
3399,4
3399,5
3402,2
3402,3
3404,5
3409,5
3415,5
3424,5
3430,5
3435,5
3440,5
3446,5
3451,4
3453,5
3459,2
3459,3
3460,5
3466,5
3471,1
3476,5
3478,4
3486,5
3501,5
3510,5
3517,4
3517,5
3524,2
3524,3
3525,5
3532,1
3532,5
3539,5
3547,5
3549,2
3554,5
3555,4
3559,5
3569,5
3583,5
3589,5
3592,2
3595,5
3603,5
3604,4
3608,5
3609,3
3615,5
3626,5
3627,4
3632,2
3632,5
3639,1
3642,5
3653,5
3660,5
3671,5
3677,4
3680,5
3682,3
3686,5
3692,5
3699,5
3702,2
3707,4
3709,5
3713,1
3716,2
3717,4
3717,5
3724,5
3740,5
3746,4
3748,5
3753,5
3754,3
3759,5
3764,5
3769,5
3777,5
3782,2
3783,5
3787,5
3792,5
3798,5
3800,4
3803,5
3809,3
3810,5
3815,5
3816,2
3820,1
3820,4
3822,5
3830,5
3839,5
3846,5
3854,5
3862,5
3868,5
3871,4
3877,5
3878,2
3882,1
3885,5
3888,2
3890,3
3890,5
3894,4
3897,5
3902,5
3906,5
3912,5
3917,5
3923,5
3930,5
3937,5
3944,5
3947,2
3953,5
3955,4
3959,3
3960,5
3969,1
3973,5
3979,5
3984,5
3989,5
3993,5
3999,4
4000,5
4004,2
4007,5
4015,5
4024,5
4035,5
4038,3
4041,5
4042,1
4043,4
4045,5
4050,5
4055,5
4060,5
4064,5
4068,2
4070,5
4075,5
4079,4
4081,5
4089,5
4094,5
4100,5
4104,2
4106,5
4112,4
4112,5
4117,5
4120,3
4121,5
4127,5
4133,5
4139,5
4145,5
4151,5
4157,5
4158,4
4163,1
4164,5
4168,2
4174,4
4174,5
4181,5
4185,2
4192,5
4205,5
4211,5
4212,3
4217,5
4224,5
4230,4
4235,5
4236,2
4242,1
4244,5
4246,4
4250,5
4258,5
4266,5
4271,3
4276,2
4276,5
4283,5
4284,4
4289,5
4301,5
4317,5
4327,5
4330,2
4331,4
4333,1
4334,5
4340,5
4345,3
4352,5
4355,4
4358,5
4371,5
4373,2
4373,4
4377,5
4382,5
4395,5
4403,5
4411,5
4419,4
4420,2
4423,3
4423,5
4424,1
4426,4
4430,5
4439,5
4445,5
4452,5
4459,2
4459,5
4465,5
4475,5
4480,4
4484,5
4489,3
4490,2
4492,5
4497,1
4501,5
4506,4
4506,5
4510,5
4515,5
4520,5
4527,5
4535,5
4545,5
4547,4
4552,2
4553,5
4561,5
4564,4
4572,3
4572,5
4586,2
4589,1
4590,5
4596,4
4596,5
4602,5
4607,5
4613,5
4622,5
4632,5
4638,2
4644,4
4644,5
4648,3
4650,5
4655,5
4661,5
4667,5
4673,5
4680,5
4682,4
4685,1
4686,5
4691,4
4692,2
4694,5
4704,5
4711,5
4720,5
4722,3
4725,2
4726,5
4741,4
4741,5
4749,5
4756,5
4765,5
4770,5
4775,5
4778,4
4781,5
4787,4
4788,2
4788,5
4790,1
4794,3
4796,5
4803,5
4811,5
4816,4
4818,5
4826,5
4833,5
4840,2
4845,5
4853,5
4863,5
4874,4
4875,1
4875,5
4876,2
4884,5
4890,3
4901,5
4904,4
4910,2
4913,5
4921,5
4928,5
4933,5
4942,5
4951,5
4952,3
4958,1
4958,2
4961,4
4961,5
4966,5
4974,5
4981,5
4987,4
4993,5
