8,18
8,34
8,36
9,16
10,1
10,2
10,4
10,28
10,35
11,5
11,11
11,23
11,27
11,32
11,39
12,8
12,12
12,14
12,15
12,16
12,17
12,20
12,22
12,25
12,26
12,29
12,30
12,31
12,37
12,38
12,40
13,1
13,3
13,6
13,7
13,9
13,10
13,13
13,18
13,19
13,21
13,24
13,28
13,32
13,33
13,34
13,35
13,36
14,2
14,4
14,5
14,11
14,12
14,14
14,15
14,16
14,17
14,20
14,22
14,23
14,25
14,26
14,27
14,29
14,30
14,31
14,37
14,38
14,39
14,40
15,1
15,3
15,6
15,7
15,8
15,10
15,13
15,16
15,18
15,19
15,21
15,24
15,28
15,32
15,33
15,34
15,35
15,36
16,2
16,4
16,5
16,9
16,11
16,12
16,14
16,15
16,17
16,20
16,22
16,23
16,25
16,26
16,27
16,29
16,30
16,31
16,37
16,38
16,39
16,40
17,1
17,3
17,6
17,10
17,13
17,16
17,18
17,19
17,21
17,24
17,28
17,32
17,33
17,34
17,35
17,36
18,2
18,4
18,5
18,7
18,8
18,12
18,14
18,15
18,17
18,20
18,22
18,23
18,25
18,26
18,29
18,31
18,37
18,38
18,39
18,40
19,1
19,9
19,11
19,16
19,24
19,27
19,28
19,30
19,32
19,33
19,34
19,35
19,36
20,3
20,6
20,10
20,12
20,13
20,14
20,17
20,18
20,19
20,20
20,21
20,23
20,26
20,37
20,38
20,39
20,40
21,4
21,5
21,7
21,8
21,15
21,16
21,22
21,29
21,31
21,32
21,33
21,36
22,1
22,2
22,19
22,25
22,28
22,34
22,35
22,37
22,38
22,39
22,40
23,3
23,6
23,10
23,11
23,12
23,13
23,14
23,16
23,17
23,20
23,23
23,24
23,33
23,36
24,30
24,32
24,37
25,3
25,16
25,33
25,34
25,35
25,36
25,38
25,39
25,40
26,22
27,9
27,20
28,1
28,31
28,37
31,36
31,37
31,38
31,39
31,40
32,34
32,35
37,35
37,36
37,37
39,38
42,37
43,36
44,35
48,36
48,37
51,38
52,35
56,36
57,35
57,38
60,37
62,36
66,35
66,37
68,40
70,36
72,38
73,37
75,36
79,35
80,37
80,40
81,36
83,39
87,38
89,35
89,37
89,39
90,36
92,33
94,40
99,33
99,38
99,40
100,35
102,34
103,39
106,40
109,33
109,37
110,35
111,38
111,40
117,40
118,36
120,33
120,38
123,36
126,33
128,36
130,35
131,38
132,33
132,40
135,36
138,34
139,33
142,36
142,38
143,16
144,37
147,33
147,36
148,39
152,40
156,33
156,37
156,38
158,35
158,36
159,6
161,34
162,38
165,36
168,12
168,33
168,34
169,22
169,38
169,39
171,11
171,35
172,37
174,3
174,23
174,36
175,10
176,16
176,20
176,34
176,35
176,38
177,14
177,18
177,33
178,15
178,19
178,24
178,27
178,32
178,37
178,39
178,40
179,1
179,2
179,17
179,21
179,28
180,4
180,8
180,13
180,16
180,26
180,35
180,36
180,38
181,3
181,5
181,7
181,9
181,10
181,12
181,20
181,22
181,23
181,25
181,29
181,30
181,31
181,33
181,37
181,39
181,40
182,1
182,6
182,11
182,14
182,15
182,17
182,18
182,19
182,24
182,28
182,32
182,34
183,2
183,3
183,4
183,7
183,8
183,10
183,12
183,13
183,16
183,20
183,21
183,22
183,23
183,26
183,27
183,29
183,30
183,31
183,33
183,35
183,36
183,37
183,38
183,39
183,40
184,1
184,5
184,6
184,9
184,11
184,14
184,15
184,17
184,18
184,19
184,24
184,25
184,28
184,32
184,34
185,2
185,3
185,4
185,7
185,10
185,12
185,13
185,16
185,20
185,21
185,22
185,23
185,26
185,29
185,30
185,31
185,33
185,35
185,36
185,37
185,38
185,39
185,40
186,1
186,5
186,6
186,8
186,11
186,14
186,15
186,17
186,18
186,19
186,24
186,25
186,27
186,28
186,32
186,34
187,2
187,3
187,9
187,10
187,12
187,13
187,16
187,20
187,22
187,23
187,33
187,35
187,36
187,37
187,38
187,39
187,40
188,1
188,4
188,7
188,14
188,17
188,18
188,19
188,21
188,24
188,26
188,28
188,29
188,30
188,31
188,32
188,34
189,5
189,6
189,8
189,11
189,15
189,16
189,25
189,27
189,32
189,33
189,35
189,36
189,37
189,38
189,40
190,1
190,3
190,10
190,12
190,13
190,17
190,19
190,20
190,22
190,23
190,24
190,28
190,31
190,34
190,39
191,2
191,7
191,14
191,16
191,21
191,26
191,30
191,36
191,38
192,1
192,3
192,4
192,9
192,28
192,29
192,32
192,33
192,34
192,35
192,37
192,39
192,40
193,5
193,12
193,17
193,18
193,19
193,22
193,24
193,25
193,31
193,36
194,10
194,16
194,20
194,23
194,37
194,38
195,6
195,32
195,33
195,35
195,36
195,40
196,34
196,39
197,37
198,28
201,34
201,37
203,35
203,36
205,37
209,34
209,35
209,37
209,38
214,36
214,37
215,35
216,34
219,37
222,34
222,35
223,36
223,37
224,33
228,34
228,37
233,34
233,35
234,36
235,38
236,33
238,37
242,36
242,37
246,37
250,37
250,39
251,36
252,35
253,40
255,34
256,37
261,34
262,37
266,33
267,34
268,37
269,38
270,36
276,34
277,40
278,38
278,39
279,33
279,37
286,37
287,34
287,36
289,16
290,40
292,35
296,37
296,38
298,35
299,36
300,33
301,15
304,35
305,37
305,39
306,33
306,36
307,38
308,34
309,16
311,36
315,33
315,35
316,36
317,37
317,38
322,36
323,35
325,38
326,16
326,17
328,20
329,36
329,37
329,38
329,39
330,16
330,33
330,35
330,40
331,2
331,18
331,21
331,34
333,24
334,1
334,32
335,16
335,22
335,28
335,36
335,38
336,3
336,13
336,23
336,27
336,33
336,34
336,35
336,37
336,40
337,5
337,7
337,8
337,9
337,10
337,11
337,12
337,14
337,26
337,31
337,39
338,4
338,6
338,17
338,19
338,20
338,32
338,38
339,1
339,2
339,3
339,10
339,12
339,14
339,15
339,16
339,21
339,22
339,24
339,25
339,26
339,28
339,29
339,30
339,33
339,34
339,35
339,36
339,37
339,39
339,40
340,5
340,7
340,8
340,11
340,13
340,18
340,20
340,23
340,27
340,31
340,32
340,38
341,1
341,3
341,4
341,6
341,9
341,10
341,12
341,14
341,15
341,16
341,17
341,19
341,22
341,28
341,30
341,33
341,34
341,35
341,36
341,37
341,40
342,2
342,11
342,18
342,20
342,21
342,23
342,24
342,25
342,26
342,29
342,32
342,38
342,39
343,1
343,5
343,7
343,8
343,10
343,13
343,15
343,16
343,17
343,19
343,22
343,27
343,28
343,31
343,33
343,34
343,35
343,36
343,37
343,40
344,3
344,4
344,6
344,12
344,14
344,20
344,23
344,24
344,30
344,32
344,38
344,39
345,2
345,9
345,11
345,16
345,18
345,21
345,25
345,26
345,28
345,29
345,33
345,35
345,36
345,37
345,40
346,1
346,10
346,13
346,15
346,17
346,19
346,22
346,31
346,32
346,34
346,38
346,39
347,3
347,5
347,12
347,14
347,16
347,20
347,23
347,24
347,36
347,37
348,6
348,7
348,27
348,28
348,33
348,34
348,35
348,39
348,40
349,32
349,36
349,38
350,1
350,16
350,25
350,37
353,36
353,37
354,35
354,38
354,40
356,34
360,34
360,36
361,35
361,40
365,34
365,38
367,40
368,36
369,35
374,34
376,38
377,35
380,36
381,34
381,40
382,37
383,39
387,37
389,35
390,38
391,34
391,37
391,40
392,36
398,38
399,34
399,36
399,37
402,33
402,40
409,38
410,37
411,34
411,36
412,33
412,35
415,40
416,36
416,38
420,35
422,33
423,36
423,38
426,37
429,35
429,36
432,33
433,36
434,34
434,37
434,38
438,36
442,16
443,34
443,35
443,36
443,37
444,33
447,36
447,39
451,33
451,34
452,36
457,34
457,36
457,40
458,33
459,32
462,36
463,34
463,35
465,32
465,38
467,34
467,39
467,40
468,16
468,37
469,36
472,34
473,36
474,33
479,34
479,36
481,33
482,37
485,34
485,40
486,36
487,37
489,35
489,39
493,37
495,36
498,33
498,34
498,37
498,39
501,36
504,34
505,16
507,14
507,37
507,39
508,11
508,15
509,8
509,12
509,17
509,28
509,34
509,36
509,40
510,13
510,19
510,22
510,33
511,5
511,6
511,10
511,16
511,18
511,20
511,23
511,26
511,27
511,29
511,30
511,31
511,32
511,35
511,37
512,1
512,2
512,3
512,4
512,9
512,14
512,21
512,24
512,28
512,38
512,39
513,7
513,8
513,10
513,11
513,12
513,13
513,15
513,16
513,17
513,18
513,19
513,20
513,22
513,23
513,25
513,26
513,29
513,32
513,33
513,34
513,35
513,36
513,37
513,40
514,1
514,2
514,3
514,4
514,5
514,6
514,14
514,24
514,27
514,28
514,30
514,31
514,38
514,39
515,7
515,9
515,10
515,11
515,12
515,13
515,15
515,16
515,17
515,18
515,19
515,20
515,21
515,22
515,23
515,25
515,26
515,29
515,32
515,33
515,34
515,35
515,36
515,37
515,40
516,1
516,2
516,3
516,4
516,5
516,6
516,8
516,14
516,16
516,24
516,27
516,28
516,30
516,31
516,38
516,39
517,7
517,10
517,11
517,12
517,13
517,15
517,17
517,18
517,19
517,20
517,21
517,22
517,23
517,25
517,26
517,32
517,33
517,34
517,35
517,36
517,37
517,40
518,1
518,2
518,3
518,6
518,9
518,14
518,16
518,24
518,28
518,29
518,31
518,38
518,39
519,4
519,5
519,8
519,13
519,17
519,19
519,20
519,22
519,23
519,27
519,30
519,32
519,33
519,34
519,35
519,36
519,37
519,40
520,1
520,10
520,11
520,12
520,15
520,16
520,18
520,21
520,24
520,25
520,26
520,28
520,38
520,39
521,3
521,6
521,7
521,31
521,32
521,33
521,34
521,36
521,37
521,40
522,14
522,16
522,17
522,20
522,23
522,35
522,38
523,2
523,12
523,19
523,22
523,28
523,39
524,1
524,36
524,37
524,40
525,24
525,33
525,34
525,35
526,16
527,38
528,36
529,32
530,34
530,37
531,35
532,36
536,37
538,34
538,35
538,36
538,40
541,37
544,36
546,35
547,34
547,37
549,36
552,38
554,36
555,37
557,33
557,40
560,36
565,34
566,35
566,36
567,37
569,38
573,37
574,36
575,35
582,35
583,37
583,40
584,34
585,36
586,33
587,38
591,36
592,35
595,37
597,39
599,35
600,36
606,34
606,39
607,35
607,36
609,37
609,40
613,38
616,35
620,36
621,38
623,33
623,39
625,40
626,35
631,35
632,37
632,38
632,40
634,16
634,36
634,39
638,36
640,33
640,35
640,37
643,36
643,40
648,37
649,33
649,35
649,36
651,38
653,37
655,34
655,36
659,16
659,37
659,39
662,36
664,34
664,37
667,23
667,36
669,33
669,35
669,38
670,32
670,39
671,36
672,37
675,36
675,40
679,14
679,37
681,33
681,36
683,37
683,40
684,26
685,10
685,13
685,15
685,36
686,2
686,20
687,35
687,37
688,3
688,4
688,11
688,21
688,22
688,28
688,30
688,34
688,36
688,39
688,40
689,1
689,5
689,6
689,12
689,16
689,18
689,23
689,24
689,32
689,33
689,38
690,7
690,8
690,14
690,17
690,19
690,25
690,27
690,29
690,31
690,37
691,1
691,2
691,3
691,9
691,10
691,11
691,12
691,13
691,15
691,16
691,18
691,20
691,22
691,24
691,26
691,28
691,30
691,32
691,33
691,34
691,35
691,36
691,38
691,39
691,40
692,4
692,5
692,6
692,7
692,14
692,17
692,19
692,21
692,23
692,29
692,31
692,37
693,1
693,2
693,3
693,8
693,10
693,11
693,12
693,13
693,15
693,16
693,18
693,20
693,22
693,24
693,25
693,26
693,27
693,28
693,30
693,32
693,33
693,34
693,35
693,36
693,38
693,39
693,40
694,4
694,5
694,6
694,9
694,14
694,16
694,17
694,19
694,21
694,23
694,29
694,31
694,37
695,1
695,2
695,3
695,7
695,8
695,10
695,11
695,12
695,13
695,15
695,18
695,20
695,22
695,24
695,25
695,26
695,27
695,28
695,32
695,33
695,34
695,35
695,36
695,38
695,39
695,40
696,6
696,14
696,16
696,17
696,19
696,21
696,23
696,30
696,31
696,36
696,37
697,1
697,3
697,4
697,5
697,9
697,10
697,11
697,12
697,13
697,20
697,22
697,24
697,28
697,29
697,32
697,33
697,34
697,35
697,38
697,39
697,40
698,2
698,7
698,8
698,15
698,16
698,18
698,25
698,26
698,27
698,36
698,37
699,1
699,12
699,14
699,17
699,19
699,20
699,23
699,31
699,32
699,33
699,34
699,35
699,38
699,39
699,40
700,3
700,10
700,16
700,24
700,28
700,36
700,37
701,6
701,22
702,32
702,33
702,36
702,37
702,38
702,40
703,35
703,39
705,16
705,36
707,40
708,33
708,36
708,38
709,37
711,36
713,37
713,40
715,33
715,36
717,38
718,37
719,36
724,36
724,37
724,40
726,38
727,33
731,36
731,37
732,34
733,40
738,38
739,37
739,40
740,36
742,33
744,35
750,35
750,37
750,40
752,39
754,38
758,35
758,36
762,38
763,37
766,36
767,37
767,39
774,37
776,33
776,36
776,38
777,39
780,37
786,35
786,37
786,40
787,39
788,36
791,34
791,38
797,36
799,35
799,39
800,33
801,37
802,38
805,34
808,35
808,37
809,36
815,16
816,40
817,33
817,35
817,38
818,28
818,36
818,37
818,39
822,37
826,35
827,36
827,37
831,34
831,36
831,38
832,37
837,36
838,22
838,37
841,16
842,20
842,34
842,37
843,18
843,33
843,38
844,13
844,19
844,35
844,36
845,14
845,39
845,40
846,3
846,9
846,10
846,23
846,25
847,21
847,26
848,5
848,6
848,8
848,11
848,12
848,15
848,35
848,36
848,37
849,1
849,2
849,3
849,4
849,7
849,16
849,17
849,19
849,22
849,24
849,27
849,28
849,30
849,32
849,33
849,34
849,40
850,13
850,14
850,18
850,20
850,23
850,25
850,29
850,31
850,36
850,37
850,38
850,39
851,1
851,2
851,3
851,4
851,5
851,6
851,7
851,9
851,10
851,11
851,12
851,15
851,16
851,17
851,19
851,21
851,24
851,26
851,27
851,28
851,30
851,32
851,33
851,34
851,35
851,40
852,1
852,8
852,14
852,16
852,20
852,22
852,23
852,31
852,32
852,35
852,36
852,37
852,38
852,39
852,40
853,2
853,3
853,4
853,5
853,6
853,7
853,9
853,10
853,11
853,12
853,13
853,15
853,17
853,18
853,19
853,21
853,24
853,25
853,26
853,27
853,28
853,29
853,30
853,33
853,34
854,1
854,2
854,7
854,10
854,14
854,16
854,17
854,19
854,20
854,22
854,23
854,24
854,28
854,29
854,32
854,34
854,35
854,36
854,37
854,38
854,39
854,40
855,3
855,4
855,5
855,6
855,8
855,9
855,11
855,12
855,13
855,15
855,18
855,21
855,25
855,26
855,27
855,30
855,31
855,33
856,1
856,10
856,14
856,16
856,17
856,19
856,20
856,22
856,23
856,24
856,28
856,32
856,34
856,35
856,36
856,37
856,38
856,39
856,40
857,2
857,3
857,4
857,6
857,7
857,8
857,11
857,12
857,13
857,15
857,18
857,25
857,29
857,30
857,31
857,33
858,5
858,9
858,16
858,21
858,26
858,32
858,34
858,36
858,37
858,38
858,39
858,40
859,1
859,10
859,14
859,17
859,19
859,20
859,22
859,23
859,24
859,27
859,28
859,33
859,35
860,3
860,11
860,12
860,13
860,29
860,31
861,2
861,6
861,16
861,18
861,20
861,32
861,33
861,34
861,35
861,36
861,37
861,38
861,39
861,40
862,1
862,7
862,15
862,17
862,28
862,30
863,19
863,22
863,23
863,24
864,33
864,36
864,37
864,38
865,16
865,25
865,34
865,35
865,40
866,28
866,39
870,34
870,35
875,35
876,34
878,36
879,35
879,37
880,40
884,35
886,34
887,37
888,36
889,35
892,40
894,35
895,33
898,35
898,36
901,38
904,35
905,33
905,36
907,34
908,38
908,39
909,35
909,36
909,40
914,35
915,34
915,36
915,37
920,34
920,35
921,40
923,36
923,39
924,38
925,35
929,36
930,34
931,35
932,37
933,38
936,35
936,36
938,33
942,36
942,38
943,35
943,39
944,34
948,35
951,33
952,34
953,35
953,36
956,39
958,36
960,35
960,37
962,38
965,36
966,35
966,37
967,16
967,33
971,36
972,38
973,33
973,35
973,37
979,35
980,36
980,37
980,40
981,34
986,16
988,33
988,34
988,35
988,37
989,39
989,40
990,17
990,38
991,28
994,40
995,36
995,38
996,37
997,35
1002,15
1003,36
1004,37
1004,40
1005,34
1005,35
1008,33
1009,12
1010,3
1010,32
1010,38
1012,35
1012,40
1013,7
1013,14
1013,34
1013,36
1013,39
1014,24
1014,37
1015,16
1015,18
1016,22
1017,10
1018,13
1018,19
1018,20
1018,21
1018,23
1018,33
1019,1
1019,5
1019,8
1019,9
1019,11
1019,17
1019,25
1019,26
1019,27
1019,29
1019,31
1019,32
1019,34
1019,35
1019,36
1019,37
1019,38
1019,39
1020,2
1020,3
1020,4
1020,6
1020,16
1020,28
1020,30
1020,40
1021,10
1021,12
1021,13
1021,14
1021,15
1021,18
1021,20
1021,21
1021,22
1021,23
1021,24
1021,32
1021,33
1021,36
1021,39
1022,1
1022,5
1022,7
1022,11
1022,16
1022,17
1022,19
1022,26
1022,27
1022,28
1022,29
1022,31
1022,34
1022,35
1022,37
1022,38
1022,40
1023,2
1023,3
1023,4
1023,6
1023,8
1023,9
1023,10
1023,12
1023,13
1023,14
1023,20
1023,22
1023,23
1023,24
1023,25
1023,30
1023,32
1023,33
1023,36
1023,39
1024,1
1024,15
1024,16
1024,17
1024,18
1024,19
1024,21
1024,26
1024,28
1024,31
1024,34
1024,35
1024,37
1024,38
1024,40
1025,2
1025,3
1025,4
1025,5
1025,6
1025,7
1025,8
1025,10
1025,11
1025,12
1025,13
1025,14
1025,20
1025,22
1025,23
1025,24
1025,25
1025,27
1025,29
1025,30
1025,32
1025,33
1025,36
1025,39
1026,1
1026,9
1026,12
1026,14
1026,16
1026,17
1026,19
1026,20
1026,28
1026,32
1026,34
1026,35
1026,37
1026,38
1026,40
1027,2
1027,3
1027,4
1027,5
1027,6
1027,7
1027,8
1027,10
1027,11
1027,13
1027,15
1027,18
1027,21
1027,22
1027,23
1027,24
1027,25
1027,26
1027,27
1027,29
1027,30
1027,31
1027,33
1027,36
1027,39
1028,12
1028,14
1028,16
1028,17
1028,20
1028,28
1028,32
1028,34
1028,35
1028,36
1028,37
1028,38
1028,40
1029,1
1029,2
1029,3
1029,4
1029,5
1029,6
1029,7
1029,8
1029,9
1029,10
1029,11
1029,13
1029,15
1029,18
1029,19
1029,21
1029,22
1029,23
1029,24
1029,25
1029,26
1029,29
1029,30
1029,31
1029,33
1029,39
1030,1
1030,10
1030,14
1030,16
1030,23
1030,24
1030,27
1030,28
1030,32
1030,33
1030,34
1030,35
1030,36
1030,37
1030,38
1030,39
1030,40
1031,2
1031,3
1031,4
1031,5
1031,6
1031,7
1031,8
1031,11
1031,12
1031,13
1031,15
1031,17
1031,18
1031,19
1031,20
1031,21
1031,22
1031,25
1031,26
1031,29
1031,30
1031,31
1032,9
1032,16
1032,28
1032,32
1032,33
1032,34
1032,35
1032,36
1032,37
1032,38
1032,39
1032,40
1033,1
1033,2
1033,3
1033,4
1033,6
1033,7
1033,10
1033,11
1033,12
1033,13
1033,14
1033,17
1033,18
1033,19
1033,20
1033,21
1033,22
1033,23
1033,24
1033,25
1033,26
1033,29
1033,30
1033,31
1034,1
1034,3
1034,5
1034,10
1034,15
1034,16
1034,17
1034,19
1034,20
1034,22
1034,24
1034,27
1034,28
1034,32
1034,33
1034,34
1034,35
1034,36
1034,37
1034,38
1034,39
1034,40
1035,2
1035,4
1035,6
1035,7
1035,8
1035,11
1035,12
1035,13
1035,14
1035,18
1035,21
1035,23
1035,25
1035,26
1035,29
1035,30
1035,31
1036,9
1036,16
1036,32
1036,33
1036,34
1036,35
1036,36
1036,37
1036,38
1036,39
1036,40
1037,1
1037,3
1037,17
1037,19
1037,20
1037,22
1037,23
1037,28
1038,12
1038,14
1038,15
1039,33
1039,35
1039,37
1040,32
1040,34
1040,36
1040,38
1040,40
1041,16
1041,24
1042,39
1045,36
1048,37
1051,36
1055,37
1057,36
1060,34
1061,36
1062,35
1068,35
1068,36
1069,37
1073,33
1075,36
1077,38
1079,37
1080,35
1081,36
1087,35
1088,37
1090,40
1092,35
1092,36
1093,39
1096,34
1096,38
1100,35
1100,39
1102,40
1105,37
1109,33
1109,35
1109,40
1110,36
1113,37
1117,33
1117,34
1118,36
1120,35
1124,36
1125,39
1126,40
1127,37
1132,33
1132,40
1133,35
1133,38
1139,40
1142,33
1142,37
1142,38
1142,39
1144,36
1148,37
1151,40
1152,38
1153,36
1157,37
1159,38
1160,33
1160,36
1161,40
1164,38
1166,37
1170,35
1170,37
1170,38
1172,33
1172,36
1177,37
1178,38
1179,35
1181,36
1182,16
1182,37
1183,34
1186,38
1187,33
1187,37
1188,36
1189,39
1195,37
1197,38
1199,34
1199,35
1200,36
1201,28
1202,19
1202,33
1204,36
1205,1
1205,35
1206,16
1206,18
1206,23
1206,39
1207,37
1207,40
1208,9
1208,20
1208,32
1208,38
1209,6
1209,13
1209,14
1209,33
1209,36
1210,5
1210,12
1210,15
1210,22
1211,2
1211,8
1211,10
1211,17
1211,26
1211,37
1212,1
1212,3
1212,4
1212,11
1212,16
1212,21
1212,24
1212,25
1212,27
1212,28
1212,29
1212,30
1212,31
1212,32
1212,34
1212,35
1212,36
1212,38
1212,39
1212,40
1213,7
1213,9
1213,12
1213,13
1213,14
1213,18
1213,19
1213,20
1213,22
1213,23
1213,33
1213,37
1214,1
1214,2
1214,3
1214,5
1214,6
1214,8
1214,10
1214,11
1214,15
1214,16
1214,17
1214,21
1214,24
1214,26
1214,28
1214,31
1214,32
1214,34
1214,35
1214,36
1214,38
1214,39
1214,40
1215,4
1215,12
1215,14
1215,19
1215,20
1215,22
1215,23
1215,25
1215,27
1215,29
1215,30
1215,33
1215,37
1216,1
1216,2
1216,3
1216,5
1216,6
1216,7
1216,9
1216,10
1216,11
1216,13
1216,15
1216,16
1216,17
1216,18
1216,21
1216,24
1216,26
1216,28
1216,31
1216,32
1216,34
1216,35
1216,36
1216,38
1216,39
1216,40
1217,4
1217,8
1217,12
1217,14
1217,16
1217,19
1217,20
1217,22
1217,23
1217,33
1217,37
1218,1
1218,2
1218,3
1218,5
1218,6
1218,7
1218,10
1218,11
1218,13
1218,15
1218,17
1218,18
1218,21
1218,24
1218,25
1218,26
1218,27
1218,28
1218,29
1218,30
1218,31
1218,32
1218,34
1218,35
1218,36
1218,38
1218,39
1218,40
1219,9
1219,12
1219,14
1219,16
1219,19
1219,20
1219,22
1219,23
1219,33
1219,36
1219,37
1219,38
1220,1
1220,2
1220,3
1220,4
1220,6
1220,7
1220,8
1220,10
1220,11
1220,13
1220,15
1220,17
1220,18
1220,21
1220,24
1220,25
1220,26
1220,28
1220,30
1220,31
1220,32
1220,34
1220,35
1220,39
1220,40
1221,5
1221,16
1221,27
1221,29
1221,33
1221,36
1221,37
1221,38
1221,40
1222,1
1222,3
1222,6
1222,7
1222,10
1222,11
1222,12
1222,13
1222,14
1222,15
1222,17
1222,19
1222,20
1222,22
1222,23
1222,24
1222,25
1222,26
1222,28
1222,30
1222,31
1222,32
1222,34
1222,35
1222,39
1223,2
1223,4
1223,8
1223,16
1223,18
1223,21
1223,32
1223,33
1223,34
1223,35
1223,36
1223,37
1223,38
1223,39
1223,40
1224,1
1224,3
1224,5
1224,6
1224,10
1224,11
1224,12
1224,13
1224,14
1224,17
1224,19
1224,20
1224,22
1224,23
1224,24
1224,25
1224,27
1224,28
1224,29
1224,30
1224,31
1225,3
1225,7
1225,9
1225,15
1225,16
1225,20
1225,26
1225,28
1225,32
1225,33
1225,34
1225,35
1225,36
1225,37
1225,38
1225,39
1225,40
1226,1
1226,2
1226,4
1226,6
1226,8
1226,10
1226,12
1226,13
1226,14
1226,17
1226,18
1226,19
1226,21
1226,22
1226,23
1226,24
1226,25
1226,29
1226,30
1226,31
1227,5
1227,11
1227,16
1227,27
1227,28
1227,32
1227,33
1227,34
1227,35
1227,36
1227,37
1227,38
1227,40
1228,1
1228,3
1228,4
1228,7
1228,10
1228,12
1228,13
1228,14
1228,17
1228,18
1228,19
1228,20
1228,22
1228,23
1228,24
1228,25
1228,39
1229,6
1229,16
1229,26
1229,29
1229,30
1229,31
1230,1
1230,2
1230,3
1230,9
1230,10
1230,12
1230,15
1230,17
1230,19
1230,24
1230,28
1230,32
1230,33
1230,34
1230,35
1230,36
1230,37
1230,38
1230,39
1230,40
1231,20
1231,22
1231,23
1231,25
1232,16
1232,35
1232,36
1232,37
1233,33
1233,34
1233,38
1233,39
1233,40
1234,8
1238,36
1239,35
1240,37
1242,40
1244,34
1246,37
1247,35
1250,34
1252,40
1253,36
1254,37
1257,34
1257,35
1263,39
1265,35
1265,37
1266,38
1267,34
1267,36
1275,35
1276,38
1276,39
1277,37
1278,34
1278,36
1278,40
1283,37
1284,34
1284,35
1285,38
1285,40
1289,39
1291,35
1291,38
1292,34
1292,37
1296,35
1300,34
1300,40
1301,38
1303,35
1303,39
1304,33
1304,37
1311,34
1312,35
1312,40
1313,37
1313,39
1317,38
1321,36
1321,37
1325,33
1325,34
1325,35
1326,37
1328,36
1329,39
1331,37
1336,36
1337,34
1337,37
1338,35
1338,39
1339,33
1346,33
1346,39
1347,36
1347,37
1348,38
1353,33
1353,36
1354,37
1355,39
1359,33
1360,35
1363,39
1364,36
1365,34
1366,35
1370,35
1371,38
1372,16
1373,17
1373,33
1373,36
1375,39
1376,40
1377,34
1377,35
1377,36
1377,37
1382,35
1384,37
1385,36
1387,35
1387,40
1390,33
1390,37
1392,35
1394,37
1396,22
1396,36
1397,15
1397,20
1397,35
1397,38
1398,37
1400,14
1400,16
1400,33
1402,10
1402,18
1402,23
1402,36
1402,37
1403,3
1403,12
1404,2
1404,19
1404,28
1404,29
1404,34
1404,35
1404,39
1405,1
1405,9
1405,16
1405,22
1405,24
1405,26
1405,33
1405,37
1405,40
1406,4
1406,5
1406,6
1406,7
1406,8
1406,11
1406,13
1406,20
1406,21
1406,25
1406,27
1406,30
1406,31
1406,32
1406,36
1406,38
1407,3
1407,10
1407,12
1407,14
1407,15
1407,16
1407,17
1407,23
1407,28
1407,33
1407,34
1407,35
1407,37
1407,39
1407,40
1408,1
1408,2
1408,4
1408,6
1408,7
1408,11
1408,13
1408,18
1408,19
1408,20
1408,21
1408,22
1408,24
1408,25
1408,26
1408,29
1408,30
1408,31
1408,32
1408,36
1408,38
1409,1
1409,5
1409,8
1409,9
1409,10
1409,12
1409,14
1409,16
1409,17
1409,23
1409,27
1409,28
1409,32
1409,33
1409,34
1409,35
1409,36
1409,37
1409,38
1409,40
1410,2
1410,3
1410,4
1410,6
1410,7
1410,11
1410,13
1410,15
1410,18
1410,19
1410,20
1410,21
1410,22
1410,24
1410,25
1410,26
1410,29
1410,30
1410,31
1410,39
1411,1
1411,5
1411,10
1411,12
1411,14
1411,16
1411,17
1411,19
1411,23
1411,28
1411,32
1411,33
1411,34
1411,35
1411,36
1411,37
1411,38
1411,40
1412,2
1412,3
1412,4
1412,6
1412,7
1412,8
1412,9
1412,11
1412,13
1412,15
1412,18
1412,20
1412,21
1412,22
1412,24
1412,25
1412,26
1412,27
1412,29
1412,30
1412,31
1412,39
1413,1
1413,3
1413,14
1413,16
1413,17
1413,23
1413,28
1413,32
1413,33
1413,34
1413,35
1413,36
1413,37
1413,38
1413,39
1413,40
1414,2
1414,4
1414,5
1414,6
1414,7
1414,8
1414,10
1414,11
1414,12
1414,13
1414,15
1414,18
1414,19
1414,20
1414,21
1414,22
1414,24
1414,25
1414,26
1414,27
1414,29
1414,30
1414,31
1415,1
1415,9
1415,10
1415,11
1415,12
1415,16
1415,17
1415,19
1415,20
1415,23
1415,24
1415,28
1415,32
1415,33
1415,34
1415,35
1415,36
1415,37
1415,38
1415,39
1415,40
1416,2
1416,3
1416,4
1416,5
1416,6
1416,7
1416,8
1416,13
1416,14
1416,15
1416,18
1416,21
1416,22
1416,25
1416,26
1416,27
1416,29
1416,30
1416,31
1417,16
1417,20
1417,23
1417,32
1417,33
1417,34
1417,35
1417,36
1417,37
1417,38
1417,39
1417,40
1418,1
1418,3
1418,4
1418,10
1418,11
1418,12
1418,13
1418,14
1418,17
1418,19
1418,22
1418,24
1418,28
1418,31
1419,2
1419,6
1419,8
1419,15
1419,18
1419,25
1419,30
1420,1
1420,3
1420,5
1420,7
1420,9
1420,12
1420,16
1420,17
1420,19
1420,24
1420,26
1420,28
1420,29
1420,32
1420,33
1420,34
1420,35
1420,36
1420,37
1420,38
1420,39
1420,40
1421,10
1421,13
1421,20
1421,22
1421,23
1421,31
1422,14
1422,16
1422,27
1422,35
1422,36
1422,37
1423,32
1423,33
1423,38
1423,39
1423,40
1424,34
1427,36
1431,37
1432,35
1433,36
1433,38
1439,37
1441,36
1442,39
1444,38
1448,40
1450,36
1451,38
1459,37
1459,38
1460,34
1461,35
1461,36
1461,39
1467,34
1467,36
1468,38
1469,37
1473,36
1474,33
1474,37
1475,38
1479,35
1479,36
1479,37
1481,34
1484,37
1487,34
1488,37
1489,35
1489,36
1492,40
1493,38
1496,36
1496,37
1500,35
1501,34
1502,38
1504,36
1505,33
1507,34
1511,38
1513,34
1514,37
1515,33
1520,39
1521,37
1522,33
1522,34
1522,35
1523,38
1529,33
1530,36
1531,37
1531,38
1532,39
1536,36
1537,34
1538,39
1539,37
1539,38
1542,40
1544,33
1545,38
1546,36
1549,33
1553,36
1553,38
1554,16
1554,40
1557,33
1557,34
1557,37
1559,38
1563,34
1563,35
1564,36
1564,38
1569,33
1570,34
1570,38
1571,35
1571,39
1572,37
1577,37
1578,34
1579,39
1580,36
1580,38
1581,32
1582,33
1582,37
1584,16
1586,36
1586,37
1588,19
1589,40
1590,2
1590,34
1590,38
1590,39
1591,17
1591,20
1591,31
1591,37
1593,18
1593,22
1594,10
1594,14
1594,16
1594,24
1594,28
1594,32
1594,35
1594,36
1595,3
1595,5
1595,6
1595,12
1595,13
1595,25
1595,26
1595,27
1595,33
1595,34
1595,37
1595,38
1595,39
1596,1
1596,4
1596,7
1596,8
1596,9
1596,11
1596,15
1596,16
1596,17
1596,20
1596,21
1596,23
1596,29
1596,30
1596,40
1597,2
1597,10
1597,14
1597,18
1597,19
1597,22
1597,24
1597,28
1597,31
1597,32
1597,34
1597,35
1597,36
1597,37
1597,38
1598,1
1598,3
1598,4
1598,5
1598,6
1598,7
1598,8
1598,11
1598,12
1598,13
1598,15
1598,16
1598,17
1598,20
1598,21
1598,23
1598,25
1598,26
1598,27
1598,29
1598,30
1598,33
1598,39
1598,40
1599,6
1599,10
1599,13
1599,14
1599,16
1599,17
1599,18
1599,19
1599,20
1599,22
1599,24
1599,28
1599,32
1599,34
1599,35
1599,36
1599,37
1599,38
1599,40
1600,1
1600,2
1600,3
1600,4
1600,5
1600,7
1600,8
1600,9
1600,11
1600,12
1600,15
1600,21
1600,23
1600,25
1600,26
1600,27
1600,29
1600,30
1600,31
1600,33
1600,39
1601,10
1601,13
1601,14
1601,16
1601,17
1601,19
1601,20
1601,22
1601,24
1601,28
1601,32
1601,34
1601,35
1601,36
1601,37
1601,38
1601,40
1602,1
1602,2
1602,3
1602,4
1602,5
1602,6
1602,7
1602,8
1602,11
1602,12
1602,15
1602,18
1602,21
1602,23
1602,25
1602,26
1602,27
1602,29
1602,30
1602,31
1602,33
1602,39
1603,9
1603,14
1603,16
1603,20
1603,22
1603,28
1603,32
1603,34
1603,35
1603,36
1603,37
1603,38
1603,39
1603,40
1604,1
1604,2
1604,3
1604,6
1604,7
1604,10
1604,11
1604,12
1604,13
1604,15
1604,17
1604,18
1604,19
1604,23
1604,24
1604,25
1604,26
1604,30
1604,31
1604,33
1605,4
1605,5
1605,8
1605,16
1605,21
1605,27
1605,29
1605,36
1605,37
1605,39
1605,40
1606,1
1606,2
1606,3
1606,6
1606,9
1606,10
1606,11
1606,12
1606,13
1606,14
1606,15
1606,17
1606,19
1606,20
1606,22
1606,23
1606,24
1606,25
1606,26
1606,28
1606,30
1606,31
1606,32
1606,33
1606,34
1606,35
1606,38
1607,1
1607,7
1607,12
1607,16
1607,18
1607,32
1607,33
1607,34
1607,35
1607,36
1607,37
1607,38
1607,39
1607,40
1608,3
1608,4
1608,5
1608,10
1608,13
1608,14
1608,17
1608,19
1608,20
1608,21
1608,22
1608,23
1608,24
1608,25
1608,28
1608,31
1609,2
1609,6
1609,11
1609,15
1609,26
1609,30
1609,33
1609,37
1609,38
1610,1
1610,3
1610,8
1610,9
1610,10
1610,12
1610,16
1610,17
1610,19
1610,20
1610,22
1610,23
1610,24
1610,25
1610,27
1610,28
1610,31
1610,32
1610,34
1610,35
1610,36
1610,39
1610,40
1611,4
1611,5
1611,7
1611,14
1611,18
1611,21
1611,29
1611,33
1611,38
1612,1
1612,3
1612,16
1612,22
1612,23
1612,28
1612,32
1612,34
1612,35
1612,36
1612,37
1612,39
1612,40
1613,12
1613,17
1613,20
1613,24
1614,33
1614,38
1615,34
1615,35
1615,37
1616,16
1616,36
1616,39
1616,40
1621,33
1621,36
1621,40
1622,35
1622,37
1624,34
1627,36
1629,33
1630,35
1632,37
1633,36
1636,35
1637,33
1638,36
1642,33
1643,35
1645,36
1645,38
1650,33
1650,35
1653,38
1653,39
1654,35
1655,34
1655,36
1659,35
1662,34
1662,37
1662,39
1664,35
1669,33
1669,34
1670,36
1671,35
1672,38
1672,39
1674,40
1676,34
1682,34
1682,36
1683,35
1684,33
1685,38
1686,37
1690,34
1691,37
1692,36
1692,39
1693,38
1697,37
1699,36
1701,34
1702,37
1704,38
1708,36
1709,33
1709,38
1710,34
1711,16
1712,37
1713,40
1714,34
1714,35
1714,36
1715,38
1719,36
1720,37
1721,34
1721,35
1722,33
1727,35
1728,36
1728,37
1728,38
1732,34
1733,36
1733,40
1734,33
1735,35
1736,32
1739,37
1739,39
1740,38
1741,36
1746,37
1747,35
1747,36
1750,37
1751,16
1751,36
1751,39
1754,38
1755,36
1755,37
1759,37
1760,23
1760,39
1762,36
1763,37
1764,33
1765,19
1765,38
1767,36
1769,20
1770,34
1770,37
1770,40
1771,18
1771,33
1771,38
1773,13
1773,39
1774,14
1774,36
1775,37
1776,38
1777,12
1779,22
1779,37
1780,15
1780,36
1781,38
1782,16
1783,3
1783,24
1783,33
1784,10
1784,35
1785,2
1785,9
1785,11
1785,34
1785,38
1786,21
1786,36
1786,37
1786,39
1786,40
1787,1
1787,5
1787,7
1787,17
1787,30
1787,31
1787,32
1788,16
1788,33
1789,6
1789,8
1789,15
1789,27
1789,28
1789,32
1789,36
1789,37
1789,38
1789,39
1789,40
1790,1
1790,2
1790,3
1790,4
1790,7
1790,10
1790,12
1790,13
1790,14
1790,17
1790,19
1790,20
1790,22
1790,23
1790,24
1790,25
1790,26
1790,29
1790,31
1790,35
1791,1
1791,11
1791,16
1791,18
1791,20
1791,21
1791,24
1791,28
1791,30
1791,32
1791,33
1791,34
1791,35
1791,36
1791,37
1791,38
1791,40
1792,2
1792,3
1792,4
1792,5
1792,6
1792,7
1792,8
1792,9
1792,10
1792,12
1792,13
1792,14
1792,15
1792,17
1792,19
1792,22
1792,23
1792,25
1792,26
1792,27
1792,29
1792,31
1792,39
1793,1
1793,3
1793,4
1793,6
1793,10
1793,11
1793,12
1793,14
1793,16
1793,18
1793,20
1793,22
1793,23
1793,24
1793,28
1793,30
1793,32
1793,33
1793,34
1793,35
1793,36
1793,37
1793,38
1793,40
1794,2
1794,5
1794,7
1794,8
1794,9
1794,13
1794,15
1794,17
1794,19
1794,21
1794,25
1794,26
1794,27
1794,29
1794,31
1794,39
1795,1
1795,3
1795,6
1795,10
1795,11
1795,12
1795,14
1795,16
1795,18
1795,20
1795,22
1795,23
1795,24
1795,28
1795,32
1795,33
1795,34
1795,35
1795,36
1795,37
1795,38
1795,40
1796,2
1796,4
1796,5
1796,8
1796,13
1796,17
1796,19
1796,21
1796,25
1796,26
1796,29
1796,30
1796,39
1797,1
1797,7
1797,9
1797,12
1797,15
1797,16
1797,20
1797,27
1797,28
1797,31
1797,32
1797,33
1797,34
1797,35
1797,36
1797,37
1797,38
1797,40
1798,3
1798,6
1798,10
1798,14
1798,17
1798,18
1798,22
1798,23
1798,24
1798,39
1799,11
1799,13
1799,16
1799,19
1799,25
1799,26
1799,29
1799,33
1799,37
1799,38
1800,28
1800,32
1800,34
1800,35
1800,36
1800,39
1800,40
1801,5
1801,20
1801,30
1802,16
1803,21
1803,37
1803,38
1804,39
1805,22
1805,33
1807,36
1808,34
1811,37
1814,36
1817,37
1818,34
1820,36
1824,39
1824,40
1826,34
1826,36
1828,37
1830,38
1834,36
1835,33
1835,37
1837,34
1838,38
1841,36
1845,37
1845,38
1848,35
1851,34
1852,37
1853,35
1853,38
1854,39
1855,36
1859,37
1859,38
1863,33
1864,35
1866,38
1868,37
1870,36
1871,35
1872,37
1877,37
1877,38
1880,36
1881,37
1885,37
1887,35
1888,33
1890,37
1891,36
1893,38
1896,34
1897,39
1898,37
1898,40
1904,33
1904,35
1904,37
1905,38
1909,36
1910,37
1910,40
1913,36
1914,37
1917,34
1917,37
1918,36
1920,38
1921,37
1923,36
1924,35
1925,34
1926,37
1928,16
1928,36
1930,34
1930,37
1932,36
1935,33
1936,36
1936,37
1937,16
1937,23
1937,32
1938,34
1938,38
1940,36
1940,37
1941,20
1941,28
1941,39
1942,26
1942,33
1942,35
1943,11
1943,14
1943,22
1944,19
1944,32
1945,12
1945,16
1945,36
1945,38
1946,1
1946,2
1946,3
1946,6
1946,9
1946,15
1946,17
1946,18
1946,21
1946,31
1946,35
1946,37
1946,40
1947,5
1947,8
1947,10
1947,13
1947,20
1947,23
1947,24
1947,25
1947,27
1947,29
1947,30
1947,33
1947,34
1947,36
1947,39
1948,1
1948,4
1948,7
1948,11
1948,14
1948,15
1948,16
1948,22
1948,26
1948,28
1948,32
1948,37
1948,38
1948,40
1949,2
1949,3
1949,6
1949,10
1949,12
1949,17
1949,18
1949,19
1949,20
1949,21
1949,24
1949,31
1949,33
1949,34
1949,35
1949,36
1950,1
1950,5
1950,8
1950,9
1950,13
1950,14
1950,15
1950,16
1950,23
1950,25
1950,26
1950,27
1950,28
1950,29
1950,30
1950,32
1950,37
1950,38
1950,39
1950,40
1951,3
1951,4
1951,7
1951,10
1951,11
1951,12
1951,17
1951,18
1951,19
1951,20
1951,22
1951,24
1951,33
1951,34
1951,35
1951,36
1952,2
1952,5
1952,6
1952,8
1952,13
1952,14
1952,15
1952,16
1952,21
1952,23
1952,26
1952,28
1952,30
1952,31
1952,32
1952,37
1952,38
1952,39
1952,40
1953,1
1953,3
1953,9
1953,12
1953,17
1953,19
1953,20
1953,22
1953,25
1953,27
1953,29
1953,33
1953,34
1953,35
1953,36
1954,4
1954,6
1954,7
1954,10
1954,11
1954,13
1954,14
1954,16
1954,18
1954,23
1954,24
1954,28
1954,31
1954,32
1954,37
1954,38
1954,39
1954,40
1955,2
1955,3
1955,5
1955,8
1955,15
1955,17
1955,21
1955,22
1955,26
1955,30
1955,33
1955,34
1955,35
1955,36
1956,1
1956,12
1956,16
1956,19
1956,20
1956,28
1956,32
1956,37
1956,38
1956,39
1956,40
1957,4
1957,6
1957,10
1957,13
1957,14
1957,23
1957,24
1957,25
1957,31
1957,36
1958,27
1958,29
1958,33
1958,34
1958,35
1958,37
1959,16
1959,17
1959,32
1959,36
1959,38
1959,39
1959,40
1960,1
1960,7
1961,11
1961,22
1962,37
1963,36
1963,38
1964,40
1966,35
1971,36
1972,34
1972,37
1979,36
1980,34
1980,37
1982,40
1983,35
1985,38
1989,35
1990,37
1993,39
1994,36
1997,35
1998,40
2000,37
2003,36
2004,35
2004,40
2005,37
2007,38
2009,37
2013,33
2013,37
2015,36
2018,37
2019,33
2021,34
2022,36
2023,40
2027,37
2029,33
2031,34
2032,35
2032,40
2034,38
2036,36
2036,39
2042,35
2042,36
2042,37
2042,38
2047,36
2047,39
2049,34
2052,35
2052,37
2053,36
2055,33
2057,36
2058,38
2061,16
2061,36
2062,39
2065,33
2068,34
2068,36
2068,38
2069,35
2069,37
2070,23
2073,35
2073,36
2074,34
2077,38
2080,28
2080,36
2080,39
2080,40
2081,35
2082,2
2083,34
2084,37
2085,36
2086,35
2087,16
2087,33
2088,39
2089,36
2091,34
2095,35
2095,36
2097,34
2099,12
2099,37
2099,38
2101,16
2101,35
2103,33
2103,36
2105,14
2106,39
2107,32
2108,20
2108,36
2108,40
2109,34
2109,35
2109,37
2109,38
2110,13
2110,22
2112,15
2114,17
2114,21
2114,33
2114,34
2114,35
2114,37
2114,38
2114,39
2115,3
2115,11
2115,24
2115,36
2116,18
2116,31
2117,5
2117,10
2117,19
2118,1
2118,8
2118,9
2118,16
2118,26
2118,27
2118,36
2118,37
2118,38
2119,4
2119,23
2119,25
2119,29
2119,30
2119,32
2119,33
2119,34
2119,35
2119,39
2119,40
2120,2
2120,3
2120,6
2120,7
2120,12
2120,14
2120,15
2120,20
2120,22
2120,24
2120,28
2121,10
2121,11
2121,13
2121,16
2121,17
2121,18
2121,21
2121,35
2121,36
2121,37
2121,38
2122,1
2122,3
2122,4
2122,5
2122,6
2122,8
2122,12
2122,15
2122,19
2122,20
2122,22
2122,23
2122,24
2122,25
2122,26
2122,28
2122,29
2122,30
2122,31
2122,32
2122,33
2122,34
2122,39
2122,40
2123,2
2123,7
2123,9
2123,14
2123,16
2123,17
2123,27
2123,32
2123,35
2123,36
2123,37
2123,38
2124,1
2124,3
2124,4
2124,5
2124,6
2124,10
2124,11
2124,12
2124,13
2124,18
2124,19
2124,20
2124,21
2124,22
2124,23
2124,24
2124,25
2124,26
2124,28
2124,29
2124,30
2124,31
2124,33
2124,34
2124,39
2124,40
2125,1
2125,2
2125,7
2125,8
2125,14
2125,15
2125,16
2125,17
2125,28
2125,32
2125,35
2125,36
2125,37
2125,38
2125,40
2126,3
2126,4
2126,5
2126,6
2126,9
2126,10
2126,11
2126,12
2126,13
2126,18
2126,19
2126,20
2126,21
2126,22
2126,23
2126,24
2126,25
2126,26
2126,27
2126,29
2126,30
2126,31
2126,33
2126,34
2126,39
2127,1
2127,14
2127,16
2127,17
2127,28
2127,32
2127,33
2127,34
2127,35
2127,36
2127,37
2127,38
2127,40
2128,2
2128,3
2128,4
2128,5
2128,6
2128,7
2128,8
2128,10
2128,11
2128,12
2128,13
2128,15
2128,18
2128,19
2128,20
2128,21
2128,22
2128,23
2128,24
2128,25
2128,27
2128,29
2128,31
2128,39
2129,9
2129,10
2129,12
2129,14
2129,16
2129,19
2129,20
2129,23
2129,24
2129,26
2129,30
2129,32
2129,33
2129,34
2129,35
2129,36
2129,37
2129,38
2129,39
2129,40
2130,1
2130,2
2130,3
2130,4
2130,5
2130,6
2130,7
2130,8
2130,11
2130,13
2130,15
2130,17
2130,18
2130,21
2130,22
2130,25
2130,27
2130,28
2130,29
2130,31
2131,16
2131,20
2131,28
2131,32
2131,33
2131,34
2131,35
2131,36
2131,37
2131,38
2131,39
2131,40
2132,1
2132,2
2132,3
2132,6
2132,7
2132,10
2132,11
2132,12
2132,13
2132,14
2132,15
2132,17
2132,18
2132,19
2132,22
2132,23
2132,24
2132,25
2132,26
2132,30
2132,31
2133,4
2133,8
2133,9
2133,16
2133,27
2133,29
2133,34
2133,35
2133,36
2133,37
2133,39
2133,40
2134,1
2134,2
2134,3
2134,5
2134,6
2134,7
2134,10
2134,11
2134,12
2134,13
2134,14
2134,15
2134,17
2134,19
2134,20
2134,21
2134,22
2134,23
2134,24
2134,25
2134,26
2134,28
2134,30
2134,31
2134,32
2134,33
2134,38
2135,1
2135,3
2135,12
2135,16
2135,18
2135,20
2135,24
2135,32
2135,33
2135,34
2135,35
2135,36
2135,37
2135,38
2135,39
2135,40
2136,2
2136,4
2136,6
2136,7
2136,8
2136,9
2136,10
2136,11
2136,13
2136,14
2136,17
2136,19
2136,21
2136,22
2136,23
2136,25
2136,26
2136,27
2136,28
2136,30
2136,31
2137,5
2137,15
2137,16
2137,28
2137,29
2137,32
2137,33
2137,34
2137,35
2137,36
2137,37
2137,38
2137,39
2137,40
2138,1
2138,3
2138,6
2138,10
2138,12
2138,14
2138,17
2138,19
2138,20
2138,22
2138,23
2138,24
2138,25
2139,7
2139,11
2139,13
2139,18
2139,26
2139,30
2139,31
2140,1
2140,3
2140,8
2140,16
2140,19
2140,21
2140,32
2140,33
2140,34
2140,35
2140,36
2140,37
2140,38
2140,39
2140,40
2141,17
2141,20
2141,28
2142,4
2142,10
2144,36
2144,37
2144,38
2145,33
2149,35
2152,34
2161,36
2161,37
2163,34
2164,33
2169,37
2170,36
2172,34
2176,33
2179,34
2179,36
2180,38
2183,40
2185,34
2185,38
2188,33
2189,36
2191,34
2191,38
2193,37
2197,36
2200,39
2202,34
2202,35
2203,37
2205,40
2206,36
2208,39
2213,36
2215,33
2215,37
2218,34
2218,39
2223,36
2223,37
2224,34
2224,38
2225,39
2232,34
2232,40
2235,38
2236,37
2239,33
2239,36
2241,37
2242,35
2245,36
2246,33
2246,34
2248,37
2249,40
2250,35
2253,34
2254,36
2255,40
2257,39
2258,38
2259,33
2261,37
2263,36
2264,16
2267,34
2269,37
2269,40
2270,35
2270,39
2271,36
2272,33
2278,33
2278,35
2279,37
2279,40
2280,39
2281,38
2283,19
2286,37
2288,35
2289,28
2289,32
2289,34
2289,36
2289,40
2290,10
2293,16
2293,38
2295,34
2295,35
2295,37
2295,39
2296,1
2296,3
2296,26
2296,33
2296,40
2298,36
2301,17
2302,33
2302,34
2303,40
2304,15
2304,16
2305,37
2306,6
2306,14
2307,32
2308,22
2308,36
2308,38
2308,39
2309,2
2309,19
2309,31
2309,37
2310,5
2310,8
2310,12
2310,13
2310,16
2310,21
2310,24
2310,28
2311,9
2311,11
2311,18
2311,20
2311,23
2311,34
2311,35
2311,40
2312,1
2312,2
2312,3
2312,4
2312,7
2312,10
2312,14
2312,16
2312,17
2312,22
2312,25
2312,26
2312,27
2312,29
2312,30
2312,32
2312,33
2312,36
2312,37
2312,38
2312,39
2313,5
2313,6
2313,12
2313,13
2313,15
2313,19
2313,21
2313,24
2313,28
2313,31
2314,1
2314,2
2314,3
2314,4
2314,7
2314,8
2314,10
2314,11
2314,14
2314,16
2314,17
2314,18
2314,20
2314,22
2314,23
2314,25
2314,26
2314,29
2314,30
2314,32
2314,33
2314,34
2314,35
2314,36
2314,37
2314,38
2314,39
2314,40
2315,5
2315,6
2315,9
2315,12
2315,13
2315,15
2315,19
2315,21
2315,24
2315,27
2315,28
2315,31
2316,1
2316,2
2316,3
2316,4
2316,7
2316,10
2316,11
2316,14
2316,16
2316,17
2316,18
2316,20
2316,22
2316,23
2316,25
2316,26
2316,30
2316,32
2316,33
2316,34
2316,35
2316,36
2316,37
2316,38
2316,39
2316,40
2317,8
2317,9
2317,12
2317,13
2317,15
2317,19
2317,24
2317,27
2317,28
2317,29
2317,31
2318,1
2318,3
2318,5
2318,6
2318,10
2318,14
2318,16
2318,17
2318,20
2318,21
2318,22
2318,23
2318,32
2318,33
2318,34
2318,35
2318,36
2318,37
2318,38
2318,39
2318,40
2319,2
2319,4
2319,7
2319,11
2319,12
2319,18
2319,24
2319,25
2319,26
2319,28
2319,30
2320,8
2320,9
2320,13
2320,15
2320,16
2320,19
2320,20
2320,27
2320,29
2320,31
2320,32
2320,34
2320,35
2320,36
2320,37
2320,38
2320,40
2321,1
2321,10
2321,14
2321,17
2321,22
2321,23
2321,28
2321,33
2321,39
2322,3
2322,6
2322,11
2322,12
2322,16
2322,24
2322,26
2322,34
2322,36
2323,5
2323,25
2323,32
2323,35
2323,37
2323,38
2323,40
2324,16
2324,33
2324,36
2324,39
2325,34
2326,37
2329,36
2329,37
2330,34
2335,34
2335,37
2336,36
2340,37
2341,35
2342,36
2345,34
2347,37
2348,36
2348,40
2350,35
2352,36
2355,37
2357,36
2359,33
2359,37
2360,34
2361,36
2366,36
2366,37
2368,35
2371,36
2374,39
2376,38
2377,36
2377,37
2378,34
2379,33
2382,37
2384,34
2384,36
2385,38
2389,36
2389,37
2391,34
2395,35
2395,36
2395,37
2397,38
2397,39
2402,35
2402,36
2403,37
2403,38
2404,16
2409,36
2409,37
2410,34
2410,35
2411,38
2417,35
2417,36
2417,39
2418,38
2418,40
2419,33
2420,37
2421,34
2422,36
2426,37
2427,36
2430,34
2430,35
2430,39
2431,40
2434,36
2434,37
2436,35
2438,33
2439,16
2439,36
2441,35
2441,39
2443,38
2445,22
2445,36
2447,33
2449,35
2450,37
2451,36
2454,38
2455,20
2455,39
2456,35
2460,33
2460,35
2461,36
2462,12
2463,39
2464,38
2465,35
2467,33
2467,36
2471,34
2472,35
2473,33
2474,37
2478,39
2480,16
2480,19
2480,37
2481,17
2481,36
2482,33
2482,38
2483,6
2483,10
2483,13
2483,14
2483,29
2483,35
2483,40
2484,1
2484,15
2485,2
2485,16
2485,32
2485,37
2486,17
2486,18
2486,21
2486,22
2486,24
2486,26
2486,28
2486,30
2486,31
2486,36
2486,38
2486,40
2487,3
2487,4
2487,5
2487,6
2487,7
2487,8
2487,9
2487,11
2487,12
2487,19
2487,20
2487,23
2487,25
2487,27
2487,33
2487,34
2487,35
2487,39
2488,1
2488,2
2488,10
2488,13
2488,14
2488,15
2488,16
2488,24
2488,28
2488,29
2488,32
2488,36
2488,37
2488,38
2488,40
2489,3
2489,4
2489,5
2489,6
2489,11
2489,12
2489,17
2489,18
2489,19
2489,20
2489,21
2489,22
2489,23
2489,26
2489,27
2489,30
2489,31
2489,33
2489,34
2489,35
2489,39
2490,1
2490,7
2490,8
2490,9
2490,10
2490,13
2490,14
2490,15
2490,16
2490,24
2490,25
2490,28
2490,32
2490,36
2490,37
2490,38
2490,40
2491,2
2491,3
2491,4
2491,5
2491,6
2491,11
2491,12
2491,17
2491,18
2491,19
2491,20
2491,21
2491,22
2491,23
2491,27
2491,29
2491,30
2491,31
2491,33
2491,34
2491,35
2491,39
2492,1
2492,10
2492,13
2492,14
2492,16
2492,24
2492,26
2492,28
2492,32
2492,35
2492,36
2492,37
2492,38
2492,40
2493,2
2493,3
2493,7
2493,8
2493,11
2493,12
2493,15
2493,17
2493,18
2493,19
2493,20
2493,22
2493,23
2493,25
2493,31
2493,33
2493,34
2493,39
2494,4
2494,5
2494,6
2494,9
2494,16
2494,21
2494,27
2494,29
2494,30
2494,35
2494,36
2494,37
2494,38
2494,40
2495,1
2495,3
2495,10
2495,12
2495,13
2495,14
2495,17
2495,19
2495,20
2495,22
2495,24
2495,26
2495,28
2495,32
2495,33
2495,34
2495,39
2496,7
2496,11
2496,16
2496,18
2496,23
2496,25
2496,31
2496,35
2496,36
2496,37
2496,40
2497,1
2497,2
2497,3
2497,8
2497,15
2497,17
2497,20
2497,28
2497,32
2497,33
2497,34
2497,38
2497,39
2498,10
2498,12
2498,22
2498,24
2498,26
2499,5
2499,14
2499,16
2499,19
2499,21
2499,34
2499,35
2499,36
2499,37
2499,40
2500,9
2500,13
2500,28
2500,32
2500,33
2500,38
2500,39
2502,36
2503,16
2503,35
2503,37
2507,36
2508,34
2508,35
2508,39
2511,38
2513,35
2513,37
2517,36
2518,35
2518,37
2519,34
2523,34
2525,35
2525,36
2525,37
2529,37
2531,34
2533,36
2534,35
2535,37
2537,38
2539,37
2540,35
2541,36
2543,37
2546,35
2548,37
2551,37
2551,39
2552,35
2556,37
2558,39
2559,35
2560,37
2564,37
2567,36
2568,35
2569,37
2569,39
2576,35
2576,37
2576,40
2578,36
2578,39
2580,38
2581,33
2587,38
2588,39
2589,35
2589,36
2592,37
2594,36
2597,34
2598,38
2600,36
2600,39
2601,33
2606,36
2607,38
2608,34
2608,37
2611,16
2613,34
2613,37
2614,36
2614,38
2615,39
2616,16
2620,37
2621,34
2621,39
2622,17
2622,36
2623,16
2623,33
2626,34
2626,38
2628,36
2628,40
2629,37
2630,33
2631,34
2636,36
2636,37
2637,28
2637,34
2638,35
2638,38
2642,33
2642,36
2643,34
2650,20
2650,34
2652,1
2652,32
2652,36
2652,37
2652,38
2653,14
2653,23
2653,25
2653,28
2653,31
2653,33
2653,35
2653,39
2653,40
2654,3
2654,15
2654,22
2655,11
2655,18
2655,34
2656,10
2656,12
2656,13
2656,16
2656,17
2656,21
2656,24
2656,35
2656,36
2657,2
2657,5
2657,6
2657,7
2657,8
2657,9
2657,19
2657,20
2657,27
2657,30
2657,32
2657,37
2657,38
2657,39
2658,1
2658,3
2658,4
2658,14
2658,16
2658,22
2658,23
2658,25
2658,26
2658,28
2658,29
2658,33
2658,34
2658,36
2658,40
2659,10
2659,11
2659,12
2659,13
2659,15
2659,17
2659,18
2659,21
2659,24
2659,31
2659,32
2659,35
2659,37
2659,38
2659,39
2660,2
2660,3
2660,5
2660,6
2660,7
2660,8
2660,9
2660,16
2660,19
2660,20
2660,27
2660,28
2660,30
2660,33
2660,34
2660,36
2660,40
2661,1
2661,4
2661,10
2661,12
2661,14
2661,17
2661,18
2661,22
2661,23
2661,25
2661,26
2661,29
2661,32
2661,35
2661,37
2661,38
2661,39
2662,3
2662,6
2662,11
2662,13
2662,15
2662,16
2662,19
2662,20
2662,21
2662,24
2662,28
2662,31
2662,33
2662,34
2662,36
2662,40
2663,1
2663,2
2663,5
2663,7
2663,8
2663,10
2663,12
2663,17
2663,22
2663,27
2663,30
2663,32
2663,35
2663,37
2663,38
2663,39
2664,3
2664,4
2664,9
2664,14
2664,16
2664,18
2664,19
2664,23
2664,24
2664,25
2664,26
2664,31
2664,33
2664,34
2664,36
2664,40
2665,6
2665,11
2665,12
2665,13
2665,15
2665,17
2665,20
2665,21
2665,28
2665,29
2665,32
2665,35
2665,37
2665,38
2665,39
2666,1
2666,2
2666,10
2666,16
2666,22
2666,33
2666,34
2666,36
2666,40
2667,3
2667,5
2667,7
2667,14
2667,19
2667,23
2667,24
2667,26
2667,30
2667,37
2667,38
2668,8
2668,20
2668,28
2668,32
2668,35
2668,39
2669,17
2669,25
2669,31
2669,36
2669,37
2669,40
2670,4
2670,12
2670,16
2670,33
2670,34
2671,18
2671,35
2671,38
2673,19
2674,36
2675,34
2676,35
2678,37
2682,35
2682,37
2684,36
2686,37
2686,40
2689,36
2690,35
2691,34
2691,37
2696,36
2697,37
2699,34
2700,35
2700,36
2700,40
2705,36
2706,34
2706,37
2707,33
2707,40
2710,36
2714,34
2714,35
2716,36
2722,34
2722,36
2722,38
2722,40
2724,33
2727,36
2730,35
2731,40
2732,36
2736,36
2738,38
2742,36
2743,35
2743,38
2744,33
2744,34
2750,34
2751,36
2751,38
2752,40
2754,32
2755,37
2755,39
2758,16
2759,36
2760,34
2760,37
2761,39
2761,40
2767,37
2769,34
2769,36
2769,38
2770,33
2770,35
2770,39
2778,34
2778,40
2780,36
2781,33
2782,28
2785,34
2785,35
2785,37
2786,38
2787,1
2787,33
2789,39
2791,36
2791,37
2792,35
2793,38
2797,16
2797,35
2798,37
2799,33
2800,36
2801,34
2801,38
2801,40
2803,35
2804,15
2805,37
2807,36
2807,38
2808,33
2808,34
2810,35
2816,35
2816,39
2818,36
2819,3
2819,22
2819,33
2819,34
2820,32
2822,35
2823,14
2823,23
2823,36
2823,37
2824,9
2824,17
2824,31
2824,33
2824,40
2825,16
2825,38
2826,2
2826,7
2826,19
2826,20
2826,34
2827,12
2827,27
2827,36
2828,11
2828,13
2828,21
2828,24
2828,26
2828,33
2828,35
2828,39
2828,40
2829,1
2829,4
2829,5
2829,6
2829,8
2829,10
2829,16
2829,18
2829,22
2829,28
2829,29
2829,32
2829,37
2829,38
2830,3
2830,14
2830,17
2830,19
2830,20
2830,23
2830,25
2830,34
2830,36
2831,1
2831,2
2831,4
2831,7
2831,9
2831,10
2831,11
2831,12
2831,13
2831,15
2831,16
2831,18
2831,21
2831,22
2831,24
2831,26
2831,27
2831,28
2831,30
2831,31
2831,32
2831,33
2831,35
2831,37
2831,38
2831,39
2831,40
2832,3
2832,5
2832,6
2832,8
2832,16
2832,17
2832,20
2832,23
2832,29
2832,33
2832,34
2832,36
2832,38
2832,40
2833,1
2833,2
2833,4
2833,7
2833,10
2833,11
2833,12
2833,13
2833,14
2833,15
2833,18
2833,19
2833,21
2833,22
2833,24
2833,25
2833,26
2833,27
2833,28
2833,30
2833,31
2833,32
2833,35
2833,37
2833,39
2834,3
2834,6
2834,9
2834,10
2834,12
2834,14
2834,16
2834,17
2834,20
2834,23
2834,32
2834,33
2834,34
2834,35
2834,36
2834,37
2834,38
2834,40
2835,1
2835,2
2835,4
2835,5
2835,7
2835,8
2835,11
2835,13
2835,15
2835,18
2835,19
2835,21
2835,22
2835,24
2835,25
2835,26
2835,27
2835,28
2835,29
2835,30
2835,31
2835,39
2836,1
2836,10
2836,12
2836,14
2836,16
2836,17
2836,20
2836,23
2836,28
2836,32
2836,33
2836,34
2836,35
2836,36
2836,37
2836,38
2836,40
2837,2
2837,3
2837,4
2837,5
2837,6
2837,7
2837,8
2837,9
2837,11
2837,13
2837,15
2837,18
2837,19
2837,21
2837,22
2837,24
2837,25
2837,26
2837,27
2837,29
2837,30
2837,31
2837,39
2838,12
2838,14
2838,16
2838,17
2838,19
2838,20
2838,23
2838,24
2838,28
2838,32
2838,33
2838,34
2838,35
2838,36
2838,37
2838,38
2838,39
2838,40
2839,1
2839,2
2839,3
2839,4
2839,5
2839,6
2839,7
2839,8
2839,9
2839,10
2839,11
2839,13
2839,15
2839,18
2839,21
2839,22
2839,25
2839,26
2839,29
2839,30
2839,31
2840,1
2840,10
2840,16
2840,27
2840,28
2840,32
2840,33
2840,34
2840,35
2840,36
2840,37
2840,38
2840,39
2840,40
2841,2
2841,3
2841,5
2841,6
2841,7
2841,8
2841,11
2841,12
2841,13
2841,14
2841,15
2841,17
2841,18
2841,19
2841,20
2841,22
2841,23
2841,24
2841,25
2841,26
2841,29
2841,30
2841,31
2842,3
2842,4
2842,9
2842,16
2842,19
2842,20
2842,21
2842,24
2842,32
2842,33
2842,34
2842,35
2842,36
2842,37
2842,38
2842,39
2842,40
2843,1
2843,2
2843,5
2843,6
2843,8
2843,10
2843,11
2843,12
2843,13
2843,14
2843,15
2843,17
2843,18
2843,22
2843,23
2843,25
2843,26
2843,28
2843,29
2843,30
2843,31
2844,7
2844,16
2844,27
2844,28
2844,32
2844,33
2844,35
2844,36
2844,37
2844,38
2844,39
2844,40
2845,1
2845,3
2845,6
2845,10
2845,12
2845,13
2845,14
2845,17
2845,19
2845,20
2845,22
2845,23
2845,24
2845,25
2845,26
2845,30
2845,31
2845,34
2846,4
2846,9
2846,15
2846,18
2846,21
2846,29
2847,1
2847,2
2847,3
2847,5
2847,11
2847,12
2847,16
2847,19
2847,20
2847,24
2847,25
2847,28
2847,32
2847,33
2847,34
2847,35
2847,36
2847,37
2847,38
2847,39
2847,40
2848,6
2848,10
2848,14
2848,17
2848,22
2848,23
2849,16
2849,31
2849,36
2849,37
2850,32
2850,34
2850,35
2850,38
2850,39
2850,40
2851,33
2856,34
2856,37
2857,40
2858,36
2863,36
2863,40
2864,37
2867,34
2869,37
2870,36
2870,40
2875,36
2878,37
2878,40
2879,36
2880,34
2881,35
2883,36
2887,36
2890,35
2890,37
2891,34
2891,36
2891,40
2896,34
2896,36
2899,40
2900,36
2901,38
2902,35
2903,33
2904,34
2904,36
2909,36
2911,34
2913,40
2915,33
2915,34
2916,38
2917,39
2919,36
2921,34
2922,35
2927,36
2929,34
2930,39
2932,37
2933,38
2934,34
2935,36
2936,35
2940,38
2941,34
2941,36
2945,35
2946,34
2950,33
2951,35
2951,39
2952,34
2952,38
2954,36
2958,34
2959,35
2961,36
2961,39
2962,38
2964,34
2969,34
2971,35
2971,39
2974,34
2974,37
2976,38
2979,34
2980,37
2981,16
2981,35
2982,38
2983,40
2986,34
2986,36
2987,37
2988,33
2991,35
2993,34
2995,36
2997,38
2999,33
3000,35
3000,39
3001,34
3001,36
3006,36
3007,35
3009,34
3010,36
3011,19
3012,32
3012,35
3013,36
3013,39
3014,16
3014,37
3015,23
3016,14
3016,22
3016,33
3016,38
3017,36
3018,1
3018,35
3019,20
3020,12
3020,15
3021,3
3021,5
3021,24
3021,40
3022,10
3022,17
3022,21
3022,34
3022,35
3022,36
3022,37
3023,2
3023,6
3023,16
3023,18
3023,25
3023,26
3023,27
3023,28
3023,31
3023,33
3023,38
3023,39
3024,4
3024,7
3024,8
3024,9
3024,11
3024,13
3024,23
3024,29
3024,30
3024,32
3024,36
3025,1
3025,10
3025,12
3025,14
3025,15
3025,16
3025,19
3025,20
3025,22
3025,24
3025,28
3025,33
3025,37
3025,38
3025,39
3025,40
3026,2
3026,3
3026,5
3026,6
3026,11
3026,17
3026,18
3026,21
3026,23
3026,25
3026,26
3026,27
3026,30
3026,31
3026,32
3026,34
3026,35
3026,36
3027,1
3027,4
3027,7
3027,8
3027,10
3027,12
3027,13
3027,14
3027,16
3027,19
3027,20
3027,22
3027,29
3027,33
3027,37
3027,38
3027,39
3027,40
3028,2
3028,3
3028,6
3028,9
3028,11
3028,15
3028,17
3028,18
3028,21
3028,23
3028,24
3028,25
3028,28
3028,30
3028,32
3028,34
3028,35
3028,36
3029,1
3029,5
3029,10
3029,12
3029,13
3029,14
3029,16
3029,20
3029,22
3029,26
3029,27
3029,31
3029,33
3029,37
3029,38
3029,39
3029,40
3030,2
3030,3
3030,4
3030,7
3030,8
3030,15
3030,17
3030,18
3030,19
3030,23
3030,24
3030,28
3030,29
3030,32
3030,34
3030,35
3030,36
3031,6
3031,11
3031,12
3031,16
3031,21
3031,25
3031,30
3031,33
3031,37
3031,38
3031,40
3032,1
3032,3
3032,5
3032,9
3032,10
3032,13
3032,14
3032,19
3032,20
3032,22
3032,23
3032,26
3032,28
3032,31
3032,32
3032,34
3032,35
3032,36
3032,39
3033,4
3033,16
3033,17
3033,24
3033,27
3033,38
3034,1
3034,3
3034,7
3034,12
3034,15
3034,18
3034,28
3034,32
3034,33
3034,34
3034,35
3034,36
3034,37
3034,39
3034,40
3035,2
3035,6
3035,20
3035,21
3035,22
3035,23
3035,29
3035,31
3036,8
3036,10
3036,11
3036,14
3036,16
3036,19
3036,25
3036,38
3037,26
3037,28
3037,32
3037,33
3037,34
3037,35
3037,36
3037,37
3037,39
3037,40
3038,1
3038,17
3038,20
3038,24
3039,3
3039,13
3039,38
3040,36
3040,37
3041,16
3041,35
3042,39
3043,40
3044,36
3047,37
3048,35
3048,36
3053,36
3053,37
3054,35
3058,36
3061,35
3062,37
3064,36
3068,36
3070,37
3072,35
3072,36
3078,36
3078,37
3079,35
3081,40
3082,38
3083,36
3084,34
3088,36
3088,39
3089,33
3089,38
3090,35
3093,37
3095,38
3097,36
3101,35
3102,36
3104,34
3104,38
3106,36
3107,33
3107,35
3111,36
3112,38
3114,35
3116,36
3116,39
3120,38
3122,35
3122,36
3126,37
3126,40
3127,38
3130,36
3133,16
3133,35
3133,38
3136,33
3136,39
3137,34
3138,36
3139,37
3140,38
3144,33
3144,34
3146,36
3149,37
3149,38
3150,35
3154,33
3154,36
3154,37
3155,38
3156,34
3160,36
3161,37
3163,34
3166,16
3166,36
3166,37
3167,32
3168,35
3170,14
3171,22
3171,33
3171,37
3171,38
3171,40
3172,34
3172,36
3172,39
3173,20
3173,23
3174,35
3175,17
3177,37
3177,39
3178,34
3179,31
3179,36
3180,40
3181,38
3182,35
3188,35
3189,37
3190,36
3190,39
3191,38
3192,3
3192,15
3193,19
3195,10
3196,4
3196,9
3196,18
3196,26
3196,33
3196,34
3196,35
3196,36
3196,37
3197,5
3197,6
3197,11
3197,12
3197,16
3197,24
3197,25
3197,27
3197,28
3197,32
3197,40
3198,1
3198,2
3198,8
3198,21
3198,22
3198,29
3198,30
3198,38
3198,39
3199,3
3199,7
3199,10
3199,11
3199,12
3199,13
3199,14
3199,15
3199,16
3199,17
3199,18
3199,19
3199,20
3199,23
3199,24
3199,27
3199,28
3199,31
3199,32
3199,33
3199,35
3199,36
3199,37
3199,40
3200,1
3200,2
3200,4
3200,5
3200,6
3200,9
3200,16
3200,22
3200,25
3200,26
3200,34
3200,38
3201,3
3201,7
3201,8
3201,10
3201,11
3201,12
3201,13
3201,14
3201,15
3201,17
3201,18
3201,19
3201,20
3201,21
3201,23
3201,24
3201,27
3201,28
3201,29
3201,30
3201,31
3201,32
3201,33
3201,35
3201,36
3201,37
3201,39
3201,40
3202,1
3202,2
3202,3
3202,4
3202,5
3202,6
3202,16
3202,22
3202,25
3202,26
3202,34
3202,36
3202,38
3202,40
3203,7
3203,8
3203,9
3203,10
3203,11
3203,12
3203,13
3203,14
3203,15
3203,17
3203,18
3203,19
3203,20
3203,21
3203,23
3203,24
3203,28
3203,29
3203,30
3203,31
3203,32
3203,33
3203,35
3203,37
3203,39
3204,1
3204,16
3204,20
3204,22
3204,27
3204,34
3204,35
3204,36
3204,37
3204,38
3204,40
3205,2
3205,3
3205,4
3205,5
3205,6
3205,7
3205,8
3205,10
3205,12
3205,13
3205,14
3205,17
3205,18
3205,19
3205,21
3205,23
3205,24
3205,25
3205,26
3205,28
3205,29
3205,30
3205,31
3205,32
3205,33
3205,39
3206,3
3206,11
3206,12
3206,14
3206,15
3206,16
3206,17
3206,20
3206,23
3206,24
3206,28
3206,30
3206,32
3206,33
3206,34
3206,35
3206,36
3206,37
3206,38
3206,39
3206,40
3207,1
3207,2
3207,4
3207,5
3207,6
3207,7
3207,8
3207,9
3207,10
3207,13
3207,18
3207,19
3207,21
3207,22
3207,25
3207,26
3207,27
3207,29
3207,31
3208,14
3208,16
3208,17
3208,20
3208,23
3208,28
3208,32
3208,33
3208,34
3208,35
3208,36
3208,37
3208,38
3208,39
3208,40
3209,1
3209,2
3209,3
3209,4
3209,6
3209,7
3209,10
3209,11
3209,12
3209,13
3209,15
3209,19
3209,22
3209,24
3209,25
3209,26
3209,29
3209,30
3210,5
3210,9
3210,16
3210,18
3210,21
3210,31
3210,33
3210,35
3210,36
3210,37
3210,39
3210,40
3211,1
3211,3
3211,6
3211,8
3211,10
3211,11
3211,12
3211,13
3211,14
3211,17
3211,19
3211,20
3211,22
3211,23
3211,24
3211,25
3211,26
3211,28
3211,32
3211,34
3211,38
3212,2
3212,4
3212,7
3212,15
3212,16
3212,27
3212,30
3212,32
3212,36
3212,37
3212,40
3213,1
3213,3
3213,10
3213,12
3213,17
3213,18
3213,19
3213,20
3213,21
3213,22
3213,23
3213,24
3213,28
3213,29
3213,33
3213,34
3213,35
3213,38
3213,39
3214,5
3214,6
3214,11
3214,13
3214,14
3214,16
3214,25
3214,26
3214,31
3214,36
3214,37
3215,1
3215,32
3215,33
3215,34
3215,35
3215,38
3215,39
3215,40
3216,28
3216,36
3217,16
3217,17
3217,37
3220,34
3220,37
3221,35
3221,36
3222,38
3224,39
3225,37
3227,34
3227,36
3229,35
3230,37
3232,34
3234,35
3235,37
3238,34
3241,35
3241,36
3241,37
3241,39
3243,38
3243,40
3245,34
3250,34
3250,35
3252,37
3253,36
3253,38
3257,37
3258,33
3259,34
3263,35
3263,38
3264,34
3264,40
3269,34
3271,35
3272,37
3272,39
3273,34
3275,38
3278,34
3279,39
3280,37
3284,35
3286,34
3286,37
3289,33
3289,36
3289,39
3291,34
3292,37
3293,35
3296,34
3299,35
3300,37
3300,39
3302,34
3306,35
3308,36
3309,34
3309,37
3309,38
3309,40
3315,34
3317,37
3317,40
3318,33
3318,36
3324,34
3325,40
3326,36
3326,37
3326,38
3327,35
3327,39
3333,35
3334,36
3335,40
3336,34
3339,36
3343,33
3344,34
3344,36
3345,35
3351,16
3351,36
3352,38
3354,35
3354,37
3355,33
3355,39
3355,40
3356,36
3363,33
3363,36
3364,34
3364,35
3365,9
3365,40
3368,36
3371,40
3372,16
3372,35
3373,33
3374,17
3374,36
3376,15
3376,38
3378,36
3378,39
3378,40
3379,34
3379,37
3380,16
3380,20
3381,14
3382,19
3382,35
3383,22
3383,36
3384,1
3384,32
3384,38
3384,40
3385,2
3385,3
3385,12
3385,16
3385,21
3385,31
3385,39
3386,5
3386,23
3386,26
3386,33
3386,34
3387,4
3387,6
3387,10
3387,11
3387,13
3387,18
3387,24
3387,25
3387,27
3387,28
3387,32
3387,35
3387,36
3387,37
3387,38
3387,40
3388,1
3388,7
3388,8
3388,12
3388,14
3388,16
3388,17
3388,20
3388,22
3388,29
3388,30
3388,39
3389,2
3389,3
3389,9
3389,10
3389,15
3389,19
3389,21
3389,23
3389,26
3389,28
3389,31
3389,32
3389,33
3389,36
3389,37
3389,38
3389,40
3390,1
3390,4
3390,5
3390,6
3390,11
3390,12
3390,13
3390,14
3390,16
3390,17
3390,18
3390,20
3390,22
3390,24
3390,25
3390,27
3390,30
3390,34
3390,35
3390,39
3391,2
3391,3
3391,7
3391,8
3391,10
3391,15
3391,16
3391,19
3391,23
3391,28
3391,29
3391,32
3391,33
3391,36
3391,37
3391,38
3391,40
3392,1
3392,4
3392,5
3392,6
3392,9
3392,11
3392,12
3392,13
3392,14
3392,17
3392,18
3392,20
3392,21
3392,22
3392,24
3392,25
3392,26
3392,30
3392,31
3392,34
3392,35
3392,39
3393,3
3393,16
3393,23
3393,27
3393,28
3393,32
3393,33
3393,34
3393,36
3393,37
3393,38
3393,40
3394,1
3394,2
3394,4
3394,5
3394,6
3394,7
3394,8
3394,10
3394,11
3394,12
3394,13
3394,14
3394,15
3394,17
3394,18
3394,19
3394,20
3394,21
3394,22
3394,24
3394,25
3394,26
3394,29
3394,30
3394,31
3394,35
3394,39
3395,1
3395,9
3395,10
3395,12
3395,13
3395,14
3395,16
3395,17
3395,19
3395,20
3395,23
3395,24
3395,26
3395,28
3395,29
3395,31
3395,32
3395,33
3395,34
3395,35
3395,36
3395,37
3395,38
3395,39
3395,40
3396,2
3396,3
3396,4
3396,5
3396,6
3396,7
3396,8
3396,11
3396,15
3396,18
3396,21
3396,22
3396,25
3396,27
3396,30
3397,1
3397,10
3397,12
3397,16
3397,17
3397,20
3397,23
3397,24
3397,28
3397,32
3397,33
3397,34
3397,35
3397,36
3397,37
3397,38
3397,39
3397,40
3398,3
3398,7
3398,13
3398,14
3398,19
3398,25
3398,26
3398,29
3398,31
3399,2
3399,5
3399,6
3399,11
3399,15
3399,18
3399,22
3399,30
3399,36
3400,4
3400,9
3400,16
3400,32
3400,33
3400,34
3400,35
3400,37
3400,38
3400,39
3400,40
3401,1
3401,3
3401,8
3401,19
3401,21
3401,27
3401,28
3402,17
3402,23
3402,36
3403,35
3403,37
3403,38
3403,39
3404,16
3404,24
3404,34
3404,40
3405,33
3406,36
3408,34
3408,37
3409,35
3410,36
3412,39
3414,34
3415,35
3416,36
3416,37
3421,34
3421,35
3421,37
3423,36
3423,39
3427,35
3427,36
3428,34
3429,33
3432,37
3433,34
3433,35
3433,36
3439,34
3439,35
3439,36
3441,33
3441,37
3446,34
3446,36
3447,35
3447,37
3448,39
3453,34
3455,37
3456,35
3456,39
3458,38
3463,35
3463,36
3463,37
3465,34
3467,33
3472,35
3472,36
3472,39
3473,38
3475,40
3478,33
3478,37
3479,36
3481,34
3482,38
3483,37
3485,34
3487,36
3490,34
3490,35
3490,37
3491,38
3493,16
3496,34
3496,35
3496,36
3497,40
3498,37
3498,38
3498,39
3505,33
3505,34
3505,36
3505,38
3508,35
3512,39
3513,37
3514,38
3516,33
3518,35
3521,38
3522,34
3522,36
3528,35
3529,40
3530,16
3530,37
3530,39
3531,33
3533,38
3537,33
3537,36
3540,37
3542,33
3543,34
3544,36
3550,20
3550,34
3551,28
3551,36
3551,39
3552,33
3552,35
3553,38
3554,22
3554,32
3555,16
3557,3
3557,11
3557,12
3558,17
3558,32
3558,35
3558,38
3558,39
3559,1
3559,2
3559,4
3559,9
3559,14
3559,18
3559,21
3559,23
3559,27
3559,31
3559,33
3559,34
3559,36
3559,37
3559,40
3560,5
3560,7
3560,10
3560,13
3560,16
3560,19
3560,24
3560,25
3560,26
3560,29
3560,30
3561,6
3561,8
3561,12
3561,14
3561,15
3561,20
3561,22
3561,28
3561,32
3561,33
3561,36
3561,37
3561,38
3561,39
3561,40
3562,1
3562,2
3562,3
3562,4
3562,10
3562,11
3562,13
3562,16
3562,17
3562,18
3562,19
3562,21
3562,23
3562,24
3562,26
3562,29
3562,30
3562,31
3562,34
3562,35
3563,1
3563,5
3563,7
3563,9
3563,12
3563,16
3563,20
3563,22
3563,25
3563,27
3563,28
3563,32
3563,33
3563,34
3563,36
3563,37
3563,38
3563,39
3563,40
3564,2
3564,3
3564,4
3564,6
3564,8
3564,10
3564,11
3564,13
3564,14
3564,15
3564,17
3564,18
3564,19
3564,21
3564,23
3564,24
3564,26
3564,29
3564,30
3564,31
3564,35
3565,1
3565,12
3565,16
3565,20
3565,22
3565,23
3565,28
3565,32
3565,33
3565,34
3565,35
3565,36
3565,37
3565,38
3565,39
3565,40
3566,2
3566,3
3566,4
3566,5
3566,6
3566,7
3566,8
3566,9
3566,10
3566,11
3566,13
3566,14
3566,15
3566,17
3566,18
3566,19
3566,21
3566,24
3566,25
3566,26
3566,27
3566,29
3566,30
3566,31
3567,1
3567,3
3567,4
3567,5
3567,6
3567,7
3567,10
3567,12
3567,13
3567,14
3567,15
3567,16
3567,17
3567,19
3567,20
3567,22
3567,23
3567,24
3567,25
3567,28
3567,29
3567,30
3567,32
3567,33
3567,34
3567,35
3567,36
3567,37
3567,38
3567,39
3567,40
3568,2
3568,8
3568,9
3568,11
3568,16
3568,18
3568,21
3568,26
3568,27
3568,31
3569,1
3569,3
3569,5
3569,6
3569,10
3569,12
3569,13
3569,14
3569,15
3569,17
3569,19
3569,20
3569,22
3569,23
3569,24
3569,25
3569,28
3569,32
3569,33
3569,34
3569,35
3569,36
3569,37
3569,38
3569,39
3569,40
3570,4
3570,7
3570,16
3570,30
3571,11
3571,18
3571,20
3571,29
3571,31
3571,32
3571,33
3571,35
3571,36
3571,37
3571,38
3571,39
3571,40
3572,1
3572,2
3572,3
3572,12
3572,17
3572,22
3572,24
3572,28
3572,34
3573,10
3573,15
3573,26
3573,27
3574,8
3574,16
3574,23
3574,33
3574,34
3574,35
3574,36
3574,37
3575,19
3575,32
3575,38
3575,39
3575,40
3576,28
3578,37
3580,35
3581,34
3582,36
3583,37
3583,40
3586,38
3587,36
3588,35
3593,38
3594,36
3594,37
3594,40
3595,34
3598,33
3600,34
3600,37
3601,38
3601,40
3602,35
3602,36
3607,36
3608,37
3609,34
3609,35
3610,40
3614,36
3616,34
3617,40
3619,37
3620,36
3621,38
3623,40
3627,37
3627,40
3628,38
3629,36
3631,33
3635,40
3638,34
3638,37
3639,35
3640,36
3641,38
3646,37
3647,40
3648,33
3650,35
3652,37
3652,39
3653,36
3653,38
3659,37
3660,36
3660,40
3661,35
3664,38
3668,33
3669,34
3669,37
3670,36
3673,35
3675,38
3676,36
3676,39
3682,35
3682,37
3685,34
3687,36
3687,40
3688,39
3689,37
3690,16
3692,36
3695,33
3695,37
3698,36
3700,34
3700,37
3700,39
3701,35
3703,33
3707,37
3708,38
3709,36
3710,33
3710,35
3715,38
3716,20
3716,36
3717,37
3718,33
3718,39
3722,14
3722,31
3722,37
3724,16
3724,36
3724,40
3725,26
3725,32
3725,33
3725,37
3725,38
3726,10
3726,19
3726,39
3727,3
3727,22
3728,13
3728,15
3728,36
3729,2
3729,8
3729,25
3729,27
3729,33
3729,37
3730,1
3730,5
3730,7
3730,9
3730,12
3730,16
3730,17
3730,18
3730,21
3730,24
3730,39
3731,3
3731,4
3731,6
3731,10
3731,11
3731,14
3731,20
3731,22
3731,23
3731,28
3731,29
3731,30
3731,32
3731,34
3731,35
3731,36
3731,37
3731,38
3731,40
3732,1
3732,2
3732,5
3732,7
3732,12
3732,13
3732,15
3732,16
3732,17
3732,18
3732,19
3732,24
3732,26
3732,31
3732,33
3732,39
3733,3
3733,6
3733,8
3733,9
3733,10
3733,11
3733,14
3733,20
3733,21
3733,22
3733,23
3733,25
3733,27
3733,28
3733,30
3733,32
3733,34
3733,35
3733,36
3733,37
3733,38
3733,40
3734,1
3734,2
3734,4
3734,5
3734,7
3734,12
3734,13
3734,15
3734,16
3734,17
3734,18
3734,19
3734,24
3734,26
3734,29
3734,31
3734,33
3734,39
3735,3
3735,6
3735,8
3735,10
3735,11
3735,14
3735,16
3735,20
3735,21
3735,22
3735,23
3735,25
3735,28
3735,30
3735,32
3735,34
3735,35
3735,36
3735,37
3735,38
3735,40
3736,1
3736,2
3736,4
3736,5
3736,7
3736,9
3736,12
3736,13
3736,15
3736,17
3736,18
3736,19
3736,24
3736,26
3736,27
3736,29
3736,31
3736,33
3736,39
3737,3
3737,6
3737,10
3737,14
3737,16
3737,20
3737,21
3737,22
3737,23
3737,28
3737,32
3737,34
3737,35
3737,36
3737,37
3737,38
3737,40
3738,1
3738,4
3738,7
3738,8
3738,11
3738,12
3738,13
3738,17
3738,19
3738,24
3738,25
3738,26
3738,29
3738,30
3738,31
3738,33
3738,39
3739,2
3739,5
3739,9
3739,15
3739,16
3739,18
3739,27
3739,32
3739,35
3739,36
3739,37
3739,38
3739,40
3740,1
3740,3
3740,10
3740,14
3740,17
3740,20
3740,22
3740,23
3740,24
3740,28
3740,33
3740,34
3740,39
3741,6
3741,11
3741,12
3741,13
3741,16
3741,19
3741,21
3741,25
3741,26
3741,31
3741,37
3742,29
3742,32
3742,33
3742,34
3742,35
3742,36
3742,38
3742,39
3742,40
3743,3
3743,4
3743,16
3743,20
3743,28
3743,37
3744,1
3745,17
3746,33
3746,34
3746,36
3746,37
3747,16
3747,39
3747,40
3749,35
3751,36
3751,38
3752,33
3756,35
3756,36
3757,39
3761,33
3762,34
3763,37
3765,35
3766,36
3770,34
3770,37
3771,35
3774,39
3775,36
3775,38
3777,35
3781,34
3783,35
3783,36
3783,39
3785,38
3786,37
3791,37
3792,36
3798,35
3798,40
3800,33
3800,36
3800,37
3802,34
3808,34
3809,35
3809,37
3809,40
3811,39
3815,35
3817,34
3817,40
3818,38
3823,39
3823,40
3826,38
3828,34
3828,35
3829,36
3831,33
3833,40
3834,34
3834,35
3834,36
3836,38
3837,37
3840,35
3842,36
3843,34
3844,40
3846,38
3847,35
3848,33
3853,33
3853,34
3854,35
3854,38
3856,36
3856,37
3858,39
3860,36
3861,37
3865,36
3865,37
3869,36
3870,16
3871,38
3872,33
3872,37
3872,40
3873,28
3874,34
3875,36
3879,35
3879,37
3879,39
3880,34
3880,36
3881,33
3881,38
3886,34
3889,36
3889,40
3890,33
3891,38
3892,34
3893,28
3894,37
3897,32
3897,34
3897,36
3898,40
3899,16
3901,18
3901,33
3902,11
3902,40
3903,26
3903,34
3903,37
3903,39
3904,2
3904,15
3904,22
3904,35
3904,36
3904,38
3905,12
3905,16
3905,19
3905,23
3907,6
3907,13
3907,14
3907,20
3907,37
3908,1
3908,3
3908,4
3908,5
3908,18
3908,24
3908,25
3908,27
3908,30
3908,32
3908,33
3908,34
3908,35
3908,36
3908,38
3908,39
3908,40
3909,9
3909,10
3909,11
3909,12
3909,16
3909,17
3909,19
3909,21
3909,22
3909,28
3909,29
3909,31
3910,2
3910,7
3910,8
3910,14
3910,15
3910,20
3910,23
3910,26
3910,32
3910,33
3910,36
3910,37
3910,38
3910,39
3910,40
3911,1
3911,3
3911,4
3911,5
3911,6
3911,10
3911,11
3911,12
3911,13
3911,16
3911,17
3911,18
3911,19
3911,21
3911,22
3911,24
3911,25
3911,27
3911,28
3911,29
3911,30
3911,31
3911,34
3911,35
3912,1
3912,3
3912,7
3912,9
3912,10
3912,14
3912,16
3912,17
3912,20
3912,23
3912,24
3912,25
3912,28
3912,32
3912,33
3912,34
3912,35
3912,36
3912,37
3912,38
3912,39
3912,40
3913,2
3913,4
3913,5
3913,6
3913,8
3913,11
3913,12
3913,13
3913,15
3913,18
3913,19
3913,21
3913,22
3913,26
3913,27
3913,29
3913,30
3913,31
3914,1
3914,3
3914,10
3914,14
3914,16
3914,17
3914,20
3914,23
3914,24
3914,28
3914,32
3914,33
3914,34
3914,35
3914,36
3914,37
3914,38
3914,39
3914,40
3915,2
3915,4
3915,5
3915,6
3915,7
3915,8
3915,9
3915,11
3915,12
3915,13
3915,15
3915,18
3915,19
3915,21
3915,22
3915,25
3915,26
3915,27
3915,29
3915,30
3915,31
3916,1
3916,3
3916,10
3916,14
3916,16
3916,17
3916,20
3916,23
3916,24
3916,28
3916,32
3916,33
3916,34
3916,35
3916,36
3916,37
3916,38
3916,39
3916,40
3917,2
3917,4
3917,5
3917,6
3917,7
3917,8
3917,9
3917,11
3917,12
3917,13
3917,15
3917,18
3917,19
3917,21
3917,22
3917,25
3917,26
3917,29
3917,30
3917,31
3918,1
3918,14
3918,16
3918,27
3918,28
3918,32
3918,33
3918,34
3918,35
3918,36
3918,37
3918,38
3918,39
3918,40
3919,2
3919,3
3919,4
3919,6
3919,7
3919,10
3919,11
3919,12
3919,13
3919,15
3919,17
3919,18
3919,19
3919,20
3919,22
3919,23
3919,24
3919,25
3919,26
3919,29
3919,30
3919,31
3920,5
3920,8
3920,9
3920,10
3920,16
3920,19
3920,20
3920,21
3920,23
3920,24
3920,32
3920,33
3920,34
3920,35
3920,36
3920,37
3920,38
3920,39
3920,40
3921,1
3921,2
3921,3
3921,4
3921,6
3921,7
3921,11
3921,12
3921,13
3921,14
3921,15
3921,17
3921,18
3921,22
3921,25
3921,26
3921,27
3921,28
3921,29
3921,30
3921,31
3922,16
3922,17
3922,19
3922,28
3922,32
3922,33
3922,34
3922,35
3922,36
3922,37
3922,38
3922,39
3922,40
3923,1
3923,2
3923,3
3923,5
3923,6
3923,7
3923,10
3923,12
3923,13
3923,14
3923,15
3923,20
3923,22
3923,23
3923,24
3923,25
3923,26
3923,30
3923,31
3924,4
3924,8
3924,9
3924,11
3924,16
3924,21
3924,29
3924,36
3924,37
3924,40
3925,1
3925,3
3925,10
3925,12
3925,13
3925,14
3925,17
3925,18
3925,19
3925,20
3925,22
3925,23
3925,24
3925,25
3925,28
3925,31
3925,32
3925,33
3925,34
3925,35
3925,38
3925,39
3926,2
3926,5
3926,6
3926,7
3926,15
3926,16
3926,26
3926,36
3926,37
3926,40
3927,1
3927,3
3927,27
3927,28
3927,32
3927,33
3927,34
3927,35
3927,38
3927,39
3928,12
3928,20
3929,17
3929,36
3929,37
3930,22
3931,16
3931,40
3932,34
3932,35
3937,34
3938,35
3938,37
3944,37
3945,34
3945,35
3951,37
3953,34
3954,35
3956,36
3962,37
3965,34
3966,36
3968,37
3970,36
3975,37
3976,36
3977,34
3977,35
3983,36
3984,34
3985,35
3985,37
3992,34
3992,36
3992,40
3993,37
3993,38
3998,37
4000,33
4001,36
4002,34
4005,37
4006,35
4010,37
4010,38
4012,36
4013,39
4017,37
4021,33
4021,34
4021,39
4025,37
4028,39
4029,37
4030,35
4031,40
4033,36
4037,37
4038,39
4039,33
4039,36
4044,36
4044,37
4045,38
4050,36
4051,33
4054,39
4057,34
4057,36
4057,38
4058,37
4065,37
4065,38
4067,33
4067,34
4067,35
4069,40
4074,36
4075,16
4076,38
4077,39
4078,23
4078,36
4078,37
4081,40
4082,16
4082,36
4084,37
4085,17
4085,34
4086,22
4086,33
4086,36
4087,39
4091,37
4092,20
4093,13
4093,33
4093,34
4094,32
4094,36
4094,38
4094,40
4095,19
4096,12
4098,15
4098,33
4098,36
4099,28
4099,39
4100,2
4100,11
4100,14
4100,37
4101,10
4101,31
4101,35
4101,38
4102,5
4102,9
4102,16
4102,36
4102,40
4103,3
4103,6
4103,19
4103,21
4103,24
4103,27
4103,30
4103,33
4104,1
4104,4
4104,7
4104,12
4104,18
4104,20
4104,26
4104,29
4104,34
4104,39
4105,8
4105,14
4105,15
4105,16
4105,19
4105,22
4105,23
4105,25
4105,28
4105,31
4105,32
4105,35
4105,36
4105,37
4105,38
4105,40
4106,2
4106,3
4106,5
4106,6
4106,10
4106,11
4106,13
4106,17
4106,21
4106,24
4106,30
4106,33
4106,34
4107,1
4107,4
4107,9
4107,12
4107,16
4107,18
4107,20
4107,22
4107,26
4107,27
4107,28
4107,32
4107,36
4107,38
4107,39
4107,40
4108,3
4108,7
4108,8
4108,10
4108,14
4108,15
4108,17
4108,19
4108,23
4108,24
4108,25
4108,29
4108,31
4108,33
4108,34
4108,35
4108,37
4109,1
4109,2
4109,5
4109,6
4109,11
4109,12
4109,13
4109,16
4109,20
4109,21
4109,28
4109,30
4109,32
4109,36
4109,38
4109,39
4109,40
4110,3
4110,4
4110,14
4110,17
4110,18
4110,22
4110,23
4110,26
4110,27
4110,33
4110,34
4110,35
4110,37
4111,1
4111,7
4111,9
4111,10
4111,12
4111,15
4111,16
4111,19
4111,20
4111,24
4111,25
4111,28
4111,29
4111,31
4111,32
4111,36
4111,38
4111,39
4111,40
4112,2
4112,6
4112,8
4112,11
4112,13
4112,33
4112,34
4112,35
4112,37
4113,3
4113,5
4113,14
4113,16
4113,17
4113,21
4113,22
4113,23
4113,24
4113,26
4113,30
4113,32
4113,36
4113,38
4113,39
4113,40
4114,1
4114,4
4114,10
4114,12
4114,18
4114,20
4114,28
4114,31
4115,16
4115,17
4115,27
4115,32
4115,33
4115,34
4115,35
4115,36
4115,37
4115,38
4115,40
4116,7
4116,13
4116,15
4116,19
4116,23
4116,25
4116,28
4116,29
4116,39
4117,1
4117,3
4117,22
4118,6
4118,24
4118,33
4118,35
4118,36
4118,37
4119,16
4119,28
4119,34
4119,38
4119,39
4120,32
4122,37
4122,40
4123,36
4128,35
4128,36
4128,37
4131,33
4132,37
4134,36
4136,37
4138,36
4141,37
4143,36
4144,34
4144,35
4146,33
4148,36
4151,39
4152,36
4152,37
4155,35
4156,36
4161,36
4162,37
4162,39
4163,33
4163,35
4166,38
4167,36
4169,33
4173,36
4175,37
4175,39
4178,33
4178,36
4185,34
4185,36
4185,37
4185,38
4190,39
4191,36
4191,40
4195,33
4195,35
4198,37
4200,36
4206,38
4207,36
4207,37
4208,35
4212,33
4214,35
4215,37
4215,39
4216,36
4220,40
4222,34
4224,36
4225,33
4227,35
4228,37
4229,38
4230,36
4235,36
4235,37
4236,34
4239,16
4240,37
4243,35
4243,36
4245,19
4245,34
4245,37
4246,1
4247,2
4247,38
4247,40
4248,9
4248,32
4249,35
4250,16
4250,36
4250,37
4250,39
4252,14
4252,38
4253,18
4253,20
4253,22
4253,23
4254,11
4254,12
4254,33
4254,37
4255,10
4255,15
4255,40
4256,1
4256,3
4256,4
4256,5
4256,8
4256,13
4256,24
4256,32
4256,34
4256,35
4256,38
4257,7
4257,14
4257,17
4257,19
4257,21
4257,26
4257,27
4257,28
4257,30
4257,31
4257,36
4257,37
4257,39
4258,2
4258,6
4258,12
4258,15
4258,16
4258,18
4258,20
4258,22
4258,23
4258,25
4258,29
4258,32
4258,33
4258,38
4258,40
4259,1
4259,3
4259,4
4259,9
4259,10
4259,11
4259,13
4259,14
4259,17
4259,19
4259,24
4259,28
4259,34
4259,35
4259,36
4259,37
4260,5
4260,7
4260,8
4260,16
4260,18
4260,20
4260,21
4260,22
4260,23
4260,26
4260,27
4260,30
4260,31
4260,32
4260,33
4260,38
4260,39
4260,40
4261,1
4261,2
4261,3
4261,6
4261,10
4261,12
4261,15
4261,17
4261,24
4261,25
4261,28
4261,29
4261,34
4261,35
4261,36
4261,37
4262,4
4262,11
4262,13
4262,14
4262,16
4262,19
4262,20
4262,21
4262,23
4262,32
4262,33
4262,38
4262,39
4262,40
4263,1
4263,5
4263,7
4263,8
4263,9
4263,18
4263,22
4263,26
4263,27
4263,28
4263,30
4263,31
4263,34
4263,35
4263,36
4263,37
4264,3
4264,6
4264,10
4264,12
4264,15
4264,16
4264,17
4264,24
4264,25
4264,32
4264,33
4264,38
4264,39
4264,40
4265,2
4265,14
4265,20
4265,23
4265,28
4265,29
4265,35
4265,36
4265,37
4266,1
4266,11
4266,13
4266,19
4266,21
4266,22
4266,34
4266,38
4267,16
4267,26
4267,31
4267,32
4267,33
4267,39
4267,40
4268,3
4268,4
4268,12
4268,17
4268,35
4268,36
4268,37
4269,38
4270,6
4270,24
4270,34
4271,35
4271,36
4271,40
4272,39
4273,16
4273,37
4275,33
4277,35
4278,36
4279,37
4282,35
4283,37
4285,36
4288,37
4289,35
4289,38
4289,40
4295,37
4296,35
4296,36
4297,39
4300,37
4301,40
4303,35
4304,36
4309,38
4311,39
4312,35
4312,37
4313,40
4314,33
4314,36
4320,37
4321,36
4323,33
4323,34
4323,38
4331,33
4331,36
4332,35
4333,37
4333,38
4333,40
4341,33
4341,36
4344,38
4347,40
4348,35
4348,39
4350,33
4350,36
4351,38
4357,35
4357,36
4357,38
4360,16
4362,33
4362,37
4363,38
4363,40
4365,36
4365,39
4368,33
4368,38
4370,34
4373,40
4376,35
4377,36
4378,33
4379,34
4382,38
4386,34
4388,37
4388,39
4393,40
4395,35
4395,36
4395,37
4397,38
4400,36
4400,39
4404,33
4405,38
4406,36
4407,16
4407,20
4408,14
4408,34
4410,33
4410,37
4410,40
4411,22
4411,36
4411,38
4412,12
4412,32
4413,3
4413,35
4414,16
4414,25
4414,28
4415,15
4415,17
4415,19
4415,33
4416,1
4416,2
4416,4
4416,10
4416,11
4416,18
4416,21
4416,23
4416,27
4416,31
4416,32
4416,34
4416,36
4416,37
4416,38
4416,39
4417,3
4417,5
4417,6
4417,7
4417,8
4417,9
4417,12
4417,13
4417,16
4417,20
4417,22
4417,24
4417,26
4417,28
4417,29
4417,30
4417,35
4417,40
4418,1
4418,2
4418,10
4418,11
4418,14
4418,15
4418,16
4418,17
4418,18
4418,19
4418,23
4418,25
4418,32
4418,33
4418,34
4418,36
4418,37
4418,38
4418,39
4419,3
4419,4
4419,5
4419,6
4419,7
4419,8
4419,9
4419,12
4419,13
4419,20
4419,21
4419,22
4419,24
4419,26
4419,27
4419,28
4419,29
4419,30
4419,31
4419,35
4419,40
4420,1
4420,2
4420,10
4420,11
4420,14
4420,15
4420,16
4420,17
4420,18
4420,19
4420,23
4420,24
4420,32
4420,33
4420,34
4420,36
4420,37
4420,38
4420,39
4420,40
4421,3
4421,4
4421,5
4421,6
4421,7
4421,8
4421,9
4421,12
4421,13
4421,20
4421,21
4421,22
4421,25
4421,26
4421,27
4421,28
4421,29
4421,30
4421,31
4421,35
4422,1
4422,10
4422,14
4422,16
4422,17
4422,19
4422,23
4422,24
4422,32
4422,33
4422,34
4422,35
4422,36
4422,37
4422,38
4422,39
4422,40
4423,2
4423,3
4423,4
4423,6
4423,7
4423,8
4423,11
4423,12
4423,13
4423,15
4423,18
4423,20
4423,21
4423,22
4423,25
4423,26
4423,28
4423,29
4423,30
4423,31
4424,5
4424,9
4424,14
4424,16
4424,17
4424,27
4424,28
4424,32
4424,33
4424,34
4424,35
4424,36
4424,37
4424,38
4424,40
4425,1
4425,2
4425,3
4425,4
4425,6
4425,7
4425,8
4425,10
4425,11
4425,12
4425,13
4425,15
4425,18
4425,19
4425,20
4425,21
4425,22
4425,23
4425,24
4425,25
4425,26
4425,29
4425,30
4425,31
4425,39
4426,1
4426,3
4426,5
4426,10
4426,11
4426,12
4426,14
4426,16
4426,19
4426,20
4426,23
4426,24
4426,28
4426,32
4426,33
4426,34
4426,35
4426,36
4426,37
4426,38
4426,39
4426,40
4427,2
4427,4
4427,6
4427,7
4427,8
4427,13
4427,15
4427,17
4427,18
4427,21
4427,22
4427,25
4427,26
4427,27
4427,29
4427,30
4427,31
4428,1
4428,9
4428,16
4428,20
4428,32
4428,33
4428,34
4428,35
4428,36
4428,37
4428,38
4428,39
4428,40
4429,3
4429,10
4429,12
4429,13
4429,14
4429,17
4429,19
4429,22
4429,23
4429,24
4429,28
4429,31
4430,6
4430,11
4430,25
4431,3
4431,15
4431,16
4431,28
4431,30
4431,32
4431,33
4431,34
4431,35
4431,36
4431,37
4431,38
4431,39
4431,40
4432,1
4432,2
4432,4
4432,5
4432,7
4432,12
4432,18
4432,19
4432,22
4432,24
4432,26
4433,17
4433,20
4434,16
4434,33
4434,35
4434,36
4434,37
4434,38
4434,39
4434,40
4435,1
4435,19
4435,23
4435,31
4435,32
4435,34
4436,28
4438,36
4438,37
4439,35
4439,39
4439,40
4445,36
4447,34
4447,37
4450,36
4454,34
4455,36
4456,35
4456,37
4462,36
4463,35
4467,34
4467,37
4469,36
4473,35
4474,36
4474,37
4478,34
4480,36
4481,37
4484,35
4489,40
4490,35
4492,36
4492,37
4494,33
4495,35
4497,34
4498,39
4499,35
4501,38
4502,34
4503,36
4508,34
4508,37
4509,35
4510,33
4516,37
4516,38
4519,35
4519,36
4520,33
4521,34
4521,37
4525,37
4527,36
4528,34
4529,35
4532,37
4532,39
4534,33
4535,34
4539,37
4541,34
4542,39
4545,36
4546,34
4548,37
4551,35
4553,36
4554,34
4554,38
4554,40
4556,35
4558,16
4560,39
4561,38
4562,37
4563,17
4563,34
4563,35
4564,33
4567,36
4570,34
4571,38
4572,35
4573,36
4574,39
4580,37
4581,34
4581,35
4581,36
4584,16
4587,34
4587,35
4587,37
4587,38
4588,36
4588,40
4590,33
4591,22
4591,23
4592,27
4594,15
4594,20
4595,3
4595,8
4595,14
4595,19
4595,32
4595,33
4595,34
4595,38
4596,11
4596,13
4596,18
4596,21
4596,28
4596,31
4596,35
4596,39
4596,40
4597,5
4597,6
4597,7
4597,9
4597,10
4597,12
4597,16
4597,24
4597,26
4597,29
4597,30
4597,36
4597,37
4598,1
4598,2
4598,4
4598,15
4598,17
4598,22
4598,23
4598,25
4598,32
4598,38
4598,40
4599,3
4599,6
4599,8
4599,10
4599,11
4599,12
4599,13
4599,14
4599,16
4599,18
4599,19
4599,20
4599,21
4599,24
4599,26
4599,27
4599,28
4599,29
4599,30
4599,31
4599,33
4599,34
4599,35
4599,36
4599,37
4599,39
4600,1
4600,2
4600,4
4600,5
4600,7
4600,16
4600,17
4600,22
4600,23
4600,25
4600,32
4600,36
4600,38
4600,40
4601,3
4601,6
4601,8
4601,9
4601,10
4601,11
4601,12
4601,13
4601,14
4601,15
4601,18
4601,19
4601,20
4601,21
4601,24
4601,26
4601,27
4601,28
4601,29
4601,30
4601,31
4601,33
4601,34
4601,35
4601,37
4601,39
4602,1
4602,2
4602,4
4602,5
4602,16
4602,17
4602,22
4602,23
4602,32
4602,36
4602,37
4602,38
4602,40
4603,3
4603,6
4603,7
4603,8
4603,9
4603,10
4603,11
4603,12
4603,13
4603,14
4603,15
4603,18
4603,19
4603,20
4603,21
4603,24
4603,25
4603,26
4603,28
4603,29
4603,31
4603,33
4603,34
4603,35
4603,39
4604,1
4604,16
4604,22
4604,27
4604,30
4604,32
4604,34
4604,35
4604,36
4604,37
4604,38
4604,40
4605,2
4605,3
4605,4
4605,5
4605,6
4605,7
4605,8
4605,10
4605,11
4605,12
4605,13
4605,14
4605,15
4605,17
4605,19
4605,20
4605,21
4605,23
4605,24
4605,25
4605,26
4605,28
4605,33
4605,39
4606,9
4606,12
4606,16
4606,18
4606,20
4606,24
4606,29
4606,31
4606,32
4606,34
4606,35
4606,36
4606,37
4606,38
4606,39
4606,40
4607,1
4607,2
4607,3
4607,4
4607,5
4607,6
4607,7
4607,10
4607,11
4607,13
4607,14
4607,15
4607,17
4607,19
4607,21
4607,22
4607,23
4607,25
4607,26
4607,27
4607,28
4607,30
4607,33
4608,3
4608,8
4608,16
4608,17
4608,20
4608,28
4608,32
4608,34
4608,35
4608,36
4608,37
4608,38
4608,39
4608,40
4609,1
4609,2
4609,4
4609,5
4609,6
4609,7
4609,10
4609,11
4609,12
4609,13
4609,14
4609,15
4609,18
4609,19
4609,21
4609,22
4609,23
4609,24
4609,25
4609,29
4609,30
4609,31
4609,33
4610,1
4610,9
4610,16
4610,20
4610,26
4610,27
4610,32
4610,33
4610,34
4610,35
4610,36
4610,37
4610,38
4610,39
4610,40
4611,2
4611,3
4611,6
4611,7
4611,10
4611,11
4611,12
4611,13
4611,14
4611,17
4611,18
4611,19
4611,22
4611,23
4611,24
4611,25
4611,28
4611,30
4611,31
4612,4
4612,5
4612,15
4612,16
4612,29
4612,33
4612,34
4612,35
4612,36
4612,37
4612,40
4613,1
4613,3
4613,8
4613,10
4613,12
4613,14
4613,17
4613,19
4613,20
4613,22
4613,23
4613,24
4613,25
4613,28
4613,31
4613,32
4613,38
4613,39
4614,7
4614,13
4614,18
4614,26
4614,30
4615,1
4615,3
4615,12
4615,16
4615,17
4615,20
4615,24
4615,27
4615,28
4615,32
4615,33
4615,34
4615,35
4615,36
4615,37
4615,38
4615,39
4615,40
4616,9
4616,10
4616,19
4616,23
4617,33
4618,34
4618,36
4618,37
4618,38
4619,22
4619,35
4619,39
4619,40
4624,33
4625,34
4625,37
4626,36
4627,35
4632,37
4633,34
4635,36
4636,33
4637,35
4637,37
4639,34
4642,37
4643,35
4644,36
4646,34
4649,35
4653,35
4654,36
4654,37
4654,39
4655,33
4656,34
4660,35
4661,34
4663,33
4665,38
4666,34
4666,36
4669,33
4670,35
4672,34
4672,38
4677,35
4679,33
4680,36
4680,37
4685,37
4686,34
4686,35
4687,38
4691,36
4693,40
4694,34
4694,37
4694,39
4696,35
4701,33
4702,37
4703,34
4703,40
4707,38
4709,34
4711,36
4711,37
4714,35
4716,36
4716,37
4716,38
4718,40
4721,34
4723,36
4723,37
4725,38
4727,34
4729,36
4731,37
4732,34
4732,39
4735,37
4737,34
4739,16
4739,37
4741,34
4743,36
4743,39
4744,35
4745,28
4745,32
4745,34
4745,37
4748,38
4749,36
4750,34
4751,39
4752,33
4752,37
4755,36
4757,34
4759,33
4759,36
4761,38
4762,34
4763,36
4766,36
4769,34
4770,36
4771,14
4772,33
4772,38
4773,16
4773,36
4776,36
4777,28
4778,34
4779,40
4780,33
4780,36
4780,37
4780,38
4784,36
4789,34
4789,35
4790,22
4790,36
4790,37
4791,38
4792,19
4792,39
4792,40
4795,2
4795,12
4795,13
4797,1
4797,28
4797,36
4797,37
4797,38
4798,5
4798,10
4798,16
4798,17
4798,18
4798,23
4798,32
4798,34
4798,35
4798,39
4799,6
4799,7
4799,9
4799,11
4799,24
4799,25
4799,26
4799,27
4799,29
4799,30
4799,33
4799,40
4800,3
4800,4
4800,12
4800,14
4800,15
4800,16
4800,20
4800,21
4800,31
4800,36
4800,37
4800,38
4800,39
4801,1
4801,2
4801,5
4801,8
4801,10
4801,13
4801,17
4801,18
4801,19
4801,22
4801,23
4801,28
4801,32
4801,33
4801,34
4801,35
4801,40
4802,6
4802,7
4802,11
4802,12
4802,14
4802,16
4802,24
4802,25
4802,26
4802,29
4802,30
4802,36
4802,37
4803,1
4803,3
4803,4
4803,9
4803,13
4803,15
4803,17
4803,20
4803,21
4803,22
4803,23
4803,27
4803,28
4803,31
4803,32
4803,33
4803,34
4803,35
4803,38
4803,39
4803,40
4804,2
4804,5
4804,6
4804,8
4804,10
4804,12
4804,14
4804,16
4804,18
4804,19
4804,24
4804,36
4804,37
4805,1
4805,3
4805,7
4805,11
4805,15
4805,17
4805,20
4805,22
4805,25
4805,26
4805,28
4805,29
4805,30
4805,31
4805,32
4805,33
4805,34
4805,35
4805,38
4805,39
4805,40
4806,4
4806,9
4806,10
4806,12
4806,13
4806,16
4806,19
4806,21
4806,23
4806,27
4806,36
4806,37
4807,2
4807,3
4807,5
4807,6
4807,8
4807,14
4807,17
4807,18
4807,20
4807,24
4807,28
4807,32
4807,33
4807,34
4807,35
4807,38
4807,39
4807,40
4808,1
4808,7
4808,11
4808,15
4808,16
4808,22
4808,25
4808,26
4808,30
4808,31
4808,36
4808,37
4809,12
4809,19
4809,23
4809,29
4809,32
4809,38
4809,39
4809,40
4810,3
4810,4
4810,10
4810,16
4810,17
4810,20
4810,21
4810,24
4810,33
4810,34
4810,35
4810,36
4811,1
4811,13
4811,14
4811,28
4811,37
4812,38
4813,16
4813,22
4813,32
4813,33
4813,34
4813,35
4813,36
4813,39
4813,40
4814,31
4814,37
4817,36
4819,35
4820,37
4822,36
4823,38
4827,35
4828,36
4829,37
4830,34
4835,36
4838,37
4839,35
4839,40
4840,36
4842,38
4845,36
4850,33
4850,35
4850,37
4851,36
4855,38
4856,36
4859,40
4860,33
4861,36
4862,34
4863,35
4863,37
4863,38
4867,36
4870,38
4872,36
4872,37
4876,40
4878,33
4878,34
4878,36
4880,38
4881,37
4884,39
4885,37
4887,36
4888,34
4893,16
4893,37
4894,34
4895,36
4895,40
4896,33
4897,35
4898,38
4904,39
4905,33
4905,40
4909,34
4911,37
4913,35
4914,39
4915,36
4916,33
4918,37
4924,37
4925,33
4925,34
4926,19
4926,36
4927,40
4929,39
4932,36
4933,35
4934,40
4936,37
4938,38
4939,33
4941,36
4942,35
4949,35
4949,36
4950,38
4951,1
4951,3
4951,37
4951,40
4952,33
4952,39
4953,16
4953,34
4954,20
4955,15
4956,37
4957,35
4958,8
4958,27
4958,38
4958,39
4959,10
4959,12
4959,16
4959,23
4960,6
4960,13
4960,18
4960,22
4960,36
4961,5
4961,9
4961,11
4961,14
4961,17
4961,21
4961,28
4961,29
4961,32
4961,33
4961,34
4961,37
4961,38
4961,40
4962,1
4962,2
4962,4
4962,7
4962,16
4962,19
4962,20
4962,24
4962,25
4962,26
4962,30
4962,35
4962,39
4963,3
4963,10
4963,12
4963,15
4963,18
4963,22
4963,23
4963,31
4963,32
4963,36
4963,37
4963,38
4964,1
4964,2
4964,5
4964,6
4964,8
4964,11
4964,13
4964,14
4964,16
4964,17
4964,19
4964,20
4964,21
4964,24
4964,26
4964,27
4964,28
4964,29
4964,33
4964,34
4964,35
4964,39
4964,40
4965,3
4965,4
4965,7
4965,9
4965,10
4965,12
4965,16
4965,22
4965,23
4965,25
4965,30
4965,32
4965,36
4965,37
4965,38
4966,1
4966,2
4966,5
4966,6
4966,11
4966,13
4966,14
4966,15
4966,17
4966,18
4966,19
4966,20
4966,21
4966,24
4966,26
4966,27
4966,28
4966,29
4966,31
4966,33
4966,34
4966,35
4966,39
4966,40
4967,3
4967,4
4967,7
4967,8
4967,10
4967,12
4967,16
4967,22
4967,23
4967,30
4967,32
4967,36
4967,37
4967,38
4968,1
4968,2
4968,5
4968,6
4968,9
4968,11
4968,13
4968,14
4968,15
4968,17
4968,18
4968,19
4968,20
4968,21
4968,24
4968,25
4968,26
4968,28
4968,31
4968,33
4968,34
4968,35
4968,39
4968,40
4969,3
4969,12
4969,16
4969,22
4969,23
4969,27
4969,29
4969,32
4969,36
4969,37
4969,38
4969,40
4970,1
4970,4
4970,6
4970,7
4970,8
4970,10
4970,14
4970,15
4970,17
4970,19
4970,20
4970,24
4970,25
4970,26
4970,28
4970,30
4970,31
4970,33
4970,34
4970,35
4970,39
4971,2
4971,5
4971,9
4971,11
4971,13
4971,16
4971,18
4971,21
4971,36
4971,37
4971,38
4971,40
4972,3
4972,6
4972,10
4972,12
4972,17
4972,20
4972,22
4972,23
4972,24
4972,28
4972,32
4972,33
4972,34
4972,35
4972,39
4973,1
4973,4
4973,14
4973,15
4973,19
4973,25
4973,26
4973,29
4973,31
4973,36
4973,40
4974,16
4974,30
4974,32
4974,33
4974,34
4974,35
4974,37
4974,38
4974,39
4975,3
4975,17
4975,27
4975,28
4976,20
4976,24
4976,36
4976,40
4977,12
4978,37
4979,35
4979,38
4979,40
4981,36
4981,39
4983,37
4985,35
4987,36
4987,37
4988,40
4992,35
4994,37
4995,36
4996,40
4997,35
4999,37
