9,6
12,1
12,8
12,10
13,3
13,4
13,7
15,5
15,9
16,1
16,2
16,10
18,6
19,3
21,10
24,9
25,10
28,1
30,10
31,9
36,10
38,9
44,10
50,10
51,9
57,9
57,10
63,10
64,9
69,10
75,9
75,10
83,9
86,8
88,7
88,10
91,2
91,9
92,4
94,1
95,5
96,3
96,10
98,9
100,1
101,10
106,6
106,10
112,10
118,10
122,10
128,10
130,9
137,9
137,10
142,9
146,10
148,9
153,10
154,9
159,10
164,10
165,1
169,8
169,9
170,10
171,6
173,7
174,3
176,4
176,9
176,10
180,1
184,5
185,2
185,9
187,3
187,10
191,9
195,10
201,9
206,10
207,9
212,9
214,10
219,9
222,10
228,9
228,10
230,7
237,9
237,10
238,1
247,9
247,10
250,6
252,8
254,9
255,10
256,5
263,4
263,10
264,2
264,9
265,3
268,1
270,9
270,10
278,10
288,10
294,9
296,10
302,10
305,9
307,10
313,10
316,7
316,9
317,1
319,10
324,9
325,8
327,10
328,3
331,6
331,9
333,10
338,9
340,10
349,9
351,10
354,5
358,10
359,2
362,7
364,9
365,4
365,10
372,10
373,1
377,9
378,3
380,10
385,9
387,10
393,9
394,10
402,6
403,9
403,10
410,8
411,10
412,9
421,7
424,2
424,10
425,1
427,4
427,9
428,3
430,5
432,10
434,9
441,9
446,10
451,9
456,10
460,9
470,9
470,10
472,1
477,8
477,10
479,3
480,6
481,9
482,1
482,10
488,5
491,9
491,10
495,4
496,2
496,10
497,9
502,9
504,10
505,7
508,10
511,9
514,10
518,9
519,10
526,9
526,10
533,9
533,10
540,9
541,10
546,9
547,1
550,3
552,10
553,9
562,10
564,9
567,10
574,7
574,9
575,10
576,6
579,8
581,10
584,1
584,2
587,4
587,9
587,10
590,5
594,3
596,10
602,9
603,10
611,9
611,10
623,10
629,9
631,10
640,10
642,1
645,9
648,10
656,2
657,6
657,10
658,1
660,3
660,4
660,7
661,9
662,8
662,10
663,5
666,1
667,3
667,10
671,9
676,10
683,10
690,10
692,9
697,10
702,10
704,9
710,10
719,10
724,10
725,9
730,10
732,1
737,5
737,10
739,8
740,7
741,3
741,10
742,4
744,2
744,9
745,6
748,10
749,1
754,10
757,9
759,10
763,9
764,10
770,10
771,9
779,9
779,10
789,10
791,9
794,1
794,3
797,10
804,9
804,10
813,10
815,7
817,5
819,6
819,10
820,2
822,1
822,9
823,4
825,10
826,8
829,9
830,10
836,10
841,10
848,9
848,10
854,10
858,10
862,10
865,1
867,10
868,3
870,9
871,10
875,10
879,9
879,10
885,10
891,10
892,9
901,6
901,10
904,1
905,5
905,7
905,9
908,2
908,8
909,3
909,4
909,10
911,1
912,9
918,10
924,9
925,10
933,10
935,9
940,10
946,9
946,10
951,10
955,9
957,10
963,10
965,9
969,10
974,7
975,9
976,10
983,10
985,1
988,10
990,3
991,9
992,2
992,6
994,5
994,10
997,4
997,8
999,10
1001,9
1008,10
1016,10
1017,9
1024,10
1030,9
1031,1
1035,3
1035,10
1036,9
1042,10
1048,9
1050,10
1057,9
1057,10
1066,6
1066,9
1066,10
1067,1
1073,5
1073,7
1075,10
1076,2
1077,3
1078,4
1078,8
1080,1
1080,9
1080,10
1088,9
1098,10
1103,10
1108,9
1110,10
1115,10
1117,9
1122,10
1127,9
1128,10
1132,10
1137,10
1142,3
1142,10
1143,9
1145,8
1146,10
1149,1
1149,7
1149,10
1153,10
1155,6
1155,9
1157,10
1164,10
1165,5
1165,9
1171,2
1171,10
1176,4
1177,10
1178,9
1187,9
1187,10
1193,10
1197,3
1199,1
1199,10
1202,9
1206,10
1210,9
1211,10
1216,10
1217,7
1218,9
1220,10
1226,10
1232,10
1237,6
1238,10
1244,10
1246,1
1246,5
1249,10
1250,2
1250,8
1250,9
1253,4
1253,10
1254,3
1255,1
1258,9
1258,10
1263,10
1267,9
1270,10
1276,10
1277,9
1281,10
1284,9
1285,10
1290,10
1293,9
1296,10
1301,10
1306,1
1307,9
1308,10
1312,7
1313,10
1314,9
1320,9
1320,10
1327,9
1331,10
1332,8
1334,9
1335,10
1340,10
1342,6
1343,9
1345,10
1351,10
1352,1
1352,3
1353,9
1354,4
1354,5
1356,10
1360,7
1362,10
1363,2
1367,10
1369,9
1372,10
1378,10
1387,10
1389,1
1389,9
1393,3
1395,10
1396,9
1405,6
1406,10
1413,9
1414,8
1416,10
1421,9
1423,10
1426,7
1430,9
1431,1
1431,10
1434,5
1436,10
1437,4
1440,9
1441,2
1443,3
1444,10
1446,9
1452,9
1455,1
1459,9
1461,10
1468,9
1469,10
1474,9
1475,10
1481,9
1481,10
1488,10
1489,9
1494,6
1494,9
1498,10
1499,9
1500,7
1505,9
1507,10
1511,8
1512,9
1513,10
1518,9
1519,10
1521,1
1525,3
1526,9
1526,10
1533,4
1533,5
1533,9
1535,10
1536,2
1538,1
1539,9
1546,10
1548,9
1553,9
1555,10
1561,9
1563,10
1571,9
1572,10
1574,3
1576,10
1581,9
1582,10
1584,8
1588,1
1588,10
1589,6
1591,9
1593,10
1598,9
1598,10
1602,7
1605,9
1606,2
1607,4
1607,10
1611,9
1611,10
1612,1
1617,10
1621,10
1623,9
1627,10
1632,9
1632,10
1637,10
1642,5
1642,9
1642,10
1648,10
1652,10
1655,3
1656,9
1657,1
1657,10
1664,10
1667,9
1671,10
1676,9
1677,10
1683,9
1684,6
1684,10
1686,7
1689,10
1691,9
1693,2
1694,8
1697,9
1697,10
1699,1
1702,4
1702,9
1702,10
1708,9
1708,10
1713,10
1719,9
1719,10
1726,10
1728,9
1734,3
1735,10
1738,5
1739,10
1741,9
1744,10
1746,3
1748,10
1752,9
1752,10
1753,1
1757,10
1764,10
1769,10
1773,10
1777,10
1780,1
1781,9
1782,10
1784,7
1787,8
1788,6
1788,10
1790,2
1791,4
1792,9
1792,10
1799,10
1807,10
1808,9
1816,10
1817,3
1818,1
1819,9
1823,5
1824,10
1828,9
1833,10
1837,9
1847,9
1848,10
1855,6
1855,9
1855,10
1863,8
1863,9
1863,10
1864,7
1865,1
1868,10
1870,2
1870,9
1872,4
1874,3
1875,10
1876,9
1881,10
1886,10
1888,9
1895,10
1904,9
1905,1
1905,10
1914,10
1917,5
1920,10
1923,9
1924,10
1925,6
1928,10
1933,9
1936,3
1936,10
1938,1
1940,9
1941,10
1944,4
1947,9
1948,10
1950,7
1953,2
1953,10
1954,9
1956,8
1957,1
1958,10
1959,9
1964,10
1968,10
1969,9
1973,10
1980,10
1981,9
1985,10
1988,10
1992,10
1996,10
1997,3
2001,10
2002,9
2003,1
2008,10
2009,5
2011,3
2012,9
2014,6
2014,10
2021,10
2028,9
2031,1
2031,7
2033,10
2035,8
2036,4
2038,9
2039,10
2042,2
2043,10
2048,10
2055,9
2059,10
2068,6
2068,9
2071,10
2075,9
2076,3
2076,10
2080,10
2081,9
2085,10
2087,1
2091,10
2092,9
2098,10
2103,9
2106,7
2110,10
2111,5
2113,9
2114,10
2115,2
2115,8
2118,10
2119,1
2119,9
2120,4
2124,9
2125,3
2125,10
2129,9
2132,10
2134,9
2140,9
2140,10
2147,10
2148,9
2154,1
2154,10
2159,9
2167,6
2167,9
2168,10
2175,10
2181,3
2182,10
2183,7
2186,9
2187,1
2189,10
2190,8
2192,4
2194,9
2196,10
2197,5
2201,10
2205,1
2207,9
2209,10
2217,10
2221,2
2224,10
2231,10
2235,9
2237,10
2246,3
2247,9
2248,10
2250,6
2254,10
2259,10
2263,1
2265,10
2267,9
2271,10
2272,5
2273,8
2276,7
2276,9
2276,10
2278,4
2281,10
2282,9
2286,10
2287,3
2290,10
2292,9
2294,1
2295,10
2300,10
2302,9
2306,10
2310,10
2314,2
2316,10
2319,9
2323,10
2333,10
2334,9
2335,1
2338,10
2342,3
2343,10
2344,9
2350,10
2352,5
2356,10
2359,8
2359,9
2360,6
2363,7
2364,1
2364,4
2364,10
2367,2
2369,9
2373,10
2378,9
2385,10
2387,9
2395,10
2400,9
2405,3
2407,9
2408,1
2410,10
2415,9
2420,9
2425,10
2427,9
2429,7
2434,9
2436,8
2438,10
2441,5
2442,6
2444,1
2444,9
2445,10
2447,4
2449,2
2451,10
2454,3
2454,9
2459,9
2462,10
2466,9
2472,9
2475,10
2478,9
2481,10
2485,9
2485,10
2492,10
2493,9
2495,3
2496,1
2498,10
2501,9
2504,7
2505,10
2509,9
2513,10
2515,9
2519,10
2521,9
2524,10
2530,10
2531,6
2534,2
2534,10
2535,1
2536,4
2537,10
2538,9
2542,5
2543,8
2543,10
2545,9
2546,1
2548,10
2552,10
2557,10
2561,3
2563,10
2568,9
2568,10
2575,10
2582,10
2587,10
2591,9
2591,10
2596,10
2601,10
2606,1
2607,7
2607,10
2610,8
2611,4
2612,2
2612,9
2613,10
2614,6
2616,5
2617,9
2618,1
2620,3
2620,10
2627,10
2628,9
2636,9
2639,10
2648,9
2648,10
2655,9
2655,10
2662,9
2668,9
2668,10
2676,10
2682,10
2683,1
2683,9
2685,2
2686,3
2688,10
2689,7
2689,9
2690,4
2691,6
2693,10
2695,5
2695,8
2697,10
2699,1
2701,10
2702,3
2705,10
2708,9
2711,10
2718,10
2719,9
2727,10
2732,9
2735,10
2740,9
2741,10
2749,9
2749,10
2750,6
2756,9
2760,1
2760,10
2763,3
2764,8
2765,10
2766,9
2768,2
2769,1
2772,7
2772,9
2772,10
2775,5
2777,10
2784,9
2784,10
2790,10
2793,4
2793,9
2796,10
2800,10
2801,9
2805,10
2808,10
2810,9
2811,1
2812,10
2817,10
2824,10
2826,9
2832,10
2836,10
2839,6
2842,10
2846,8
2849,1
2849,10
2850,2
2850,5
2850,9
2852,3
2853,7
2855,4
2855,10
2858,9
2860,10
2866,10
2870,9
2872,10
2882,10
2886,1
2886,9
2889,10
2892,3
2896,9
2896,10
2905,10
2908,9
2916,10
2922,6
2924,10
2925,7
2929,10
2931,1
2934,2
2934,10
2936,9
2938,5
2941,10
2944,9
2947,10
2948,8
2953,10
2960,10
2961,9
2966,4
2966,9
2969,10
2973,9
2974,3
2975,10
2979,9
2982,10
2985,1
2988,9
2988,10
2993,7
2997,10
2998,1
2998,9
2999,6
3004,10
3015,10
3017,9
3019,1
3020,10
3027,9
3027,10
3028,8
3030,5
3031,10
3035,10
3038,2
3041,9
3041,10
3042,3
3049,1
3050,10
3052,4
3053,9
3059,10
3062,9
3070,10
3071,9
3077,10
3078,6
3081,10
3088,9
3088,10
3091,7
3094,10
3095,3
3095,9
3097,1
3100,8
3101,9
3102,10
3103,5
3108,2
3109,4
3110,10
3111,1
3111,9
3120,9
3121,10
3127,9
3135,9
3141,10
3142,9
3149,9
3153,10
3159,10
3160,9
3161,6
3166,7
3166,10
3167,9
3171,10
3173,1
3176,10
3177,3
3180,8
3181,10
3182,9
3184,4
3187,1
3188,10
3189,9
3191,2
3195,10
3196,5
3196,9
3199,10
3205,10
3210,10
3216,10
3221,9
3223,10
3228,10
3231,3
3232,10
3235,9
3239,10
3243,9
3245,1
3245,10
3251,10
3253,9
3258,10
3261,7
3262,10
3265,6
3265,9
3268,10
3275,10
3279,4
3281,2
3283,9
3283,10
3285,5
3287,1
3289,10
3290,8
3291,3
3291,9
3293,10
3299,10
3303,9
3305,10
3311,10
3313,9
3323,10
3325,7
3325,9
3331,1
3334,9
3335,10
3337,3
3341,1
3341,9
3344,10
3345,6
3346,9
3352,9
3353,10
3358,10
3362,10
3363,9
3368,10
3370,2
3372,9
3373,10
3378,4
3380,10
3381,9
3382,1
3382,5
3385,8
3388,10
3393,9
3394,6
3394,10
3397,7
3400,10
3401,9
3409,10
3412,3
3414,10
3416,1
3417,9
3419,10
3424,10
3429,10
3436,10
3442,9
3442,10
3448,10
3454,9
3455,10
3461,10
3464,9
3468,10
3475,8
3476,10
3478,1
3478,5
3479,4
3479,7
3480,10
3481,2
3481,3
3481,6
3481,9
3483,1
3485,10
3486,9
3490,10
3494,10
3498,9
3500,10
3506,10
3512,10
3518,9
3521,1
3523,10
3527,3
3531,10
3534,9
3540,9
3543,10
3552,9
3558,5
3559,10
3560,2
3561,9
3562,7
3566,9
3568,1
3568,10
3571,4
3573,8
3575,10
3577,6
3577,9
3583,10
3589,9
3592,10
3596,3
3599,10
3604,9
3611,10
3612,9
3621,10
3627,10
3629,1
3630,9
3632,10
3638,10
3644,3
3644,9
3646,10
3650,8
3652,2
3652,5
3652,7
3652,9
3653,10
3654,6
3655,1
3655,4
3658,10
3661,9
3665,1
3669,10
3676,9
3676,10
3681,10
3685,9
3690,10
3692,9
3698,9
3700,10
3703,9
3707,10
3708,9
3714,9
3715,10
3723,1
3723,10
3727,3
3728,9
3729,8
3731,5
3731,10
3734,6
3736,7
3736,9
3737,1
3738,10
3739,4
3740,2
3742,9
3743,10
3748,10
3749,9
3755,10
3763,9
3763,10
3769,10
3778,10
3779,9
3786,9
3786,10
3788,3
3788,8
3791,10
3792,9
3795,1
3796,10
3799,6
3801,10
3804,7
3805,5
3806,10
3812,4
3813,2
3815,9
3815,10
3827,10
3830,1
3834,9
3839,10
3847,10
3848,9
3854,3
3854,9
3857,10
3861,9
3862,10
3867,10
3868,9
3874,9
3876,10
3884,9
3886,1
3886,10
3887,8
3891,9
3892,6
3894,2
3895,10
3898,9
3899,10
3900,7
3903,4
3904,10
3905,9
3908,1
3910,5
3911,10
3914,3
3915,9
3917,10
3925,10
3934,10
3940,10
3948,10
3950,8
3953,1
3953,9
3955,10
3958,6
3965,7
3965,10
3966,4
3968,1
3968,9
3970,10
3976,10
3982,9
3982,10
3985,3
3989,10
3994,10
4000,2
4000,10
4003,1
4004,9
4006,5
4007,8
4010,10
4011,9
4012,6
4018,10
4024,9
4025,10
4032,10
4036,9
4037,3
4039,1
4041,10
4046,4
4047,9
4051,10
4053,7
4053,9
4056,2
4059,9
4062,10
4065,9
4070,10
4077,10
4078,9
4085,5
4085,9
4087,10
4091,6
4092,10
4096,1
4097,8
4097,9
4097,10
4102,9
4102,10
4109,10
4110,9
4115,3
4115,10
4119,9
4120,10
4126,10
4129,1
4133,9
4133,10
4137,7
4141,9
4141,10
4145,2
4148,10
4151,6
4153,9
4154,10
4155,4
4160,10
4162,9
4170,10
4172,5
4172,9
4173,1
4176,10
4180,3
4182,9
4183,8
4183,10
4189,9
4191,10
4197,7
4197,10
4199,1
4200,9
4203,10
4212,10
4213,9
4225,10
4230,4
4230,9
4233,10
4237,6
4238,2
4239,10
4241,9
4244,10
4247,1
4248,3
4249,10
4252,9
4254,5
4254,10
4260,10
4264,10
4265,9
4271,10
4275,9
4277,10
4283,7
4284,10
4286,1
4290,2
4290,10
4293,8
4294,4
4296,9
4296,10
4301,10
4306,9
4306,10
4311,10
4317,10
4321,9
4322,10
4329,1
4329,9
4329,10
4334,3
4334,10
4339,10
4342,6
4342,9
4344,10
4352,7
4352,10
4355,9
4357,5
4360,9
4362,2
4363,10
4367,9
4372,10
4373,1
4381,9
4381,10
4386,8
4386,9
4389,10
4392,6
4392,9
4393,10
4398,10
4404,9
4407,10
4410,3
4414,9
4415,1
4415,10
4416,4
4420,10
4426,10
4428,9
4433,10
4434,9
4440,9
4442,10
4443,7
4446,10
4449,2
4451,1
4451,10
4452,9
4455,3
4457,10
4461,9
4463,5
4464,10
4470,8
4471,10
4475,9
4477,6
4480,10
4486,9
4490,10
4497,9
4499,1
4505,10
4507,3
4510,4
4511,7
4511,9
4513,10
4514,1
4520,2
4520,5
4523,9
4523,10
4526,6
4531,10
4537,1
4539,8
4539,10
4544,9
4549,10
4553,7
4554,10
4559,1
4560,10
4561,9
4566,3
4566,10
4572,9
4574,10
4582,10
4585,9
4587,10
4591,10
4596,10
4602,10
4604,6
4605,4
4606,2
4607,9
4608,1
4609,5
4610,10
4611,8
4613,7
4617,3
4617,9
4617,10
4620,1
4630,9
4633,10
4647,10
4648,9
4659,9
4660,10
4669,10
4674,1
4676,2
4676,9
4676,10
4677,3
4681,6
4682,8
4682,9
4683,10
4684,1
4684,4
4686,5
4687,7
4689,10
4690,9
4695,9
4695,10
4702,10
4704,9
4709,10
4715,9
4716,10
4722,10
4727,9
4731,10
4738,9
4739,10
4744,10
4746,9
4749,10
4755,10
4758,1
4758,9
4761,10
4763,2
4764,9
4767,10
4769,7
4771,4
4772,9
4772,10
4775,3
4776,8
4777,1
4778,5
4779,6
4779,9
4779,10
4790,10
4799,10
4808,10
4810,1
4813,9
4819,7
4820,10
4823,9
4826,10
4831,10
4834,3
4836,9
4837,10
4847,9
4847,10
4850,4
4852,2
4854,1
4855,10
4856,5
4856,6
4860,10
4861,8
4862,9
4868,10
4873,10
4880,10
4885,10
4890,9
4893,10
4897,3
4898,10
4903,9
4908,10
4914,9
4914,10
4922,10
4925,1
4926,7
4927,10
4929,9
4930,6
4932,10
4935,8
4937,10
4940,9
4941,2
4942,5
4946,10
4947,3
4947,4
4949,1
4950,9
4950,10
4955,10
4962,10
4970,9
4971,10
4978,10
4986,9
4988,10
4995,10
4997,1
