8,7
8,38
9,36
10,19
10,26
10,28
10,37
11,8
11,14
11,15
12,9
12,18
12,27
12,35
12,40
13,3
13,5
13,10
13,13
13,16
13,17
13,21
13,24
13,32
14,1
14,6
14,12
14,23
14,25
14,31
14,33
14,34
14,38
15,2
15,11
15,20
15,29
15,37
16,27
16,30
16,36
16,39
17,4
17,35
18,10
18,13
18,17
18,18
18,38
19,25
19,33
20,22
20,26
20,37
21,38
22,34
23,14
24,36
24,37
24,40
25,13
25,33
27,27
27,30
27,35
27,38
29,33
29,37
31,38
33,33
33,36
34,27
34,34
34,37
35,35
38,33
40,32
40,37
40,38
40,40
41,35
42,33
42,34
46,33
47,36
47,37
48,39
49,38
50,13
51,35
52,33
53,34
54,38
56,36
56,37
58,33
59,38
60,3
61,35
62,33
63,36
63,37
64,34
64,40
65,38
66,7
66,33
68,17
69,25
69,27
69,38
69,40
70,36
71,33
71,35
72,2
72,37
73,38
74,39
75,20
75,29
75,33
76,37
77,13
77,34
77,38
77,40
78,33
78,36
79,12
80,37
81,15
81,16
81,33
81,36
84,35
84,39
85,36
85,37
86,8
86,33
86,38
86,40
88,5
88,30
89,21
90,17
90,19
90,36
91,25
91,33
91,34
91,40
92,1
92,31
93,24
93,26
93,30
93,37
93,38
94,10
94,33
94,35
95,9
95,28
96,27
96,36
97,23
97,37
97,38
97,40
98,6
98,34
99,18
100,33
101,36
102,37
103,38
105,39
105,40
106,33
106,35
106,36
107,13
107,32
109,37
109,38
111,36
112,33
113,37
114,11
115,36
116,13
116,37
116,38
116,40
120,33
120,36
120,37
121,34
121,38
123,25
123,40
125,36
125,37
126,12
128,33
128,37
128,38
130,27
130,39
131,17
131,36
132,37
133,8
134,38
135,36
136,33
136,35
136,37
136,40
137,32
138,3
139,2
139,13
139,36
140,33
141,15
141,35
141,37
141,38
142,20
143,22
143,29
144,33
144,36
145,34
146,25
146,27
146,37
146,38
147,7
148,17
148,31
148,33
148,36
149,14
151,24
151,38
152,10
152,30
152,35
153,23
153,26
153,33
153,34
153,36
155,19
155,37
156,39
156,40
157,16
157,38
158,33
158,36
159,4
159,27
161,1
162,36
163,5
163,37
164,38
164,40
165,12
165,39
166,33
166,36
167,6
167,28
168,32
169,35
170,18
170,36
170,37
170,38
172,13
173,36
173,40
174,21
174,38
175,34
175,35
176,33
176,36
176,37
177,25
180,36
180,40
181,9
181,17
181,38
183,37
184,33
184,34
184,36
185,38
187,35
187,36
188,40
189,26
190,37
190,38
191,36
193,33
194,39
195,35
195,36
195,38
200,33
201,36
201,38
202,40
203,20
203,35
204,29
205,37
206,36
207,33
207,34
208,15
208,25
208,38
211,2
211,17
212,13
212,27
213,12
213,30
213,36
213,38
214,40
215,8
215,10
215,33
215,39
216,18
216,32
216,34
216,38
217,16
217,35
217,36
217,37
218,3
218,11
218,27
219,25
219,31
220,36
220,38
221,22
221,23
221,37
222,33
224,27
224,36
224,38
225,37
226,30
226,35
228,38
229,7
229,36
231,19
231,33
231,37
232,24
232,39
233,21
234,34
234,38
236,35
236,36
238,1
238,5
238,14
238,33
238,37
238,40
239,27
240,38
241,17
241,28
241,37
242,9
242,26
242,35
242,39
243,36
244,15
244,33
245,13
245,37
246,38
248,35
248,36
248,40
249,37
253,34
253,36
254,33
255,38
257,36
257,37
257,40
260,39
261,33
261,35
261,36
261,37
262,38
265,36
265,37
266,33
267,38
269,36
270,37
272,25
272,30
272,33
272,38
274,36
274,40
275,35
275,38
276,6
276,29
276,34
276,37
276,39
278,18
278,33
279,10
280,38
282,2
282,17
282,33
282,37
283,36
284,13
284,38
285,25
285,35
286,40
287,33
287,37
287,39
288,12
288,22
288,23
288,27
288,38
289,32
291,33
291,37
291,38
292,3
292,8
292,13
292,36
292,39
293,17
293,27
294,20
295,35
295,38
297,37
298,11
298,34
298,36
299,24
299,33
299,39
300,40
301,16
301,30
301,37
301,38
302,36
303,4
303,33
305,14
305,26
305,37
305,38
306,39
308,36
309,34
310,7
310,33
310,37
310,40
311,39
312,19
312,35
312,38
313,37
314,25
314,28
315,33
315,36
317,34
317,37
318,39
319,38
319,40
320,33
321,37
322,36
325,39
326,36
326,40
327,21
327,33
327,35
327,37
327,38
331,33
331,36
332,38
333,13
333,37
333,40
334,2
336,34
336,36
336,39
337,18
337,38
338,27
338,33
339,35
339,37
340,12
341,5
341,36
341,38
343,32
343,33
344,1
345,25
345,36
345,38
345,40
346,15
346,17
346,26
347,35
347,37
347,39
348,29
348,33
349,27
350,6
350,10
350,38
351,34
351,37
352,30
352,36
353,3
353,19
353,31
354,33
355,36
355,38
356,32
356,37
356,40
357,24
358,33
359,23
359,27
360,36
360,38
361,33
362,9
362,13
362,35
362,37
363,30
364,33
364,36
364,38
365,34
365,39
366,16
366,20
368,33
368,36
369,37
369,38
369,40
372,33
373,25
373,39
374,34
374,35
374,36
375,37
375,38
377,33
378,8
380,39
381,36
381,37
381,38
382,35
383,17
384,26
384,33
387,36
387,38
389,33
390,35
390,37
390,39
390,40
391,34
393,21
393,38
394,36
397,7
397,33
398,12
398,35
398,36
398,37
402,4
402,38
402,39
403,27
403,36
404,31
404,33
404,37
405,2
405,5
405,34
405,40
406,38
407,13
407,17
407,22
408,36
409,32
409,37
410,24
410,28
410,38
411,18
411,40
412,1
412,3
412,33
412,34
412,35
413,11
413,25
414,13
414,27
414,36
414,37
415,14
415,26
415,38
416,10
417,9
417,23
417,29
418,34
418,36
418,40
419,35
419,37
419,38
421,6
421,12
421,17
421,33
421,39
423,40
424,27
424,38
425,36
425,37
427,2
427,34
427,38
428,25
429,36
429,37
429,40
430,19
430,20
430,33
431,38
432,35
433,36
434,27
435,37
435,38
436,40
438,33
439,15
439,36
440,30
440,34
440,37
440,38
443,35
443,36
443,40
444,33
445,37
446,38
447,7
447,36
447,39
449,37
450,8
450,33
451,36
451,40
454,36
454,37
454,38
455,34
456,33
456,35
457,39
459,36
459,37
459,40
460,26
460,33
462,25
463,33
463,35
463,36
464,38
466,36
466,39
467,33
467,37
468,40
470,35
470,36
470,38
471,37
472,33
474,17
474,18
474,36
475,16
476,33
477,35
477,37
477,39
478,36
478,38
479,34
480,33
481,3
481,27
481,37
482,13
482,21
482,30
482,36
483,32
483,38
484,33
484,35
484,40
485,27
485,31
485,36
486,37
488,1
488,10
488,13
488,33
488,36
488,38
489,20
489,37
490,28
491,36
492,19
492,24
492,37
492,38
493,35
494,33
495,30
495,36
495,40
496,14
497,5
497,15
497,34
497,37
498,9
498,26
498,27
498,33
498,38
499,35
500,36
501,37
501,39
501,40
503,13
503,17
503,29
503,33
505,6
506,16
506,23
506,37
506,38
507,36
508,33
508,35
509,2
509,34
510,40
511,36
513,33
513,37
514,38
515,36
517,25
517,33
518,12
519,35
519,40
520,33
520,36
521,38
522,17
522,39
523,37
524,36
525,33
526,8
526,38
528,37
529,3
529,32
529,36
529,40
531,33
531,38
531,39
532,37
533,11
534,35
534,36
537,37
538,33
539,25
539,34
539,38
540,36
540,40
542,33
544,35
544,37
546,33
546,39
548,38
548,40
549,25
551,33
551,37
552,39
553,36
553,38
555,21
556,13
557,7
557,33
557,34
557,35
557,40
558,37
558,39
559,10
560,30
560,36
560,38
561,4
562,20
562,22
564,5
565,18
565,38
565,39
566,37
566,40
567,15
567,25
567,33
567,34
567,35
568,19
568,26
568,28
569,27
570,12
570,29
570,37
571,17
571,23
572,30
572,31
573,1
573,2
573,9
573,33
573,35
573,36
573,38
574,13
574,32
574,37
574,39
575,24
575,40
576,16
577,8
577,26
577,37
578,18
578,27
578,34
578,38
580,6
580,35
581,37
582,33
583,14
583,17
584,36
584,38
584,40
585,37
588,36
590,37
592,38
593,35
593,36
593,37
594,33
594,34
594,40
597,12
597,37
599,36
601,11
601,35
601,37
602,3
602,34
602,38
602,40
604,33
604,36
604,39
607,37
608,36
611,37
611,38
613,34
613,40
614,32
614,33
614,36
614,37
615,13
616,7
616,39
617,37
618,33
618,35
619,38
620,34
621,25
621,37
623,33
623,36
626,37
627,10
627,33
627,34
628,30
628,38
629,35
630,27
630,33
630,36
631,37
631,40
633,33
635,20
635,37
636,33
636,38
637,2
637,31
637,34
639,15
639,36
639,39
640,33
640,40
641,37
642,25
643,19
644,24
644,33
644,36
645,37
645,38
646,17
646,22
646,34
648,26
648,27
648,33
649,13
649,29
649,35
649,37
649,40
650,36
651,3
651,5
651,33
651,38
653,17
653,37
654,27
654,36
655,28
655,33
656,30
656,31
656,38
656,39
656,40
657,37
658,12
658,23
658,33
659,36
660,1
660,8
660,9
660,38
661,33
661,37
662,21
663,18
664,33
665,10
665,36
665,38
666,16
667,35
668,33
668,34
668,37
669,38
669,39
671,23
672,33
672,40
675,25
675,38
676,37
677,6
677,33
678,36
678,39
679,17
680,38
681,34
682,13
683,14
683,37
684,33
684,40
685,38
686,36
687,32
689,20
689,27
689,33
690,37
690,39
691,2
691,13
692,35
692,36
692,38
694,15
696,26
696,33
696,34
696,38
697,40
698,11
698,35
699,19
699,37
700,7
700,27
701,25
701,38
702,4
702,33
702,36
702,39
705,3
706,38
707,29
707,36
708,37
709,40
710,12
710,36
711,33
714,36
714,38
716,24
716,35
716,39
717,17
717,33
718,37
719,34
720,38
721,13
721,36
722,22
724,40
725,38
726,39
727,28
727,33
728,37
731,38
732,25
732,34
732,36
733,35
734,33
736,1
737,36
737,39
738,37
738,40
739,31
739,33
739,38
742,37
743,36
744,33
745,5
745,18
746,8
746,30
746,38
747,6
747,35
747,36
748,13
748,16
748,37
749,27
750,2
750,34
750,40
751,9
752,10
752,12
752,20
752,33
752,37
752,38
752,39
753,17
753,23
753,26
753,36
755,32
755,38
756,3
756,37
759,7
759,27
759,35
759,38
760,33
760,36
761,25
762,21
762,37
762,40
763,14
764,33
764,38
765,34
766,36
766,37
768,29
769,33
769,38
772,36
772,37
772,40
773,35
773,39
774,33
774,34
774,38
777,40
779,36
779,37
780,33
781,38
783,35
783,39
784,13
784,37
785,34
786,33
786,40
787,38
789,36
791,33
791,37
792,15
793,36
794,11
795,19
795,30
795,34
795,37
795,38
795,40
796,33
797,36
799,10
799,25
801,24
801,33
801,37
801,40
802,35
802,38
803,36
804,17
804,34
805,27
806,31
806,33
806,37
807,38
807,39
809,36
809,40
810,12
810,26
810,32
811,2
811,33
812,13
812,37
813,35
813,38
813,39
814,27
815,18
815,22
815,28
815,36
816,33
816,34
817,1
817,16
817,37
817,40
818,38
819,36
820,17
821,3
821,20
821,33
822,38
822,40
823,5
823,8
823,13
823,36
824,37
825,9
825,25
825,38
825,39
827,33
827,34
827,36
827,40
828,38
829,37
830,36
833,33
833,38
834,35
834,36
834,40
838,33
838,36
838,37
839,38
840,7
841,4
841,21
842,36
843,6
843,33
843,39
844,37
844,38
845,35
845,40
846,14
846,23
847,33
848,17
848,34
848,37
848,38
849,36
850,19
851,35
851,39
852,33
852,38
853,37
856,38
857,36
859,29
859,30
859,33
859,37
859,39
860,38
861,35
863,38
864,36
864,40
865,12
865,26
865,33
866,32
867,38
868,27
868,35
868,37
868,39
869,13
869,34
870,23
870,33
871,20
871,38
872,25
872,31
872,36
872,37
873,17
875,2
875,18
875,33
875,38
876,36
876,37
877,35
879,8
880,24
880,40
881,36
881,38
882,33
882,37
885,15
885,36
885,38
885,39
887,11
889,34
889,37
889,38
890,10
890,35
891,3
891,33
893,28
893,36
894,25
895,27
895,38
895,40
896,37
898,33
898,39
899,34
900,36
900,38
901,26
902,37
904,36
905,33
905,40
906,38
907,30
907,32
909,9
909,35
909,36
910,1
910,17
910,27
910,37
911,34
911,38
913,36
914,12
914,13
914,16
914,32
914,33
914,37
915,40
916,6
916,18
916,36
917,5
917,39
918,13
918,27
918,38
919,2
919,33
919,34
919,37
920,31
920,35
920,36
921,7
921,40
923,36
924,37
924,38
924,39
925,25
925,33
926,22
926,40
927,36
928,38
930,34
930,37
932,36
932,40
933,29
933,33
934,17
934,35
934,38
935,39
936,36
937,33
937,37
939,3
939,36
940,38
941,40
942,19
942,21
943,24
943,33
943,36
946,4
946,30
946,37
946,40
947,27
947,33
947,34
947,35
947,36
948,38
949,20
950,10
951,39
952,14
952,25
952,33
952,36
953,37
953,38
953,40
956,33
957,35
957,36
957,37
959,38
961,33
961,36
961,37
963,38
964,34
964,40
966,36
966,37
967,12
968,8
968,33
968,35
968,39
969,38
971,18
972,33
973,15
973,26
973,37
974,13
974,38
975,36
976,17
976,23
976,33
977,27
978,35
978,37
979,16
979,36
979,38
980,30
980,32
981,7
981,9
981,28
981,33
981,37
981,39
982,34
983,36
983,38
984,2
984,37
985,33
986,36
987,38
987,40
988,35
989,13
989,25
989,33
989,37
990,3
990,36
991,38
992,33
994,29
994,34
995,33
995,36
995,37
995,38
998,27
999,17
999,33
999,35
1000,26
1000,36
1000,37
1000,38
1001,1
1002,31
1003,33
1004,12
1004,36
1004,38
1006,19
1006,33
1006,40
1007,37
1008,36
1009,38
1010,33
1010,39
1011,6
1011,36
1013,27
1014,33
1014,37
1015,24
1015,34
1015,36
1015,38
1016,13
1018,5
1018,33
1019,11
1019,20
1019,27
1019,36
1021,38
1021,39
1022,17
1022,37
1023,33
1023,40
1024,25
1024,36
1025,21
1025,32
1027,2
1027,8
1027,10
1027,38
1028,33
1028,35
1028,36
1028,37
1030,14
1032,25
1032,38
1033,22
1034,36
1034,37
1035,23
1036,16
1036,18
1036,33
1036,35
1037,38
1038,36
1038,40
1039,13
1039,37
1041,38
1042,36
1042,39
1044,9
1045,3
1045,33
1046,38
1047,36
1048,12
1048,35
1048,37
1051,30
1051,33
1051,38
1051,39
1052,36
1052,40
1053,19
1053,34
1054,37
1056,33
1056,38
1058,36
1061,37
1062,36
1062,38
1062,40
1063,35
1064,33
1066,15
1066,34
1068,36
1068,37
1069,33
1070,13
1071,7
1071,35
1072,33
1072,38
1073,26
1073,34
1074,39
1075,37
1076,25
1076,27
1076,29
1076,33
1077,17
1078,13
1078,36
1079,37
1079,38
1080,33
1080,34
1081,28
1081,30
1083,27
1083,31
1083,36
1084,33
1084,40
1085,1
1085,4
1085,24
1085,32
1085,38
1085,39
1086,37
1087,2
1087,13
1087,35
1088,17
1088,20
1088,36
1089,14
1089,27
1089,33
1090,34
1090,37
1090,38
1090,40
1091,22
1091,39
1092,18
1093,36
1094,6
1094,38
1095,33
1095,37
1096,26
1096,35
1097,13
1097,40
1098,38
1099,10
1099,25
1099,39
1100,11
1100,34
1100,36
1100,37
1102,3
1102,38
1103,33
1104,5
1104,8
1104,40
1105,35
1105,39
1106,12
1106,38
1107,36
1107,37
1108,21
1108,33
1111,38
1111,39
1112,27
1112,35
1113,36
1115,37
1115,38
1116,30
1116,40
1117,33
1117,34
1118,39
1120,37
1120,38
1121,36
1122,35
1126,38
1127,33
1127,37
1129,36
1130,16
1132,15
1132,37
1133,23
1133,35
1133,36
1133,38
1133,39
1133,40
1134,33
1136,25
1137,13
1137,37
1138,19
1138,29
1138,39
1140,34
1140,38
1141,17
1141,33
1141,36
1142,18
1143,37
1143,40
1145,9
1145,39
1146,26
1146,27
1147,33
1147,35
1147,36
1148,37
1148,38
1150,40
1151,7
1151,13
1151,25
1151,37
1152,32
1152,39
1153,2
1153,33
1154,17
1154,38
1155,34
1155,37
1157,25
1157,35
1158,11
1159,33
1159,37
1160,28
1160,38
1162,14
1162,39
1163,37
1163,40
1164,36
1165,3
1165,10
1165,34
1166,33
1166,37
1166,38
1169,24
1170,37
1171,36
1171,40
1172,33
1174,23
1174,27
1174,31
1174,37
1174,38
1175,32
1175,39
1177,12
1177,36
1177,37
1177,40
1178,20
1178,33
1179,13
1180,37
1180,38
1181,36
1181,40
1184,27
1184,37
1185,25
1186,35
1186,40
1187,30
1187,33
1187,36
1187,38
1188,37
1189,5
1189,34
1191,8
1191,15
1191,33
1192,36
1193,37
1193,39
1193,40
1194,17
1195,6
1195,38
1196,21
1196,33
1196,37
1197,26
1198,35
1199,1
1199,36
1200,37
1201,38
1201,40
1202,34
1203,19
1204,4
1204,33
1204,36
1205,37
1206,18
1207,40
1208,36
1209,27
1209,37
1209,39
1210,33
1210,38
1212,36
1213,35
1213,37
1213,40
1214,13
1214,33
1216,34
1217,30
1217,38
1218,36
1218,37
1219,33
1220,40
1222,36
1223,16
1223,33
1223,37
1223,38
1224,27
1225,36
1225,40
1226,34
1227,10
1228,25
1228,31
1228,33
1229,36
1229,37
1230,35
1231,20
1231,22
1231,38
1231,40
1233,2
1233,3
1233,36
1234,7
1234,29
1234,33
1235,17
1236,37
1236,38
1236,40
1237,36
1238,25
1238,33
1238,35
1239,39
1240,5
1240,38
1243,33
1243,36
1243,40
1244,32
1244,37
1245,12
1245,34
1245,38
1247,28
1247,33
1247,36
1247,39
1249,35
1249,40
1251,37
1252,33
1252,34
1252,38
1252,39
1253,13
1253,36
1255,40
1256,26
1256,38
1258,33
1258,36
1258,39
1259,34
1259,35
1260,9
1262,36
1262,37
1262,38
1262,40
1263,39
1265,33
1266,8
1266,37
1267,19
1267,36
1267,38
1267,39
1268,34
1269,24
1271,11
1271,37
1272,30
1272,36
1272,39
1274,17
1274,21
1274,27
1274,33
1274,34
1274,35
1275,38
1275,40
1276,1
1276,14
1278,18
1278,37
1278,39
1279,36
1279,38
1280,27
1281,6
1281,20
1281,32
1281,40
1282,10
1282,34
1283,23
1283,33
1284,25
1284,36
1284,37
1284,38
1284,39
1285,12
1285,13
1285,31
1285,35
1286,33
1288,2
1288,15
1288,17
1288,36
1289,38
1290,3
1290,34
1290,39
1291,33
1291,40
1292,13
1292,27
1292,29
1292,36
1293,22
1293,37
1295,38
1296,30
1296,33
1296,36
1298,39
1299,34
1299,35
1300,40
1302,33
1303,37
1304,36
1308,38
1308,40
1311,36
1311,39
1312,33
1313,26
1314,38
1315,37
1317,16
1318,35
1319,4
1319,12
1319,34
1320,33
1320,36
1320,38
1321,9
1321,37
1322,27
1323,40
1324,5
1324,8
1325,38
1326,7
1326,33
1326,36
1327,39
1328,25
1328,35
1328,37
1329,28
1329,30
1329,31
1330,13
1330,18
1331,38
1332,23
1332,34
1333,33
1333,36
1333,40
1334,20
1334,37
1336,15
1336,38
1339,36
1340,10
1340,32
1340,40
1341,35
1341,37
1341,38
1342,11
1342,27
1343,33
1345,25
1346,38
1347,39
1348,17
1348,34
1349,3
1349,33
1349,40
1350,35
1350,36
1350,37
1351,27
1352,38
1354,2
1354,33
1355,21
1355,39
1355,40
1356,14
1357,37
1358,19
1358,35
1358,36
1358,38
1360,6
1360,33
1361,40
1362,26
1362,37
1363,24
1364,36
1365,33
1365,38
1368,1
1368,35
1368,37
1369,40
1370,36
1371,33
1371,34
1371,39
1372,37
1376,13
1376,33
1376,36
1376,37
1376,40
1377,38
1379,37
1380,29
1381,33
1381,36
1383,35
1383,37
1383,40
1386,12
1386,37
1386,38
1387,33
1388,36
1389,37
1392,35
1393,17
1393,27
1393,37
1393,38
1394,33
1394,36
1395,16
1395,40
1396,8
1396,37
1398,3
1398,31
1398,38
1399,7
1399,36
1400,5
1400,17
1400,33
1400,37
1400,40
1402,9
1402,25
1403,37
1403,39
1404,13
1404,34
1404,40
1405,2
1405,35
1406,28
1407,18
1407,38
1408,15
1408,33
1408,37
1409,20
1409,40
1410,10
1411,25
1412,38
1413,36
1414,23
1414,33
1414,37
1415,30
1416,39
1416,40
1417,35
1418,13
1418,34
1418,38
1419,33
1419,37
1421,36
1422,26
1422,32
1422,37
1423,33
1423,40
1425,27
1425,37
1425,38
1426,35
1428,33
1428,34
1429,36
1430,17
1430,37
1432,22
1432,40
1434,33
1434,37
1435,38
1438,36
1439,34
1439,37
1439,40
1441,33
1442,24
1442,38
1444,25
1444,33
1445,36
1445,37
1446,40
1447,27
1447,35
1448,33
1448,34
1449,1
1450,14
1450,37
1450,38
1451,30
1452,6
1452,33
1454,19
1454,34
1455,31
1455,39
1456,36
1456,37
1456,38
1458,8
1458,13
1458,33
1459,4
1459,12
1459,40
1460,16
1461,18
1461,21
1462,34
1462,36
1463,17
1463,20
1463,35
1463,37
1463,38
1463,39
1464,5
1465,2
1465,33
1466,9
1466,27
1467,10
1467,38
1468,25
1468,36
1468,37
1470,11
1470,26
1470,33
1471,23
1471,36
1471,38
1473,3
1473,32
1473,34
1473,37
1474,13
1474,29
1474,40
1475,7
1475,33
1475,36
1476,35
1477,27
1477,38
1478,37
1479,17
1479,33
1480,36
1483,33
1483,37
1484,38
1485,15
1485,34
1485,39
1486,36
1488,37
1489,33
1489,38
1491,40
1492,36
1494,28
1494,34
1494,38
1495,33
1495,37
1499,35
1499,40
1500,36
1501,33
1501,38
1503,37
1506,36
1506,39
1508,37
1509,38
1510,33
1510,35
1511,34
1513,12
1514,33
1514,37
1515,22
1515,40
1516,36
1517,35
1518,37
1518,38
1519,17
1519,30
1520,33
1522,36
1522,40
1523,25
1523,34
1523,38
1523,39
1524,2
1524,18
1525,3
1525,8
1525,33
1525,37
1528,25
1528,35
1528,40
1529,24
1529,33
1530,13
1530,17
1530,26
1530,38
1530,39
1532,33
1532,34
1532,36
1532,37
1533,27
1534,6
1535,40
1536,33
1536,38
1537,29
1538,19
1539,20
1539,31
1539,35
1539,37
1540,13
1540,39
1541,36
1542,33
1543,34
1544,27
1545,38
1545,39
1546,23
1546,32
1546,36
1546,40
1547,11
1547,25
1547,33
1548,30
1548,37
1549,39
1550,36
1550,38
1551,10
1551,33
1553,40
1554,34
1555,25
1555,36
1555,37
1555,38
1556,21
1556,33
1556,39
1558,1
1558,7
1559,15
1560,12
1560,33
1561,37
1562,34
1562,35
1563,14
1563,16
1563,36
1563,39
1563,40
1564,33
1565,38
1566,9
1568,37
1569,33
1569,36
1569,39
1570,20
1571,5
1571,17
1572,38
1573,37
1574,33
1574,34
1574,35
1574,36
1575,2
1575,40
1576,39
1577,13
1577,28
1578,32
1578,33
1579,37
1579,38
1580,34
1581,18
1581,26
1581,33
1582,36
1583,35
1584,27
1585,33
1586,37
1586,38
1586,39
1587,40
1588,25
1590,33
1590,34
1592,37
1594,33
1594,36
1596,29
1596,38
1596,39
1596,40
1597,37
1599,33
1602,37
1603,22
1603,33
1605,35
1605,38
1606,33
1606,34
1606,37
1607,36
1609,3
1609,30
1610,31
1610,33
1610,37
1611,38
1611,39
1613,34
1613,36
1613,40
1614,33
1614,37
1615,7
1617,24
1617,37
1618,33
1619,8
1620,27
1620,37
1621,36
1621,38
1622,13
1622,25
1622,34
1623,33
1624,37
1625,19
1625,38
1626,17
1626,33
1627,35
1628,15
1628,37
1629,10
1629,38
1630,32
1630,33
1630,40
1631,21
1631,27
1632,2
1632,6
1632,36
1633,34
1633,35
1633,37
1634,23
1634,38
1635,33
1636,11
1636,16
1636,20
1637,13
1637,37
1637,39
1637,40
1638,38
1639,9
1639,33
1640,26
1640,36
1642,37
1643,18
1644,25
1644,33
1644,38
1644,40
1645,30
1645,35
1646,34
1646,36
1648,14
1648,38
1650,1
1650,37
1652,12
1652,31
1652,40
1653,33
1653,36
1654,38
1655,35
1656,17
1658,38
1659,37
1660,33
1660,40
1661,23
1662,25
1663,39
1664,5
1664,34
1664,38
1665,40
1666,36
1667,37
1669,28
1669,40
1670,33
1671,38
1673,35
1673,40
1674,37
1676,33
1677,36
1679,38
1681,33
1681,35
1681,39
1682,8
1682,37
1682,40
1683,34
1683,38
1684,3
1684,4
1686,10
1686,36
1688,33
1688,35
1688,37
1688,38
1689,40
1690,30
1691,29
1692,13
1692,37
1694,12
1694,20
1694,38
1695,33
1695,36
1695,40
1696,7
1696,18
1696,19
1696,34
1697,25
1697,37
1697,38
1699,2
1699,17
1699,27
1699,35
1701,33
1701,36
1701,38
1702,32
1703,37
1703,40
1704,22
1705,24
1706,6
1706,35
1706,36
1706,38
1707,37
1708,13
1708,26
1709,15
1709,39
1709,40
1710,25
1710,27
1711,38
1712,33
1713,18
1713,34
1714,9
1714,36
1715,17
1715,37
1716,38
1717,40
1718,39
1719,30
1720,33
1720,36
1721,31
1721,37
1721,38
1723,35
1726,33
1726,34
1726,38
1728,32
1728,36
1729,16
1729,40
1730,33
1730,37
1731,35
1731,38
1732,36
1734,27
1734,33
1735,38
1735,39
1736,21
1737,36
1738,20
1738,33
1738,37
1739,34
1740,1
1740,38
1741,11
1742,13
1742,36
1744,25
1744,33
1744,40
1745,12
1745,14
1745,35
1746,10
1746,38
1747,36
1748,7
1749,23
1749,33
1749,39
1750,17
1751,37
1751,38
1751,40
1752,3
1753,5
1754,33
1755,8
1755,28
1755,35
1755,36
1756,34
1756,37
1756,40
1757,2
1758,33
1760,15
1760,29
1760,36
1761,37
1761,38
1762,26
1764,33
1765,27
1765,37
1766,24
1766,36
1766,39
1766,40
1767,19
1767,34
1767,35
1768,33
1768,38
1770,37
1771,36
1773,13
1773,25
1773,30
1773,32
1773,33
1775,36
1775,38
1776,33
1776,34
1777,37
1777,40
1778,13
1780,33
1780,36
1781,37
1782,38
1783,35
1785,33
1786,37
1787,18
1788,36
1789,40
1790,33
1790,37
1793,30
1793,38
1794,17
1794,33
1795,36
1795,37
1797,35
1797,38
1798,33
1799,40
1801,6
1801,34
1801,39
1802,33
1802,38
1803,20
1803,36
1803,37
1806,33
1806,38
1807,1
1807,36
1810,4
1810,25
1810,27
1810,40
1811,33
1811,34
1811,36
1811,37
1811,38
1812,15
1813,10
1813,28
1813,31
1814,16
1814,26
1814,35
1814,39
1815,36
1816,3
1816,5
1816,12
1816,22
1816,33
1816,37
1816,38
1817,9
1817,23
1819,36
1819,37
1819,40
1820,2
1820,29
1820,33
1821,8
1821,11
1821,17
1821,32
1821,38
1823,7
1823,13
1823,21
1823,37
1823,39
1824,19
1824,25
1824,27
1824,33
1824,36
1825,35
1826,38
1827,30
1827,33
1828,17
1829,37
1830,32
1831,33
1831,34
1831,36
1832,14
1832,18
1832,39
1833,37
1833,38
1834,40
1835,33
1836,35
1836,36
1838,37
1840,33
1840,38
1842,36
1844,33
1844,37
1845,38
1846,36
1851,33
1851,36
1851,37
1851,40
1853,38
1853,39
1856,24
1856,33
1856,36
1856,37
1857,35
1859,38
1859,40
1860,33
1861,37
1862,17
1862,25
1864,33
1864,36
1865,38
1867,33
1867,37
1869,40
1870,35
1870,38
1871,33
1872,13
1872,34
1873,27
1873,39
1874,36
1874,37
1874,38
1875,33
1878,37
1878,38
1879,26
1879,36
1880,13
1880,20
1880,33
1881,35
1881,37
1882,38
1885,3
1885,33
1885,34
1885,36
1885,37
1885,40
1886,12
1886,27
1887,17
1887,38
1889,9
1889,36
1889,37
1890,16
1891,33
1892,2
1892,5
1892,38
1893,6
1893,31
1893,37
1894,10
1894,32
1894,35
1894,40
1895,13
1895,25
1895,27
1895,36
1896,23
1896,37
1897,18
1897,38
1898,12
1898,33
1898,34
1898,39
1899,11
1899,36
1899,37
1901,13
1901,22
1902,8
1902,33
1903,28
1903,37
1904,36
1904,38
1905,21
1905,39
1906,24
1907,1
1907,15
1907,37
1908,30
1908,33
1908,35
1908,36
1909,14
1910,38
1911,33
1911,37
1911,39
1912,19
1912,29
1912,36
1915,26
1915,33
1915,37
1915,38
1916,36
1917,35
1918,34
1920,37
1921,7
1921,33
1921,36
1921,39
1923,40
1926,33
1926,37
1926,38
1927,36
1930,4
1930,39
1931,37
1932,25
1933,33
1933,36
1934,13
1934,35
1935,20
1935,34
1935,38
1937,36
1938,37
1940,27
1941,25
1941,39
1942,33
1942,36
1942,37
1943,38
1944,17
1944,32
1945,40
1946,15
1946,36
1947,30
1947,37
1949,28
1949,33
1950,36
1951,2
1951,35
1951,39
1952,10
1952,37
1952,38
1953,18
1955,26
1956,36
1958,33
1958,39
1959,35
1959,37
1960,3
1961,22
1961,23
1961,38
1962,36
1963,21
1963,34
1963,37
1963,40
1965,30
1965,33
1965,35
1966,29
1966,36
1967,27
1967,39
1968,37
1969,12
1970,13
1970,36
1970,38
1971,5
1971,34
1971,40
1972,33
1973,36
1973,37
1974,9
1974,39
1975,8
1975,31
1975,35
1976,38
1977,11
1977,36
1977,40
1979,33
1979,37
1980,17
1981,30
1981,36
1981,38
1984,20
1984,25
1984,34
1985,36
1985,38
1985,39
1986,24
1986,33
1986,37
1987,35
1989,19
1991,17
1992,14
1992,36
1993,38
1994,16
1994,37
1994,39
1996,32
1996,33
1996,40
1998,27
1998,36
1999,35
1999,37
1999,38
2000,13
2000,34
2001,6
2001,33
2003,37
2004,40
2005,1
2005,7
2005,34
2006,2
2006,35
2007,36
2007,37
2008,13
2009,33
2009,40
2010,38
2011,18
2013,37
2014,10
2014,36
2014,38
2014,40
2015,25
2015,27
2017,33
2017,35
2017,38
2018,34
2019,37
2020,40
2022,12
2022,36
2023,17
2023,38
2024,35
2024,39
2025,26
2026,33
2026,37
2028,3
2028,36
2029,40
2030,38
2031,33
2032,30
2033,23
2034,35
2034,36
2035,38
2035,39
2036,33
2036,34
2036,37
2036,40
2039,13
2040,15
2041,29
2041,36
2041,38
2042,33
2042,39
2043,37
2043,40
2044,27
2046,11
2047,19
2047,37
2047,38
2048,20
2048,35
2048,40
2049,36
2049,39
2050,4
2050,8
2050,25
2050,33
2052,13
2052,24
2052,27
2053,32
2053,37
2053,38
2053,40
2054,14
2054,21
2055,33
2055,34
2055,36
2055,39
2056,5
2056,17
2056,27
2056,28
2057,9
2057,37
2058,18
2058,25
2058,35
2058,40
2059,2
2059,20
2060,10
2060,31
2060,38
2061,12
2061,36
2062,13
2062,33
2062,37
2063,16
2063,25
2064,35
2064,38
2064,40
2065,26
2065,39
2066,6
2066,33
2066,36
2066,37
2068,17
2068,23
2069,34
2069,35
2070,40
2071,37
2071,39
2072,33
2074,7
2074,38
2075,35
2075,36
2077,37
2078,33
2078,40
2080,38
2080,39
2081,35
2082,36
2084,40
2085,37
2086,33
2087,36
2087,38
2088,35
2088,40
2090,1
2091,34
2093,3
2093,40
2094,33
2094,37
2095,35
2095,39
2096,15
2096,22
2096,36
2098,40
2100,33
2100,38
2101,37
2103,34
2104,35
2104,36
2104,40
2106,27
2106,33
2107,38
2109,2
2110,40
2111,29
2111,39
2112,25
2112,33
2112,35
2113,37
2114,36
2116,17
2116,38
2117,30
2118,33
2118,34
2119,8
2119,19
2120,13
2120,18
2120,31
2120,36
2120,37
2120,40
2121,38
2122,24
2122,33
2122,35
2124,20
2124,30
2125,36
2127,33
2128,37
2128,38
2128,39
2129,36
2130,27
2131,10
2131,33
2132,21
2132,35
2132,36
2133,32
2133,38
2133,40
2136,5
2136,26
2136,33
2136,36
2136,37
2138,35
2140,30
2140,36
2141,33
2141,37
2142,38
2143,7
2144,27
2144,36
2146,34
2147,38
2147,40
2148,23
2148,33
2149,36
2151,37
2152,33
2153,36
2153,39
2154,38
2155,9
2156,28
2156,33
2157,36
2157,40
2158,12
2158,16
2159,13
2159,17
2159,37
2160,25
2160,33
2160,36
2162,38
2164,3
2164,36
2165,18
2165,33
2167,15
2167,35
2167,38
2168,34
2168,36
2168,37
2168,39
2169,17
2169,33
2170,27
2171,6
2172,36
2173,38
2174,13
2174,32
2174,33
2174,37
2175,4
2176,30
2176,34
2176,36
2176,40
2177,2
2177,14
2177,20
2177,31
2178,33
2178,38
2179,35
2179,36
2179,37
2180,11
2180,22
2180,25
2180,39
2181,10
2182,26
2182,33
2184,1
2184,38
2185,25
2185,36
2186,19
2186,33
2186,37
2188,38
2189,35
2190,40
2191,12
2191,17
2191,29
2191,33
2191,37
2192,36
2193,38
2194,33
2197,34
2198,36
2199,17
2199,33
2199,37
2200,27
2200,39
2200,40
2203,38
2204,33
2205,8
2205,36
2206,37
2208,7
2208,35
2209,33
2211,38
2213,21
2213,23
2213,25
2214,37
2215,24
2215,33
2215,36
2216,39
2217,13
2217,34
2217,40
2218,5
2218,18
2219,27
2219,38
2220,35
2220,36
2220,37
2221,9
2221,16
2221,33
2223,12
2223,38
2223,39
2223,40
2224,28
2225,2
2225,36
2225,37
2226,13
2226,33
2227,20
2227,26
2228,32
2228,38
2229,36
2229,37
2230,27
2231,34
2232,3
2232,33
2233,36
2233,37
2234,15
2234,35
2234,38
2235,40
2237,37
2238,33
2238,39
2239,36
2239,38
2241,13
2242,31
2242,37
2244,33
2244,38
2245,36
2246,37
2247,11
2248,33
2249,30
2249,38
2251,37
2252,33
2253,34
2253,36
2254,37
2254,38
2255,10
2255,40
2256,35
2258,33
2258,37
2258,38
2262,6
2262,37
2262,38
2263,33
2265,27
2265,34
2265,36
2266,17
2266,35
2267,33
2267,37
2267,38
2268,7
2268,29
2269,19
2270,33
2271,3
2271,8
2271,37
2272,14
2272,40
2273,38
2274,25
2274,33
2274,36
2275,24
2275,35
2277,1
2277,33
2277,34
2277,38
2278,27
2279,13
2279,37
2280,17
2280,18
2280,20
2280,39
2281,16
2281,33
2281,36
2281,38
2283,26
2283,37
2283,40
2285,4
2285,32
2285,33
2285,34
2286,35
2286,36
2286,38
2287,37
2290,33
2291,37
2291,39
2292,38
2294,2
2294,12
2294,40
2296,33
2296,37
2297,35
2297,36
2298,5
2298,34
2299,38
2300,37
2302,15
2303,33
2303,38
2303,40
2304,25
2304,31
2305,9
2305,37
2306,36
2307,38
2308,33
2309,23
2310,7
2310,27
2310,34
2311,37
2312,10
2312,35
2312,38
2313,36
2315,33
2316,17
2317,38
2318,8
2318,36
2319,25
2319,37
2320,32
2320,34
2322,33
2322,35
2322,39
2322,40
2323,38
2324,24
2324,37
2326,21
2326,36
2327,11
2328,34
2329,33
2330,37
2331,13
2331,35
2331,36
2331,38
2332,27
2334,22
2334,34
2335,40
2336,28
2336,33
2336,38
2337,37
2338,20
2338,30
2338,35
2339,3
2339,36
2340,34
2341,1
2341,26
2342,38
2343,33
2343,36
2343,37
2345,18
2346,27
2347,6
2347,35
2348,34
2348,36
2349,38
2350,19
2350,33
2350,37
2351,13
2351,39
2351,40
2353,17
2354,25
2355,34
2355,36
2356,38
2357,33
2357,35
2358,37
2361,29
2362,33
2362,36
2363,2
2364,12
2364,38
2365,35
2366,37
2367,13
2367,33
2368,36
2368,40
2369,17
2369,30
2369,34
2369,39
2370,16
2370,38
2373,36
2375,33
2376,5
2376,34
2377,37
2377,38
2377,39
2378,26
2378,31
2378,40
2379,36
2383,33
2383,35
2384,7
2386,25
2386,37
2387,34
2387,36
2387,38
2388,3
2388,8
2390,36
2390,40
2391,27
2391,33
2394,38
2395,20
2395,36
2396,9
2396,33
2397,32
2397,34
2397,37
2398,12
2398,35
2398,38
2399,15
2399,36
2401,2
2401,27
2401,33
2401,40
2402,24
2403,36
2403,38
2404,13
2404,17
2404,33
2404,39
2405,14
2405,37
2406,10
2407,25
2408,33
2408,38
2409,21
2409,22
2409,36
2410,34
2411,28
2412,6
2412,37
2412,39
2413,1
2413,33
2414,23
2414,36
2416,18
2416,37
2418,19
2418,33
2418,38
2419,35
2419,39
2419,40
2421,36
2422,33
2422,37
2426,25
2427,33
2428,26
2429,31
2429,36
2429,37
2429,38
2430,35
2431,30
2431,33
2433,34
2433,38
2434,13
2434,27
2435,37
2436,16
2436,33
2437,36
2437,38
2440,27
2441,20
2441,36
2442,11
2442,17
2442,32
2443,33
2443,37
2443,38
2444,4
2445,29
2445,36
2445,39
2445,40
2446,15
2446,30
2447,13
2447,25
2448,10
2448,37
2449,33
2449,35
2449,38
2450,2
2450,34
2450,36
2451,5
2451,39
2452,18
2452,24
2454,37
2455,12
2456,14
2456,33
2457,36
2458,40
2459,23
2459,38
2459,39
2461,37
2462,7
2462,17
2463,33
2465,38
2466,3
2466,37
2467,8
2467,36
2468,40
2470,21
2471,39
2472,38
2473,33
2473,37
2473,40
2477,35
2478,9
2478,33
2478,37
2478,38
2478,40
2481,34
2481,36
2482,38
2482,40
2483,33
2485,37
2486,38
2487,36
2489,33
2489,35
2489,39
2490,40
2491,38
2492,37
2493,27
2493,36
2495,38
2496,13
2496,33
2496,37
2496,40
2497,26
2498,35
2498,38
2499,30
2499,36
2500,32
2500,37
2501,33
2502,28
2502,38
2503,27
2504,13
2504,17
2504,34
2504,35
2504,36
2505,33
2505,37
2506,19
2507,1
2507,38
2508,16
2508,37
2508,40
2509,25
2510,6
2511,33
2511,36
2511,38
2512,37
2513,10
2513,18
2513,31
2514,34
2515,35
2515,38
2516,2
2516,33
2516,40
2517,22
2517,36
2518,23
2518,37
2519,7
2520,3
2520,12
2520,38
2521,25
2521,39
2522,27
2522,40
2523,29
2523,33
2524,5
2524,20
2524,36
2524,37
2524,38
2526,34
2527,15
2528,24
2528,37
2528,38
2528,39
2529,8
2529,33
2529,40
2530,36
2531,13
2531,17
2531,35
2532,11
2532,37
2533,38
2535,14
2535,33
2536,37
2537,36
2537,40
2538,34
2539,33
2539,35
2539,38
2541,36
2542,21
2542,37
2544,33
2544,40
2545,38
2546,36
2547,34
2547,37
2548,33
2549,38
2549,39
2550,12
2551,35
2551,40
2552,33
2552,36
2552,37
2553,38
2556,33
2557,37
2558,38
2558,40
2560,26
2560,35
2560,36
2561,33
2562,38
2564,9
2564,36
2564,37
2565,19
2566,27
2566,31
2566,33
2567,38
2568,30
2568,36
2570,4
2570,33
2570,37
2570,38
2571,36
2572,13
2572,16
2572,34
2572,39
2573,23
2573,32
2573,35
2573,40
2574,7
2574,33
2574,38
2575,37
2576,36
2577,2
2577,10
2577,18
2578,33
2578,38
2578,39
2579,25
2579,36
2580,3
2580,37
2581,33
2582,17
2582,40
2583,34
2583,36
2583,38
2585,33
2586,29
2586,37
2587,36
2590,33
2590,38
2591,39
2591,40
2592,35
2592,36
2592,37
2593,12
2595,37
2595,38
2596,15
2596,33
2596,39
2597,5
2597,36
2598,40
2599,1
2599,24
2599,37
2600,33
2602,36
2602,38
2602,39
2603,6
2604,17
2604,20
2604,28
2604,37
2605,13
2605,33
2606,8
2606,36
2606,38
2608,34
2609,25
2609,26
2609,35
2610,37
2611,33
2611,36
2611,38
2611,40
2612,27
2613,22
2613,32
2614,37
2615,13
2615,35
2616,36
2616,38
2616,39
2617,40
2618,27
2618,31
2619,33
2621,35
2621,36
2621,38
2622,30
2623,3
2623,37
2623,39
2624,40
2625,33
2625,36
2625,38
2626,34
2627,13
2628,35
2629,36
2629,37
2630,38
2630,39
2633,36
2633,40
2634,34
2634,38
2635,35
2635,37
2636,33
2636,39
2638,25
2639,18
2639,36
2640,38
2643,33
2643,39
2644,14
2644,38
2644,40
2645,16
2645,21
2645,36
2646,15
2646,25
2646,37
2647,35
2648,10
2648,12
2648,38
2649,20
2649,39
2650,7
2650,27
2650,33
2651,19
2651,23
2651,36
2652,38
2653,29
2653,30
2653,37
2653,39
2654,17
2654,24
2655,2
2655,25
2655,33
2655,40
2656,11
2656,34
2657,38
2659,33
2659,37
2660,39
2661,13
2661,25
2662,26
2663,34
2663,35
2663,36
2663,40
2664,17
2664,38
2665,9
2665,18
2665,37
2666,33
2668,36
2668,39
2669,3
2670,33
2670,38
2671,37
2672,35
2674,5
2674,13
2675,1
2676,33
2677,37
2677,38
2678,28
2678,39
2679,8
2680,22
2680,27
2680,32
2680,36
2681,15
2681,33
2682,37
2682,38
2682,40
2684,13
2685,27
2686,34
2687,33
2687,37
2689,36
2690,35
2690,38
2691,39
2692,17
2692,37
2693,4
2693,6
2693,33
2695,34
2695,36
2696,38
2697,25
2698,37
2698,40
2699,31
2700,33
2700,36
2701,38
2703,2
2703,12
2703,37
2704,35
2705,36
2706,33
2706,38
2707,25
2708,34
2709,33
2709,39
2709,40
2711,10
2711,38
2712,36
2712,37
2714,33
2714,35
2715,38
2717,40
2718,33
2719,26
2719,36
2719,37
2720,34
2720,38
2722,12
2722,33
2722,35
2725,27
2725,33
2725,38
2726,7
2726,37
2727,34
2728,16
2728,20
2728,33
2728,36
2729,13
2729,38
2730,37
2730,39
2731,17
2731,35
2731,40
2732,33
2732,36
2733,25
2733,34
2734,30
2735,24
2735,37
2735,38
2736,36
2737,33
2739,32
2739,37
2739,38
2741,33
2741,34
2742,35
2742,36
2742,40
2743,14
2743,17
2743,29
2744,37
2744,38
2746,33
2748,38
2749,9
2749,11
2749,34
2749,36
2750,33
2751,19
2752,35
2752,37
2752,38
2753,3
2753,33
2753,40
2754,27
2754,36
2755,8
2755,31
2756,33
2756,38
2757,39
2758,36
2759,21
2759,23
2759,33
2759,37
2760,1
2761,38
2762,36
2763,33
2763,37
2764,18
2765,13
2765,34
2765,38
2766,30
2766,35
2767,10
2767,36
2768,17
2768,25
2768,28
2768,33
2768,40
2769,37
2769,38
2771,33
2773,6
2773,35
2774,38
2775,25
2775,33
2775,36
2777,26
2778,34
2778,37
2779,22
2779,33
2779,35
2779,38
2781,36
2782,39
2783,2
2783,37
2784,15
2784,33
2784,40
2785,20
2785,38
2786,35
2789,5
2789,33
2789,36
2791,37
2791,40
2792,35
2792,38
2793,33
2795,30
2795,34
2796,37
2797,13
2798,33
2798,36
2798,38
2799,35
2799,40
2800,37
2801,33
2802,14
2804,21
2805,33
2805,38
2806,37
2806,40
2807,35
2808,39
2809,12
2810,27
2810,33
2810,36
2811,34
2811,37
2813,38
2814,17
2816,16
2816,33
2817,37
2818,7
2818,32
2818,35
2819,31
2819,38
2820,3
2820,13
2820,24
2821,26
2821,27
2821,40
2822,23
2822,25
2822,33
2822,36
2822,37
2823,9
2824,5
2824,8
2824,17
2824,29
2824,35
2824,38
2824,39
2826,10
2826,18
2826,33
2827,37
2828,11
2828,12
2828,20
2828,40
2829,19
2829,34
2830,37
2830,38
2831,33
2831,36
2832,13
2833,2
2833,25
2834,37
2834,40
2835,38
2836,36
2837,33
2838,37
2840,34
2841,33
2841,40
2842,28
2842,35
2842,37
2843,38
2845,33
2845,37
2846,40
2847,36
2849,1
2849,33
2850,37
2850,38
2851,40
2854,33
2855,36
2855,37
2855,38
2857,15
2858,40
2859,27
2859,35
2859,37
2861,33
2861,38
2862,13
2863,6
2863,34
2863,37
2864,31
2865,38
2865,40
2866,35
2867,36
2868,17
2868,27
2868,33
2868,37
2868,39
2869,38
2872,33
2873,32
2873,36
2873,37
2873,38
2874,34
2876,35
2877,36
2877,38
2878,37
2879,33
2879,40
2880,25
2880,27
2881,21
2881,36
2881,38
2882,37
2883,33
2883,35
2883,39
2884,3
2884,36
2885,37
2885,38
2886,4
2886,33
2887,30
2887,36
2888,13
2889,37
2889,38
2890,33
2890,36
2891,24
2892,12
2893,10
2893,37
2893,39
2894,20
2894,33
2894,36
2895,38
2896,22
2896,27
2896,32
2898,8
2898,17
2898,36
2898,37
2899,19
2899,26
2899,29
2899,34
2900,33
2900,38
2901,11
2901,14
2901,35
2901,40
2902,37
2903,36
2903,39
2904,9
2904,17
2904,18
2904,25
2905,7
2905,27
2905,33
2906,38
2907,36
2907,37
2908,34
2909,5
2910,2
2910,16
2910,23
2910,33
2910,35
2911,13
2911,36
2912,37
2912,39
2912,40
2914,33
2914,38
2915,31
2916,35
2916,36
2917,33
2917,34
2918,26
2918,37
2918,40
2919,38
2920,33
2922,35
2922,36
2923,38
2924,33
2924,37
2924,40
2925,1
2927,33
2929,36
2930,37
2930,38
2931,33
2931,35
2931,40
2933,34
2935,36
2936,33
2937,37
2939,38
2939,39
2940,33
2941,25
2941,36
2944,13
2944,33
2946,37
2946,38
2947,32
2947,40
2948,33
2948,35
2949,34
2950,15
2950,25
2951,33
2951,36
2952,27
2952,37
2954,24
2954,33
2955,30
2955,38
2956,10
2956,17
2956,34
2956,39
2957,27
2957,33
2958,3
2958,7
2958,8
2959,36
2960,37
2961,12
2961,20
2961,29
2962,6
2962,33
2962,38
2963,18
2963,25
2963,35
2964,2
2964,28
2965,13
2965,27
2965,37
2965,40
2966,33
2966,34
2966,36
2966,38
2967,5
2967,16
2968,21
2969,17
2970,33
2970,37
2970,38
2971,9
2971,26
2971,36
2972,23
2972,31
2972,40
2973,39
2974,37
2974,38
2975,35
2976,33
2976,36
2978,34
2979,37
2979,38
2980,33
2980,36
2981,39
2984,33
2984,36
2984,37
2985,38
2985,39
2990,33
2990,36
2990,37
2992,34
2992,39
2993,30
2993,38
2994,12
2994,35
2994,40
2996,33
2996,36
2997,37
2998,38
2998,39
2999,13
2999,33
3000,19
3001,36
3002,38
3003,33
3004,27
3004,37
3005,34
3005,39
3006,36
3008,38
3009,13
3009,33
3009,35
3011,32
3011,37
3012,36
3012,39
3013,14
3013,33
3014,38
3017,1
3017,33
3017,39
3018,3
3018,11
3018,34
3019,4
3019,15
3019,37
3019,38
3020,27
3020,33
3021,10
3021,17
3021,29
3021,36
3022,25
3024,20
3024,22
3024,33
3024,38
3024,39
3024,40
3026,17
3027,24
3027,37
3027,38
3028,35
3028,36
3029,2
3029,33
3029,34
3031,7
3031,26
3031,30
3031,38
3033,36
3033,39
3035,18
3035,33
3035,38
3036,25
3038,21
3038,37
3039,36
3040,12
3040,23
3040,33
3040,35
3040,38
3040,39
3042,40
3043,8
3043,13
3043,33
3044,9
3045,37
3045,38
3046,36
3047,33
3047,34
3047,39
3051,33
3051,38
3052,40
3054,36
3055,33
3055,35
3056,31
3057,39
3058,36
3058,37
3059,33
3059,38
3063,13
3063,36
3064,33
3066,37
3066,38
3068,34
3069,27
3069,33
3070,36
3071,35
3071,38
3072,16
3072,39
3073,30
3073,37
3074,19
3074,28
3074,40
3075,32
3075,34
3075,36
3076,33
3076,38
3077,5
3077,20
3077,27
3079,35
3079,37
3080,17
3081,36
3081,38
3082,26
3082,40
3083,13
3084,33
3085,6
3085,38
3086,18
3086,35
3086,37
3088,25
3088,34
3088,36
3089,2
3090,1
3090,37
3090,38
3090,40
3091,3
3091,33
3091,39
3094,10
3094,15
3094,35
3095,37
3096,36
3097,38
3098,29
3099,22
3099,32
3099,40
3100,12
3100,35
3100,37
3101,34
3101,36
3102,38
3103,11
3103,33
3105,27
3105,36
3105,37
3106,35
3106,39
3107,13
3107,14
3107,17
3108,38
3109,36
3110,30
3111,24
3111,37
3112,8
3112,33
3112,36
3115,18
3115,27
3115,36
3115,38
3116,23
3116,34
3116,35
3117,7
3117,9
3117,33
3117,39
3117,40
3118,17
3118,37
3119,26
3119,36
3121,4
3123,31
3124,35
3124,36
3124,40
3125,20
3125,25
3125,32
3125,34
3125,37
3125,39
3126,33
3126,38
3128,36
3130,3
3130,25
3130,37
3132,36
3132,40
3133,33
3133,35
3134,38
3137,12
3137,37
3139,33
3139,36
3140,13
3141,40
3142,37
3142,39
3143,30
3143,38
3144,34
3146,21
3146,37
3147,28
3147,33
3147,36
3148,10
3148,15
3150,38
3150,40
3151,37
3152,35
3153,33
3154,27
3155,6
3155,36
3155,38
3156,13
3157,37
3158,40
3159,19
3160,38
3161,2
3161,33
3161,36
3163,5
3163,17
3163,34
3163,40
3165,30
3166,35
3167,16
3167,37
3168,25
3168,27
3168,33
3168,36
3168,38
3168,40
3169,39
3172,38
3173,33
3174,34
3174,37
3175,18
3177,33
3178,36
3178,40
3179,29
3179,38
3180,17
3180,35
3180,37
3182,20
3183,33
3183,39
3184,40
3186,37
3186,38
3187,36
3190,33
3190,37
3191,34
3191,40
3192,38
3193,13
3195,37
3196,38
3197,32
3197,33
3197,39
3198,36
3200,35
3201,37
3201,38
3202,1
3202,7
3202,14
3204,11
3204,23
3205,26
3205,33
3205,40
3206,24
3206,36
3206,38
3207,8
3207,9
3207,30
3208,3
3208,10
3208,34
3208,39
3209,25
3209,37
3210,38
3211,12
3211,21
3211,27
3211,36
3212,33
3213,17
3214,35
3214,37
3214,38
3215,4
3215,27
3215,31
3215,40
3216,2
3216,5
3216,33
3217,36
3218,13
3218,23
3219,16
3220,32
3220,33
3220,37
3220,38
3220,39
3221,22
3223,28
3223,34
3223,36
3223,37
3224,33
3225,13
3225,15
3225,35
3226,38
3226,40
3227,37
3228,33
3229,34
3231,36
3231,38
3232,19
3232,33
3232,37
3233,40
3235,38
3237,33
3237,37
3237,39
3238,36
3239,29
3239,38
3240,34
3241,33
3241,37
3243,25
3244,37
3246,33
3246,38
3247,34
3248,17
3248,37
3249,36
3251,30
3251,33
3252,6
3252,35
3252,37
3252,40
3253,38
3254,34
3256,36
3258,33
3258,37
3260,25
3260,26
3260,38
3261,18
3261,39
3263,35
3264,37
3265,33
3265,40
3266,38
3267,34
3268,37
3269,36
3272,37
3274,12
3274,33
3274,36
3274,38
3274,40
3276,35
3276,37
3278,8
3279,33
3279,39
3281,37
3282,7
3282,20
3282,24
3282,34
3284,36
3285,33
3285,37
3286,1
3286,14
3286,38
3287,17
3287,30
3287,32
3288,3
3288,15
3288,27
3289,10
3289,37
3290,34
3290,36
3291,2
3291,11
3291,13
3291,27
3291,33
3291,35
3291,38
3291,40
3292,9
3292,19
3293,29
3293,37
3294,25
3295,33
3296,17
3296,32
3296,36
3297,34
3297,38
3298,13
3298,23
3298,37
3299,16
3299,27
3300,33
3301,5
3301,31
3301,37
3301,38
3302,35
3303,28
3303,36
3304,33
3304,34
3305,37
3307,40
3308,26
3308,37
3309,36
3310,21
3310,33
3310,38
3312,35
3312,37
3313,36
3315,34
3316,40
3317,33
3317,37
3318,4
3318,39
3319,36
3319,38
3320,37
3323,36
3324,37
3324,40
3325,33
3326,38
3327,12
3327,35
3327,36
3328,37
3329,17
3329,33
3330,25
3332,18
3332,38
3334,33
3334,34
3334,36
3335,37
3335,39
3336,22
3336,40
3337,8
3337,27
3337,35
3339,37
3340,33
3340,38
3342,3
3342,20
3343,36
3343,40
3344,17
3344,25
3344,35
3344,38
3345,6
3345,33
3346,13
3346,24
3346,37
3348,29
3348,34
3349,38
3350,2
3350,40
3351,33
3351,36
3352,1
3353,7
3353,9
3353,10
3353,27
3353,35
3354,37
3355,17
3355,38
3357,23
3357,30
3357,36
3358,33
3359,40
3360,13
3361,19
3361,34
3362,35
3362,38
3362,39
3363,25
3363,37
3364,31
3366,15
3366,33
3367,36
3369,37
3369,38
3371,34
3373,33
3373,35
3373,40
3375,27
3377,5
3377,37
3378,38
3379,36
3379,40
3380,39
3381,16
3381,25
3381,26
3381,33
3382,12
3382,30
3382,32
3383,37
3384,38
3385,18
3385,33
3385,34
3385,35
3385,36
3387,10
3388,33
3389,27
3391,11
3391,38
3391,40
3392,33
3392,37
3393,36
3395,14
3395,25
3396,17
3396,33
3397,36
3397,37
3397,38
3397,39
3398,21
3398,34
3401,13
3401,33
3402,3
3402,37
3403,36
3405,28
3405,40
3406,37
3406,38
3407,33
3408,35
3409,36
3410,37
3411,38
3412,40
3413,36
3415,33
3415,37
3415,39
3416,38
3417,2
3418,36
3419,37
3421,38
3421,40
3422,33
3423,25
3424,35
3424,36
3424,37
3426,33
3426,34
3426,38
3427,8
3429,15
3429,40
3431,36
3431,37
3432,7
3432,33
3432,38
3433,20
3435,37
3436,17
3436,34
3436,36
3436,38
3436,39
3437,9
3437,13
3438,24
3438,25
3438,33
3439,32
3440,37
3441,26
3441,38
3442,33
3442,36
3443,1
3443,4
3443,12
3443,27
3443,34
3443,40
3444,35
3445,17
3446,36
3446,37
3446,39
3447,16
3447,30
3448,22
3448,29
3448,31
3448,40
3449,5
3449,19
3449,33
3449,34
3449,36
3449,38
3451,18
3451,37
3452,2
3453,36
3455,28
3455,40
3456,10
3456,35
3457,6
3457,36
3459,37
3459,38
3460,33
3461,23
3461,34
3462,3
3462,40
3463,36
3464,35
3464,37
3467,33
3467,36
3467,39
3468,25
3469,38
3470,37
3471,33
3471,36
3472,13
3474,30
3474,34
3474,35
3474,37
3475,36
3476,40
3477,17
3477,38
3478,33
3479,37
3480,32
3480,36
3481,38
3482,27
3482,37
3484,34
3484,35
3485,38
3486,36
3486,37
3487,13
3488,33
3489,20
3489,40
3490,27
3490,38
3492,21
3492,34
3492,36
3492,37
3493,11
3493,35
3494,7
3494,38
3496,15
3497,8
3497,12
3497,13
3497,33
3497,39
3498,37
3499,25
3499,40
3500,18
3500,24
3501,14
3501,36
3501,38
3502,17
3502,29
3502,33
3502,37
3504,19
3504,34
3505,37
3505,38
3506,27
3507,35
3507,36
3507,40
3508,9
3509,13
3509,37
3509,38
3510,26
3510,39
3511,36
3512,34
3513,37
3514,10
3514,38
3515,33
3515,40
3516,36
3517,2
3517,37
3519,38
3521,36
3521,37
3522,33
3525,23
3525,38
3526,32
3526,37
3526,40
3527,36
3528,13
3529,35
3530,33
3531,1
3531,30
3531,37
3532,25
3532,38
3533,17
3533,34
3533,39
3534,33
3534,36
3534,40
3535,5
3536,37
3536,38
3537,35
3539,16
3539,33
3540,12
3540,36
3541,31
3541,37
3541,38
3542,40
3543,3
3544,33
3544,36
3547,34
3547,35
3547,37
3547,38
3549,33
3549,40
3550,27
3552,6
3552,37
3553,36
3554,20
3554,26
3555,33
3555,38
3556,39
3556,40
3557,4
3558,19
3558,30
3558,35
3558,36
3558,37
3559,17
3559,38
3560,25
3561,2
3561,34
3562,33
3562,40
3563,18
3563,36
3564,37
3564,38
3564,39
3565,28
3565,33
3566,8
3568,10
3568,29
3568,36
3568,37
3569,22
3569,38
3570,33
3571,34
3572,36
3573,3
3573,12
3573,37
3574,26
3574,33
3574,38
3574,39
3574,40
3575,11
3576,24
3576,36
3577,35
3579,37
3580,33
3580,36
3580,38
3580,39
3581,40
3582,13
3584,34
3585,14
3585,36
3586,35
3586,37
3587,27
3587,33
3587,38
3588,7
3588,21
3588,39
3588,40
3591,36
3592,37
3593,33
3593,34
3594,23
3594,39
3595,9
3595,38
3597,35
3597,36
3598,37
3599,33
3600,30
3601,40
3602,36
3603,17
3603,38
3604,37
3605,13
3605,15
3605,34
3606,33
3606,39
3607,25
3607,36
3607,40
3610,33
3610,37
3611,18
3611,38
3614,36
3614,39
3615,33
3617,37
3617,38
3617,40
3618,27
3619,30
3619,32
3620,20
3620,33
3620,35
3620,36
3622,37
3623,31
3623,38
3623,40
3624,13
3624,25
3625,33
3626,27
3626,36
3627,16
3627,34
3627,35
3627,38
3628,37
3629,1
3630,10
3631,40
3632,33
3632,37
3633,17
3633,36
3634,35
3634,38
3635,6
3637,3
3637,34
3638,8
3638,33
3638,36
3638,37
3639,5
3641,2
3641,26
3642,40
3643,21
3643,33
3643,37
3644,25
3644,35
3644,36
3644,38
3644,39
3645,12
3646,28
3647,15
3648,24
3648,31
3648,33
3648,38
3648,40
3649,37
3650,7
3650,19
3650,22
3650,36
3651,17
3652,9
3652,18
3652,33
3652,35
3653,38
3654,23
3654,40
3655,37
3658,33
3658,35
3659,13
3659,36
3660,29
3660,37
3660,38
3662,27
3662,40
3663,35
3664,33
3664,34
3666,4
3666,37
3667,40
3668,38
3668,39
3669,33
3670,37
3671,35
3671,36
3674,34
3674,37
3674,38
3675,11
3675,40
3676,33
3677,25
3678,13
3678,32
3678,37
3679,35
3680,34
3680,38
3681,14
3681,36
3681,39
3683,27
3683,37
3683,40
3684,33
3685,13
3687,17
3687,20
3687,38
3688,34
3688,35
3690,30
3690,36
3691,39
3691,40
3692,33
3692,37
3694,25
3694,38
3696,37
3697,34
3698,38
3698,40
3700,8
3700,27
3700,37
3701,33
3701,36
3702,2
3702,12
3703,38
3704,35
3705,27
3705,30
3705,34
3705,37
3706,16
3706,18
3707,33
3707,36
3707,40
3708,17
3708,26
3708,38
3709,10
3711,3
3711,13
3711,31
3711,35
3712,33
3713,19
3713,34
3714,36
3715,1
3715,27
3715,37
3715,38
3715,39
3716,23
3716,33
3717,6
3717,35
3718,22
3719,38
3720,13
3720,24
3720,32
3720,33
3720,34
3721,29
3721,37
3722,28
3723,9
3723,33
3723,40
3724,27
3725,35
3725,36
3725,38
3726,5
3727,37
3728,33
3729,34
3730,39
3731,15
3731,35
3731,38
3732,40
3733,17
3733,33
3733,36
3735,37
3736,33
3736,35
3736,39
3739,7
3739,34
3739,38
3740,33
3740,35
3741,37
3743,40
3744,33
3744,36
3745,35
3745,37
3746,30
3747,26
3748,39
3749,37
3749,38
3751,25
3751,33
3751,34
3751,40
3752,35
3753,36
3754,37
3755,39
3756,38
3757,30
3758,33
3758,40
3760,35
3760,38
3760,39
3761,34
3761,36
3762,37
3763,33
3764,21
3766,36
3766,39
3767,10
3767,35
3767,37
3768,20
3768,38
3769,18
3769,33
3770,12
3770,13
3770,27
3772,25
3772,35
3772,36
3772,40
3773,33
3773,38
3774,8
3774,34
3774,37
3774,39
3775,17
3776,16
3777,2
3777,3
3777,13
3778,33
3780,36
3781,35
3781,38
3782,14
3782,29
3782,33
3782,39
3783,37
3784,9
3786,11
3786,33
3786,36
3786,38
3787,13
3787,23
3788,40
3789,31
3789,33
3790,24
3790,37
3791,39
3792,33
3792,38
3793,36
3794,35
3795,27
3795,33
3796,34
3798,38
3799,33
3799,37
3800,4
3800,32
3800,35
3801,1
3801,39
3802,38
3803,40
3804,33
3805,28
3805,36
3805,37
3806,19
3806,38
3807,5
3807,26
3808,34
3809,7
3809,15
3809,33
3809,35
3810,37
3811,27
3812,40
3813,36
3813,38
3814,6
3814,30
3815,33
3816,25
3817,31
3818,17
3818,34
3818,36
3818,38
3819,39
3820,33
3820,35
3821,2
3821,20
3822,18
3822,37
3824,33
3825,12
3825,22
3825,35
3825,36
3825,38
3828,37
3829,25
3829,33
3831,32
3831,38
3831,39
3832,13
3832,33
3832,35
3833,34
3833,36
3834,21
3835,37
3836,33
3837,35
3838,38
3840,27
3841,37
3841,40
3842,33
3842,34
3842,36
3843,8
3844,38
3845,35
3846,17
3847,33
3849,34
3849,37
3850,38
3851,36
3852,39
3853,3
3853,33
3855,34
3856,26
3857,37
3858,29
3858,35
3859,36
3859,38
3860,33
3861,34
3862,37
3863,10
3863,38
3864,27
3865,12
3866,30
3866,36
3866,37
3867,33
3867,35
3867,38
3869,40
3870,37
3871,20
3872,5
3872,33
3872,34
3872,38
3873,36
3874,14
3874,16
3874,27
3874,37
3874,40
3876,7
3876,38
3877,17
3877,25
3878,36
3878,37
3879,9
3879,33
3879,35
3880,13
3880,15
3880,38
3880,40
3881,23
3881,34
3881,37
3881,39
3882,11
3882,24
3882,36
3883,33
3884,37
3885,38
3887,36
3888,33
3888,37
3888,40
3890,38
3891,31
3891,35
3891,39
3893,33
3893,36
3893,37
3894,18
3894,38
3896,13
3896,34
3897,25
3897,36
3898,37
3899,32
3899,33
3899,38
3901,37
3902,28
3902,34
3902,35
3902,36
3902,40
3904,1
3905,2
3905,37
3906,38
3907,6
3907,36
3908,19
3908,26
3908,33
3908,40
3911,37
3912,35
3912,36
3913,17
3913,22
3913,30
3913,38
3914,33
3914,40
3915,8
3916,36
3917,37
3917,39
3918,18
3918,21
3918,35
3918,38
3919,3
3919,40
3921,33
3921,36
3922,37
3922,38
3924,10
3924,25
3924,35
3925,36
3926,33
3926,38
3927,40
3928,37
3929,34
3930,33
3931,36
3931,38
3932,35
3933,27
3933,33
3934,25
3934,40
3935,36
3935,37
3936,38
3937,33
3938,7
3939,36
3941,29
3941,37
3942,33
3942,40
3943,36
3943,38
3946,13
3947,12
3947,33
3947,37
3948,36
3948,40
3949,35
3950,26
3950,38
3953,17
3953,27
3953,34
3954,36
3955,37
3955,38
3955,40
3956,2
3956,20
3956,33
3957,9
3957,16
3957,32
3957,39
3958,5
3958,24
3958,35
3959,13
3960,38
3961,4
3961,15
3961,34
3961,36
3961,40
3962,17
3962,23
3962,31
3962,33
3962,37
3963,27
3963,39
3964,30
3964,38
3966,36
3967,28
3968,34
3968,37
3968,38
3970,33
3971,40
3972,25
3972,26
3973,38
3975,34
3975,35
3975,36
3975,37
3976,38
3976,40
3977,33
3978,17
3980,18
3980,36
3980,38
3981,11
3982,37
3983,3
3984,38
3984,40
3985,33
3985,35
3985,36
3986,14
3987,19
3987,34
3989,6
3989,33
3989,38
3991,8
3991,27
3991,36
3992,35
3992,37
3993,32
3993,34
3994,38
3995,10
3995,25
3995,33
3995,40
3996,20
3996,37
3997,1
3997,27
3998,33
3998,36
3998,38
4000,17
4000,25
4000,35
4000,37
4002,21
4002,33
4002,38
4006,7
4006,13
4006,33
4006,37
4006,38
4008,12
4008,40
4009,27
4009,36
4010,2
4010,33
4011,30
4011,34
4011,38
4012,13
4012,35
4012,37
4014,17
4015,33
4015,38
4016,34
4016,36
4016,40
4017,31
4018,39
4020,33
4020,36
4020,37
4021,40
4023,29
4023,35
4024,37
4025,33
4026,36
4026,38
4026,40
4027,22
4028,34
4028,37
4030,33
4030,36
4030,39
4032,40
4033,37
4033,38
4035,15
4036,33
4036,35
4037,36
4039,34
4039,37
4039,38
4040,40
4041,36
4042,35
4043,5
4044,33
4045,37
4045,39
4046,40
4047,26
4047,36
4048,16
4048,25
4048,33
4048,38
4051,17
4051,35
4051,37
4053,3
4053,9
4053,33
4053,36
4054,38
4056,18
4056,37
4056,40
4057,23
4057,34
4057,36
4058,7
4059,33
4060,13
4061,10
4061,35
4061,37
4063,19
4063,24
4063,27
4063,39
4064,38
4065,30
4065,34
4065,36
4066,32
4066,37
4067,25
4067,33
4068,4
4068,14
4070,13
4070,35
4070,36
4071,8
4071,20
4071,28
4071,37
4072,27
4072,38
4072,39
4073,34
4073,40
4074,11
4074,17
4074,33
4075,1
4075,29
4077,37
4078,12
4078,38
4078,39
4079,2
4079,40
4080,36
4081,33
4082,37
4083,38
4084,36
4085,26
4085,31
4085,37
4087,21
4088,33
4089,36
4089,37
4089,40
4090,38
4091,25
4092,35
4093,33
4094,37
4094,40
4095,38
4096,36
4097,39
4098,34
4099,37
4100,33
4100,35
4102,38
4103,15
4104,40
4105,37
4107,33
4107,35
4107,36
4108,6
4109,37
4109,38
4112,13
4113,33
4113,35
4114,18
4114,37
4114,40
4115,34
4115,36
4117,17
4117,38
4117,39
4118,33
4118,37
4119,40
4120,36
4122,33
4122,35
4123,3
4124,37
4124,40
4125,39
4126,36
4128,5
4128,38
4129,35
4129,37
4130,32
4130,40
4131,33
4131,39
4132,9
4134,12
4134,13
4135,33
4135,36
4135,37
4135,38
4136,10
4137,27
4138,34
4138,39
4138,40
4139,30
4139,33
4139,35
4140,22
4141,25
4141,37
4142,13
4142,26
4143,29
4143,33
4143,38
4145,34
4145,35
4146,39
4147,7
4147,37
4148,16
4148,17
4148,36
4149,24
4150,2
4150,33
4150,38
4151,23
4152,8
4152,14
4152,36
4153,20
4153,25
4153,35
4154,21
4154,33
4154,40
4155,1
4155,37
4155,38
4156,19
4156,27
4156,31
4156,36
4156,39
4159,28
4159,33
4160,37
4161,36
4162,32
4162,38
4163,35
4164,18
4164,33
4164,39
4165,30
4165,40
4166,27
4166,37
4166,38
4167,36
4168,33
4169,15
4169,35
4170,38
4171,40
4172,27
4172,33
4172,37
4174,13
4174,17
4176,35
4176,36
4176,38
4177,33
4177,34
4178,39
4179,10
4179,37
4180,3
4180,40
4181,36
4181,38
4184,33
4184,35
4185,36
4185,37
4186,12
4187,33
4187,38
4190,36
4190,40
4191,27
4191,33
4191,34
4191,37
4192,38
4194,11
4194,17
4194,36
4196,33
4196,35
4196,38
4197,39
4199,37
4201,25
4201,36
4201,38
4202,26
4202,33
4204,34
4205,38
4206,27
4206,33
4206,37
4207,36
4207,39
4208,7
4208,35
4210,9
4210,38
4211,33
4211,40
4212,36
4213,17
4213,20
4213,24
4214,32
4214,37
4215,2
4215,6
4215,33
4215,36
4215,39
4216,5
4216,13
4216,38
4219,27
4219,36
4219,37
4220,25
4221,28
4221,33
4221,38
4222,4
4222,31
4223,35
4224,16
4224,30
4224,36
4225,23
4225,33
4225,34
4225,37
4225,40
4226,18
4227,26
4227,36
4227,38
4228,22
4228,39
4229,8
4230,33
4230,38
4231,1
4231,37
4232,35
4234,36
4234,38
4235,3
4235,21
4235,33
4236,27
4236,34
4238,10
4239,29
4239,36
4239,37
4240,14
4240,38
4240,39
4241,12
4241,33
4242,40
4243,35
4244,25
4245,38
4246,19
4246,33
4246,36
4246,37
4246,39
4250,15
4250,38
4251,34
4251,40
4252,36
4254,37
4254,39
4255,33
4255,35
4256,38
4256,40
4260,33
4260,34
4261,13
4261,36
4262,38
4263,37
4263,40
4264,33
4266,38
4267,36
4268,37
4268,39
4269,33
4269,34
4270,38
4271,40
4274,33
4274,35
4274,37
4274,38
4277,36
4278,33
4278,37
4279,34
4279,38
4281,36
4283,25
4283,33
4283,37
4284,2
4285,32
4285,38
4286,7
4286,27
4286,36
4288,17
4288,35
4288,37
4289,13
4289,38
4290,11
4290,25
4290,33
4290,40
4292,16
4293,3
4293,32
4293,36
4293,37
4293,38
4294,5
4294,9
4294,33
4295,18
4295,31
4295,34
4296,35
4297,10
4297,26
4297,36
4298,23
4298,33
4298,37
4298,40
4299,8
4299,22
4299,30
4300,12
4300,27
4300,28
4300,38
4300,39
4302,20
4302,24
4302,36
4302,37
4303,17
4303,33
4304,1
4304,38
4306,36
4307,37
4307,40
4308,19
4309,25
4309,38
4310,33
4311,21
4312,36
4312,37
4315,6
4315,27
4315,38
4316,34
4316,35
4318,15
4318,37
4318,40
4319,30
4320,13
4320,33
4320,36
4321,4
4321,38
4325,37
4326,40
4327,36
4327,39
4329,33
4329,37
4331,29
4331,35
4331,38
4334,34
4334,37
4335,33
4335,40
4338,32
4338,36
4339,25
4340,37
4341,13
4341,38
4341,39
4342,33
4343,36
4344,17
4344,40
4346,34
4346,37
4347,27
4347,38
4347,39
4348,33
4349,14
4349,36
4350,2
4351,37
4351,38
4352,20
4352,35
4353,24
4355,33
4355,36
4356,12
4357,37
4357,38
4358,16
4358,39
4359,7
4360,33
4360,36
4361,25
4361,26
4362,38
4363,13
4363,23
4363,37
4364,5
4364,17
4364,18
4364,31
4364,36
4365,3
4365,38
4365,40
4366,9
4366,34
4367,10
4367,30
4367,33
4367,36
4367,37
4368,35
4369,19
4369,27
4370,38
4370,39
4371,36
4371,37
4372,40
4374,8
4374,34
4374,37
4375,33
4376,36
4376,38
4378,35
4378,37
4379,28
4380,36
4382,32
4382,37
4385,30
4385,33
4385,36
4386,37
4386,38
4386,40
4389,36
4390,11
4392,13
4392,33
4393,37
4394,35
4394,36
4395,1
4395,21
4395,34
4395,38
4396,39
4397,37
4399,33
4400,38
4402,35
4402,37
4403,36
4405,12
4406,6
4406,38
4406,40
4407,34
4407,37
4409,36
4410,25
4410,26
4410,33
4410,39
4412,17
4412,27
4412,38
4414,35
4414,37
4415,2
4415,36
4416,38
4417,3
4417,13
4418,29
4418,32
4418,40
4420,20
4420,33
4420,36
4420,37
4421,15
4421,38
4422,9
4422,35
4425,7
4425,34
4425,40
4426,24
4426,36
4426,37
4427,18
4427,38
4429,22
4429,33
4429,35
4430,13
4430,14
4430,27
4432,37
4432,38
4434,25
4434,40
4435,27
4435,34
4436,10
4436,17
4436,37
4438,33
4438,35
4438,36
4438,38
4439,12
4440,37
4440,39
4441,16
4442,31
4442,33
4442,38
4444,36
4446,23
4446,38
4447,33
4448,8
4449,36
4449,37
4450,35
4451,33
4452,38
4452,40
4455,21
4455,37
4456,33
4456,35
4457,5
4457,38
4458,4
4458,34
4458,36
4458,40
4459,26
4460,33
4461,30
4462,37
4462,39
4463,28
4463,36
4464,19
4464,38
4465,33
4466,34
4466,35
4468,40
4469,33
4469,37
4470,13
4470,36
4471,38
4473,33
4474,35
4475,3
4476,33
4476,38
4477,37
4478,36
4478,39
4479,20
4479,34
4480,33
4480,40
4481,27
4482,6
4482,37
4483,33
4483,38
4486,25
4487,2
4487,32
4487,33
4487,34
4487,35
4487,36
4488,13
4488,38
4490,17
4490,29
4490,37
4490,39
4491,1
4491,18
4491,33
4493,16
4494,11
4494,38
4494,40
4496,26
4496,36
4497,23
4497,33
4498,14
4498,35
4498,37
4499,10
4501,30
4501,39
4502,33
4502,36
4503,9
4503,38
4504,7
4504,15
4504,31
4505,34
4506,37
4507,12
4507,22
4507,33
4507,36
4507,40
4509,38
4510,24
4511,17
4512,33
4512,35
4513,27
4513,32
4513,36
4513,37
4515,39
4516,38
4519,33
4522,36
4522,40
4523,27
4524,35
4525,33
4525,39
4526,34
4527,38
4530,8
4530,37
4531,25
4531,33
4533,20
4534,21
4534,30
4534,34
4534,38
4535,36
4535,40
4537,33
4537,37
4539,18
4541,19
4541,35
4542,36
4543,38
4543,40
4544,13
4544,37
4545,5
4545,33
4546,4
4546,34
4547,39
4548,36
4548,40
4551,33
4551,37
4552,12
4552,38
4554,35
4554,36
4554,40
4555,37
4556,33
4558,2
4558,17
4559,25
4560,27
4560,34
4560,37
4561,15
4561,33
4563,36
4563,38
4563,40
4564,26
4564,35
4564,39
4565,7
4565,22
4565,33
4566,3
4566,27
4566,37
4567,6
4567,10
4567,24
4568,28
4569,1
4569,29
4569,33
4569,38
4570,16
4570,23
4570,27
4570,31
4570,32
4571,30
4571,34
4571,36
4571,37
4572,9
4572,13
4572,33
4572,35
4572,40
4573,17
4574,14
4575,18
4575,20
4576,33
4576,36
4576,38
4579,25
4579,27
4579,35
4580,13
4580,33
4580,37
4581,38
4582,40
4583,33
4584,34
4584,39
4586,27
4587,33
4589,37
4589,38
4590,36
4592,12
4592,33
4592,40
4593,34
4595,35
4597,33
4597,36
4597,39
4598,37
4599,38
4602,36
4603,33
4604,34
4604,37
4604,38
4605,40
4607,36
4608,33
4610,37
4611,35
4612,38
4614,34
4615,33
4615,36
4616,8
4616,13
4616,37
4616,40
4617,21
4618,38
4618,39
4619,25
4620,11
4620,33
4622,34
4622,36
4623,37
4623,38
4625,10
4625,29
4626,20
4626,33
4626,36
4627,27
4628,12
4628,17
4628,25
4628,38
4629,3
4629,36
4630,35
4631,2
4631,15
4631,16
4631,30
4631,33
4631,37
4632,32
4632,38
4634,26
4634,36
4635,18
4635,19
4635,22
4635,27
4636,5
4636,31
4637,37
4637,38
4638,6
4638,9
4638,13
4638,24
4638,33
4638,35
4638,36
4639,17
4639,28
4639,30
4639,40
4640,23
4640,34
4642,32
4642,36
4642,38
4643,4
4643,37
4644,7
4644,40
4645,1
4645,13
4645,35
4645,39
4646,27
4646,33
4646,36
4648,38
4649,37
4651,25
4652,36
4654,33
4654,37
4655,38
4657,35
4660,14
4660,33
4660,40
4661,37
4663,36
4665,34
4665,38
4666,39
4667,35
4667,37
4669,33
4673,37
4673,38
4674,33
4675,35
4676,26
4676,36
4677,17
4678,40
4680,37
4681,3
4681,36
4681,38
4682,30
4682,33
4682,34
4682,35
4684,39
4685,36
4685,37
4686,5
4686,33
4689,37
4690,15
4690,34
4690,36
4690,38
4691,33
4691,35
4691,40
4692,25
4694,17
4695,7
4695,33
4696,13
4696,29
4696,36
4698,37
4699,34
4699,38
4699,39
4701,27
4701,33
4702,18
4703,8
4704,11
4704,25
4705,33
4705,36
4706,20
4706,32
4706,38
4706,39
4707,12
4708,10
4708,21
4708,37
4710,33
4710,34
4710,36
4711,35
4712,24
4713,2
4713,26
4713,28
4713,38
4714,31
4715,16
4715,33
4715,37
4716,9
4716,22
4717,6
4717,27
4717,36
4718,35
4718,40
4719,13
4719,30
4720,19
4720,38
4721,1
4721,33
4721,37
4722,39
4723,23
4723,34
4725,36
4725,38
4727,33
4730,40
4731,38
4732,33
4733,35
4735,39
4736,36
4736,37
4737,33
4740,38
4744,33
4744,36
4744,38
4745,37
4745,40
4749,4
4749,25
4749,37
4749,38
4750,17
4751,33
4751,35
4752,36
4753,40
4754,37
4755,38
4756,14
4758,13
4758,33
4758,34
4759,3
4759,32
4759,38
4760,29
4760,35
4760,37
4760,39
4762,27
4762,36
4763,20
4763,38
4764,17
4765,18
4766,12
4766,36
4767,37
4768,2
4768,25
4768,35
4768,38
4769,23
4770,33
4770,36
4771,26
4772,10
4772,38
4773,8
4774,5
4774,37
4774,39
4775,18
4775,33
4776,9
4776,21
4776,38
4777,25
4777,36
4778,16
4778,40
4779,31
4780,34
4780,35
4780,38
4781,13
4781,33
4781,36
4782,7
4782,12
4782,30
4783,37
4783,38
4784,33
4785,36
4787,38
4789,33
4789,37
4791,24
4791,36
4791,40
4792,19
4794,33
4794,38
4796,36
4797,11
4797,20
4797,27
4797,37
4798,33
4800,15
4800,28
4800,38
4802,36
4802,37
4802,40
4803,30
4803,33
4803,35
4804,6
4805,27
4805,38
4806,33
4806,34
4807,1
4807,39
4809,3
4809,37
4810,33
4811,36
4811,38
4813,25
4814,26
4814,33
4815,35
4815,37
4816,27
4817,33
4817,34
4817,38
4820,17
4821,30
4821,33
4822,36
4823,13
4823,14
4824,16
4824,37
4824,38
4825,29
4825,32
4825,33
4825,39
4826,22
4826,36
4827,31
4828,34
4829,2
4829,17
4829,37
4830,33
4830,36
4830,38
4834,9
4834,35
4834,37
4835,36
4836,33
4836,34
4836,38
4837,40
4839,10
4840,37
4841,33
4841,39
4842,36
4842,38
4843,40
4845,12
4845,25
4846,34
4846,38
4847,37
4848,33
4848,36
4849,8
4849,24
4849,40
4852,35
4852,37
4852,38
4853,17
4854,5
4854,33
4854,39
4855,40
4856,7
4857,37
4857,38
4859,33
4860,21
4861,18
4861,23
4862,40
4863,13
4863,35
4863,36
4863,37
4864,34
4864,38
4864,39
4868,27
4868,33
4869,20
4870,19
4871,37
4871,38
4871,40
4872,36
4873,39
4874,32
4875,12
4875,13
4875,33
4876,37
4877,35
4878,11
4878,27
4878,30
4878,38
4879,34
4879,40
4880,33
4880,36
4881,4
4882,3
4882,15
4882,37
4882,38
4883,10
4884,28
4885,35
4885,36
4886,38
4887,1
4887,33
4887,40
4888,25
4889,6
4889,37
4890,26
4890,29
4890,38
4891,33
4892,13
4893,22
4893,34
4893,36
4894,18
4895,37
4895,38
4896,2
4896,35
4896,39
4897,33
4897,40
4898,14
4898,27
4899,38
4900,17
4900,31
4902,33
4903,24
4903,25
4903,37
4903,38
4904,16
4904,23
4905,36
4906,34
4906,38
4906,40
4907,33
4908,17
4910,38
4911,32
4911,37
4911,39
4912,36
4915,33
4915,38
4916,35
4917,9
4918,30
4918,37
4918,38
4918,39
4919,33
4920,34
4920,40
4922,38
4923,36
4925,33
4925,37
4927,38
4928,20
4928,36
4929,25
4929,33
4929,37
4929,39
4930,26
4931,38
4932,36
4933,21
4933,33
4933,37
4934,35
4936,12
4936,36
4936,40
4937,19
4937,38
4938,30
4938,33
4938,37
4939,39
4940,8
4940,34
4940,36
4941,27
4941,33
4942,13
4943,38
4944,37
4945,33
4945,39
4946,36
4949,37
4949,38
4950,2
4950,17
4950,33
4950,34
4952,36
4953,27
4954,11
4955,7
4956,15
4956,33
4957,37
4957,38
4958,36
4959,3
4960,10
4960,16
4960,39
4960,40
4961,25
4961,33
4961,35
4962,36
4962,37
4962,38
4963,6
4964,31
4965,5
4965,29
4966,33
4966,37
4967,36
4968,18
4968,34
4968,39
4968,40
4970,35
4970,37
4971,33
4971,36
4973,13
4973,26
4974,36
4974,37
4976,28
4976,33
4977,37
4978,38
4979,36
4979,39
4981,1
4981,33
4981,35
4981,40
4982,12
4982,37
4983,17
4983,38
4985,13
4985,36
4986,33
4986,37
4987,38
4989,36
4990,32
4990,37
4990,40
4992,33
4992,34
4992,35
4992,38
4993,19
4993,24
4994,37
4996,13
4996,36
4996,40
4997,9
4997,27
4998,33
4999,37
4999,38
5000,36
