8,26
9,5
9,20
9,38
10,1
10,4
10,16
10,32
10,34
11,2
11,10
11,11
11,15
11,17
11,28
11,30
11,31
11,35
11,37
11,40
12,3
12,8
12,19
12,21
12,22
12,33
13,6
13,7
13,9
13,14
13,18
13,23
13,24
13,27
13,29
14,13
14,25
14,36
14,37
14,38
14,39
15,12
15,16
15,40
16,5
16,19
16,34
17,22
17,28
17,33
18,32
19,34
19,37
20,2
20,36
20,39
21,25
22,35
25,34
25,36
25,37
27,39
29,35
30,36
31,37
35,33
35,34
35,38
36,35
37,36
37,39
40,37
42,36
44,4
44,35
45,33
45,38
46,34
46,39
48,36
48,37
51,38
52,39
53,37
55,36
57,16
58,35
59,39
60,33
60,37
61,29
61,38
63,36
65,39
66,5
66,19
67,6
67,37
69,2
69,36
70,33
70,34
71,12
71,35
71,37
71,40
73,18
73,27
73,39
74,24
75,23
75,36
75,38
76,13
76,30
76,33
76,37
77,22
78,25
79,34
79,40
80,36
82,26
82,39
83,21
83,37
83,38
84,1
84,3
84,35
84,36
87,39
88,9
88,22
88,31
88,33
88,36
88,37
89,10
91,5
91,38
92,14
92,36
92,39
93,7
93,11
93,15
93,16
94,20
95,8
96,17
96,19
96,36
96,37
96,39
97,2
97,32
97,33
97,40
98,25
98,28
98,38
99,5
100,34
100,37
100,39
101,36
102,29
104,33
105,13
105,38
106,37
107,4
107,36
107,39
107,40
110,37
111,33
113,39
114,36
114,37
115,35
116,40
117,33
119,37
120,39
121,34
122,38
122,40
124,6
124,36
124,37
125,39
126,33
129,36
129,37
129,40
130,39
131,12
133,35
133,37
133,38
134,34
135,5
135,33
136,36
136,39
138,37
138,40
139,27
139,34
142,36
142,37
143,24
143,34
143,39
144,35
145,33
146,16
147,25
147,36
147,37
147,40
148,39
149,34
151,37
152,18
152,38
154,30
154,34
154,35
155,37
156,22
156,33
157,36
157,38
158,39
159,1
160,3
160,23
160,37
161,33
162,7
162,36
164,11
164,37
164,39
165,9
165,40
166,20
167,36
168,33
168,34
168,37
169,5
169,14
170,29
170,38
171,16
172,2
172,31
172,39
173,19
173,33
173,34
173,36
173,37
175,5
175,21
175,25
175,28
176,26
176,40
177,10
178,4
179,13
179,15
179,38
180,19
180,33
180,34
180,36
180,39
181,37
182,18
182,35
183,17
185,32
185,36
186,37
188,33
189,16
189,35
189,39
190,36
190,38
191,34
193,12
193,37
196,35
197,33
197,36
198,22
198,34
198,37
199,8
201,6
202,35
202,36
202,37
204,39
206,36
206,37
209,34
210,33
210,37
211,7
211,27
211,36
213,35
214,36
214,38
215,37
217,36
217,39
219,38
220,2
220,23
220,35
221,37
222,33
222,34
222,36
223,29
226,5
226,36
227,40
228,25
229,16
229,37
229,38
231,33
231,36
231,39
233,35
235,24
235,36
236,34
238,1
238,21
238,37
238,40
239,4
239,36
240,33
240,38
240,39
241,30
242,36
244,37
245,19
246,18
246,25
246,36
246,38
248,35
248,37
248,39
249,34
250,36
252,38
254,13
254,37
254,40
255,19
255,33
255,36
256,39
258,12
258,26
259,5
259,37
260,15
260,36
262,14
263,9
263,22
263,31
263,33
263,35
263,38
263,39
263,40
264,37
265,2
265,5
265,6
265,20
265,28
265,34
265,36
266,3
266,11
269,8
269,39
270,10
270,22
270,27
270,34
270,36
270,37
271,16
271,17
271,29
271,32
271,38
272,23
273,33
273,35
274,34
274,36
275,5
275,37
277,39
278,7
278,36
280,37
282,36
283,25
283,34
284,35
284,38
285,33
285,37
286,39
287,36
288,34
291,16
292,36
292,37
296,33
296,36
297,38
297,39
298,2
298,35
299,5
299,34
300,37
301,19
301,36
304,24
304,35
304,40
306,36
308,5
308,34
308,37
309,33
312,4
312,28
313,36
313,38
313,39
314,35
315,1
316,12
316,37
318,34
319,33
320,36
321,21
322,16
322,35
322,40
323,25
323,37
324,22
325,18
325,20
325,33
325,39
326,36
328,37
329,5
329,19
329,26
330,11
330,30
331,2
331,33
332,13
332,36
332,37
332,40
333,34
334,3
334,5
334,10
334,19
334,22
334,23
334,39
335,31
335,38
337,29
337,37
338,15
338,27
338,36
339,6
339,22
339,35
340,34
340,37
341,33
342,36
342,40
343,32
343,39
344,37
347,36
348,38
349,33
350,36
350,37
351,39
352,40
353,5
354,36
355,37
356,35
357,9
358,40
359,33
359,34
359,36
360,38
361,14
361,39
362,37
363,7
365,33
366,36
366,37
366,40
368,12
368,39
371,36
371,37
372,8
372,25
372,33
372,40
373,35
375,36
376,39
377,19
379,37
379,40
381,5
382,36
383,33
385,37
386,30
387,34
387,36
387,39
388,35
388,38
389,16
390,2
390,33
390,37
391,24
391,40
393,13
393,18
393,28
393,34
393,36
394,4
394,35
395,1
395,37
398,5
398,17
398,25
398,38
398,39
399,3
399,34
399,37
400,16
401,19
401,32
401,33
401,35
402,12
402,15
402,37
403,36
404,11
404,23
404,34
405,6
405,37
405,38
406,39
407,31
407,36
407,40
409,27
409,34
409,35
409,37
410,22
410,29
411,36
412,20
413,26
413,37
413,39
414,33
414,34
415,5
415,35
415,36
416,38
417,2
418,37
419,34
420,7
420,35
420,36
422,39
423,37
425,21
425,36
426,35
428,34
429,10
429,33
430,4
431,36
431,37
433,22
433,35
435,39
436,14
436,16
436,34
438,33
438,36
439,35
440,37
440,40
441,38
442,8
444,34
444,36
445,35
445,37
446,13
446,39
449,37
450,19
450,35
451,36
451,38
452,33
452,39
453,34
454,37
456,24
459,33
459,37
459,39
461,34
461,36
461,40
462,25
462,35
462,38
463,32
463,37
465,22
465,39
466,18
466,33
467,34
467,36
468,5
468,35
468,37
469,15
471,2
472,28
472,33
473,20
473,34
473,37
474,27
474,39
475,40
476,1
476,36
477,11
477,30
478,23
478,33
478,35
478,37
479,29
479,38
480,34
481,3
481,22
481,36
481,39
482,16
483,35
484,9
486,37
487,6
487,26
489,10
489,34
490,7
490,12
490,19
490,33
490,35
490,36
492,37
492,39
493,5
493,17
493,38
495,4
495,34
496,33
498,36
498,37
500,40
501,31
502,34
502,39
503,5
504,35
504,36
505,2
505,21
506,25
506,33
506,37
508,34
508,39
510,19
510,36
511,35
512,37
513,33
516,36
517,8
517,34
517,37
518,39
519,38
521,25
522,37
523,33
523,36
523,39
524,35
525,34
527,32
528,39
529,36
529,37
530,34
531,12
532,14
532,22
533,35
533,39
534,34
534,36
534,38
535,33
536,24
536,37
537,29
539,16
539,34
539,36
539,40
540,33
540,37
540,39
541,27
542,5
543,13
544,34
544,37
546,28
546,36
546,40
547,30
548,38
549,2
549,18
549,34
549,37
550,26
550,39
551,33
552,11
553,1
553,37
554,36
556,25
557,34
557,39
557,40
558,37
559,35
560,36
560,38
562,7
562,9
562,19
563,33
564,37
565,39
566,4
566,20
566,34
566,40
567,15
567,36
569,5
569,23
569,37
570,6
570,35
571,10
571,16
572,34
572,39
572,40
574,12
574,17
574,22
574,24
574,38
575,3
575,36
575,37
576,33
580,34
581,39
581,40
582,36
583,35
583,37
584,38
587,39
589,36
589,38
589,40
590,35
590,37
591,34
593,8
594,21
594,33
594,36
597,32
597,38
598,39
599,35
600,4
600,5
600,33
600,36
601,25
601,37
601,40
603,19
605,29
605,34
605,36
605,38
606,31
607,2
607,12
608,16
608,33
608,37
610,35
610,39
610,40
611,22
611,27
611,38
612,13
612,36
614,18
614,28
614,37
615,7
616,1
616,34
616,35
618,14
618,33
618,38
619,11
619,37
619,39
620,36
624,34
625,26
625,35
627,5
627,38
627,39
628,33
628,36
629,40
630,22
630,37
631,34
632,35
633,2
633,10
636,5
636,23
636,30
637,37
638,35
638,36
639,20
639,22
639,34
639,40
640,16
641,37
641,38
642,33
644,35
645,29
645,39
646,37
649,33
649,36
651,35
652,34
653,6
653,37
653,39
656,15
657,35
657,36
658,9
659,37
659,40
660,12
660,34
660,38
662,24
664,25
664,35
665,17
665,33
665,36
665,37
665,39
666,27
667,34
669,39
670,37
670,38
671,32
671,36
672,21
672,40
675,34
675,39
676,28
676,35
677,37
678,26
678,36
681,2
682,13
682,37
682,39
682,40
685,34
685,36
685,38
686,18
686,33
687,19
688,5
690,34
690,35
690,39
692,4
692,37
693,3
694,7
694,10
694,33
695,1
695,16
695,36
696,31
697,6
697,23
697,34
697,37
698,14
698,25
699,11
699,20
699,36
699,39
700,22
700,40
701,12
701,33
701,35
701,37
701,38
703,2
703,29
704,27
704,36
704,39
707,8
707,30
707,33
707,37
708,34
709,32
709,39
710,36
710,38
710,40
711,5
716,37
717,34
718,15
718,33
718,36
719,28
719,39
720,37
721,19
722,13
722,24
722,36
723,35
724,37
724,38
725,16
726,34
726,36
726,40
729,37
729,39
731,25
732,22
732,33
732,36
733,35
733,38
735,17
735,39
736,34
736,36
736,37
737,40
740,33
740,37
741,36
741,38
741,39
744,34
744,37
745,39
746,33
747,35
748,36
750,34
750,37
750,39
751,38
754,33
754,36
755,37
756,39
756,40
757,21
757,34
758,37
759,22
759,36
761,4
761,27
761,33
762,37
763,19
763,39
764,2
764,34
765,5
765,18
765,25
765,31
765,36
766,16
766,23
766,37
767,1
768,38
768,40
769,7
769,28
770,3
770,9
770,12
770,16
770,20
770,34
770,36
770,37
770,39
771,6
772,11
772,25
772,33
772,35
773,2
773,14
773,37
774,15
774,26
774,36
774,39
775,5
776,29
776,37
776,38
777,13
778,33
778,36
780,24
780,32
780,34
780,37
780,39
781,35
781,36
781,40
784,39
785,33
785,36
785,37
788,39
790,36
791,37
794,30
794,35
794,38
794,39
794,40
795,36
796,33
797,34
797,37
799,36
799,39
803,35
804,36
804,39
805,33
805,34
805,37
806,25
807,36
807,38
808,39
811,36
812,34
812,35
813,5
813,39
815,4
815,33
815,37
816,10
816,19
816,36
816,38
817,34
818,27
821,34
821,38
821,39
822,36
822,37
826,23
826,38
826,39
827,33
828,16
828,35
828,36
829,8
829,37
830,39
831,34
832,36
833,2
833,38
834,22
836,18
836,37
836,39
837,7
837,33
838,29
839,36
840,13
841,1
841,34
841,37
842,5
842,38
842,39
842,40
844,16
847,25
847,26
847,38
848,24
848,39
849,28
849,35
849,36
850,17
850,37
850,40
851,3
851,19
852,38
853,5
853,12
853,32
853,34
854,11
854,33
854,39
855,30
855,37
856,14
856,35
858,6
858,15
858,21
858,31
858,36
859,34
859,37
859,38
859,39
860,40
862,33
864,22
865,36
865,37
865,38
866,34
869,33
869,39
870,20
870,35
871,36
874,37
875,33
877,36
877,39
878,37
879,34
881,38
882,33
883,37
884,39
885,25
885,36
889,35
889,39
890,5
890,36
890,37
890,38
891,2
892,9
892,33
893,10
893,18
894,19
894,37
895,34
896,35
897,27
897,38
898,4
898,33
899,37
899,39
900,28
900,34
900,36
901,16
904,33
904,35
905,37
905,38
906,13
906,34
906,39
907,36
908,24
909,33
910,37
910,38
911,34
911,39
911,40
914,33
914,35
915,36
916,37
916,39
917,34
918,38
919,7
920,36
922,34
922,35
923,6
923,12
923,33
923,37
925,16
926,1
926,23
926,36
927,32
927,37
927,39
928,22
928,34
929,25
930,16
930,35
930,36
931,5
931,40
932,8
932,29
932,37
932,39
933,11
933,15
933,33
933,38
934,3
934,26
934,36
935,5
935,34
936,37
937,17
938,35
938,40
940,2
940,31
941,33
941,36
941,39
942,20
942,37
943,19
943,28
943,30
943,34
945,33
945,38
945,40
946,36
948,4
948,34
948,37
949,39
950,35
951,14
952,33
952,36
954,39
955,37
956,21
956,27
957,36
957,38
958,34
961,33
961,35
962,37
962,39
963,36
967,37
967,39
968,6
969,36
970,35
972,16
972,33
972,38
973,22
973,39
974,24
975,12
975,34
975,36
976,10
977,7
977,23
977,25
977,37
978,39
979,2
979,36
979,40
981,35
982,18
982,36
982,37
982,38
983,13
983,29
984,33
985,19
985,36
985,39
987,37
988,16
989,36
989,39
991,5
992,35
993,34
994,9
994,32
994,33
994,36
994,37
994,39
997,19
997,38
999,36
1000,37
1000,39
1003,1
1003,5
1004,39
1004,40
1005,33
1005,36
1005,38
1006,34
1006,37
1009,15
1009,39
1010,37
1012,33
1012,36
1014,35
1015,40
1016,11
1016,37
1016,39
1017,4
1019,36
1020,5
1020,26
1020,33
1020,37
1021,30
1021,35
1022,14
1022,34
1022,38
1023,7
1023,40
1024,37
1025,19
1025,31
1025,36
1025,39
1027,20
1027,25
1027,33
1028,12
1028,34
1028,38
1029,36
1029,37
1031,16
1031,33
1032,35
1034,18
1034,36
1034,39
1035,34
1035,37
1036,21
1037,13
1037,33
1037,38
1039,37
1040,36
1041,3
1041,34
1041,39
1042,2
1042,22
1044,33
1044,37
1046,36
1047,6
1047,27
1047,28
1047,29
1047,35
1047,40
1048,37
1049,24
1049,33
1051,36
1051,39
1052,22
1052,34
1052,37
1053,40
1054,16
1055,38
1056,17
1056,33
1056,37
1057,8
1058,5
1058,36
1059,39
1060,37
1061,25
1062,23
1062,34
1062,38
1063,39
1064,32
1064,36
1065,35
1066,33
1066,37
1068,39
1069,1
1071,33
1072,36
1072,37
1072,40
1073,34
1073,39
1074,35
1074,38
1077,19
1077,37
1078,33
1078,36
1078,39
1080,34
1084,35
1084,37
1084,39
1085,12
1085,33
1085,36
1086,15
1086,38
1089,37
1090,36
1092,39
1093,28
1093,33
1093,34
1094,38
1094,40
1095,5
1096,36
1097,2
1098,33
1099,10
1099,21
1099,22
1099,25
1099,37
1101,20
1101,29
1101,36
1101,39
1102,5
1102,33
1102,38
1104,4
1104,6
1104,9
1104,11
1104,27
1105,7
1105,16
1105,35
1105,40
1106,18
1106,34
1106,36
1107,19
1107,23
1107,31
1107,33
1107,37
1108,14
1108,24
1108,26
1108,39
1109,12
1110,22
1110,36
1110,38
1111,30
1111,33
1111,37
1111,40
1112,5
1113,2
1113,36
1114,13
1115,17
1116,37
1117,33
1117,36
1117,39
1118,34
1119,35
1120,40
1121,36
1122,37
1124,36
1125,38
1126,33
1127,32
1128,36
1129,35
1129,37
1129,39
1132,36
1133,3
1133,33
1135,37
1137,35
1138,34
1138,36
1138,40
1139,39
1141,37
1142,33
1143,36
1144,4
1144,25
1145,35
1145,38
1147,36
1150,1
1150,34
1150,35
1150,37
1150,39
1151,19
1152,36
1154,16
1154,33
1154,37
1156,8
1156,35
1156,39
1157,36
1158,34
1159,37
1160,27
1162,38
1162,39
1163,37
1164,33
1164,35
1164,36
1166,6
1166,34
1166,39
1169,35
1169,36
1171,37
1172,39
1173,7
1173,22
1175,18
1176,12
1176,26
1176,30
1176,36
1177,10
1177,11
1177,15
1177,37
1178,25
1178,29
1178,34
1178,35
1178,38
1178,40
1179,33
1179,39
1180,31
1181,36
1183,37
1184,2
1184,5
1184,34
1184,39
1185,16
1185,28
1186,19
1187,13
1187,21
1188,37
1189,24
1189,32
1189,33
1190,34
1190,35
1190,36
1190,39
1190,40
1193,37
1194,36
1195,23
1197,20
1197,35
1198,34
1198,37
1199,36
1199,39
1200,17
1201,33
1201,38
1204,35
1204,36
1204,37
1205,9
1205,16
1205,34
1205,39
1208,37
1210,36
1211,34
1211,35
1212,37
1213,25
1215,3
1215,36
1215,39
1216,38
1217,1
1217,14
1217,37
1218,33
1218,35
1219,34
1220,12
1220,36
1220,37
1222,22
1222,39
1224,8
1225,37
1227,40
1228,7
1228,36
1229,4
1229,5
1229,37
1230,11
1230,34
1230,39
1231,2
1231,33
1231,38
1234,19
1234,26
1234,36
1234,37
1237,5
1237,18
1238,36
1238,37
1239,15
1239,39
1239,40
1240,31
1240,33
1240,34
1241,28
1241,37
1242,16
1242,36
1242,38
1243,6
1244,37
1245,27
1245,34
1246,36
1248,37
1249,22
1249,32
1250,39
1251,25
1251,29
1251,34
1251,36
1251,37
1252,30
1252,33
1253,35
1254,36
1254,38
1255,37
1257,39
1258,37
1259,12
1260,36
1261,35
1262,33
1262,37
1263,34
1264,20
1264,36
1264,39
1268,36
1269,37
1270,10
1270,33
1270,38
1271,23
1271,35
1272,39
1273,37
1275,36
1276,13
1276,34
1277,33
1277,35
1278,37
1279,40
1282,33
1282,36
1283,34
1284,37
1286,36
1287,16
1287,21
1287,33
1288,39
1289,36
1289,37
1292,4
1293,2
1293,3
1293,18
1293,19
1293,33
1293,36
1294,35
1295,24
1295,34
1295,37
1295,39
1296,9
1297,5
1297,14
1297,33
1297,36
1297,38
1298,25
1298,27
1300,28
1301,1
1301,34
1301,35
1301,37
1301,39
1302,36
1303,16
1303,33
1303,38
1304,22
1305,15
1306,6
1307,7
1307,36
1307,37
1309,33
1309,35
1309,39
1312,11
1312,17
1312,32
1312,36
1312,37
1312,38
1313,40
1315,33
1315,39
1316,29
1316,34
1316,37
1317,36
1319,35
1320,37
1320,38
1321,36
1322,33
1325,37
1327,34
1327,36
1328,39
1330,5
1331,19
1331,35
1331,37
1331,40
1332,33
1332,36
1334,26
1337,38
1338,36
1338,37
1339,34
1339,35
1341,12
1341,31
1341,33
1342,8
1343,39
1344,36
1345,2
1345,22
1345,40
1346,25
1346,37
1347,5
1348,34
1348,35
1349,36
1349,39
1350,30
1351,16
1352,37
1352,38
1354,33
1355,13
1355,36
1356,39
1357,18
1357,24
1358,1
1359,4
1359,33
1359,37
1361,36
1361,40
1362,10
1362,25
1362,35
1363,3
1363,7
1363,20
1363,28
1363,34
1364,38
1364,39
1365,33
1366,16
1366,23
1367,22
1367,36
1368,27
1368,35
1369,6
1369,37
1369,39
1370,11
1371,34
1371,36
1372,33
1373,5
1373,32
1373,38
1373,39
1373,40
1375,37
1376,12
1376,15
1376,36
1377,29
1377,34
1379,39
1380,37
1381,33
1381,35
1381,36
1381,38
1381,40
1383,19
1383,21
1385,39
1386,34
1387,14
1388,33
1388,35
1389,37
1389,38
1390,36
1392,34
1392,39
1393,33
1394,37
1395,35
1397,36
1397,39
1398,5
1400,33
1400,37
1402,34
1402,35
1403,2
1403,39
1405,36
1405,37
1405,40
1406,33
1408,39
1412,9
1412,35
1412,37
1413,12
1413,25
1413,40
1414,33
1414,38
1414,39
1415,16
1415,34
1415,36
1418,37
1419,18
1419,24
1420,33
1421,1
1421,39
1423,17
1423,36
1423,37
1424,13
1425,16
1425,35
1425,40
1426,33
1426,39
1427,30
1427,32
1427,34
1427,38
1428,25
1428,26
1428,36
1428,37
1429,22
1431,5
1432,33
1432,37
1432,38
1432,39
1433,28
1434,27
1434,34
1434,36
1435,8
1437,37
1439,11
1439,33
1439,39
1440,31
1440,36
1441,23
1442,7
1442,37
1442,38
1443,5
1443,19
1444,2
1444,35
1445,40
1446,37
1446,39
1448,34
1449,29
1450,15
1450,36
1451,33
1451,37
1452,10
1454,4
1455,35
1456,6
1456,34
1456,36
1456,37
1458,39
1459,3
1459,12
1459,20
1460,14
1460,22
1461,21
1461,37
1462,38
1463,33
1463,35
1463,36
1463,39
1463,40
1464,34
1466,11
1467,39
1468,36
1468,37
1469,38
1472,36
1473,39
1474,37
1476,36
1477,38
1478,5
1478,34
1479,19
1479,39
1481,35
1481,37
1482,33
1483,36
1486,37
1486,39
1487,2
1488,35
1489,13
1489,36
1491,18
1491,33
1491,37
1492,39
1493,40
1494,16
1494,28
1495,24
1495,34
1495,37
1495,38
1496,1
1496,25
1497,5
1497,36
1500,32
1500,35
1501,26
1501,34
1501,39
1502,30
1502,37
1502,38
1504,17
1505,9
1505,36
1506,40
1508,27
1508,37
1508,38
1509,8
1509,39
1510,22
1510,29
1510,33
1511,23
1512,36
1513,5
1513,34
1513,37
1514,38
1515,16
1516,2
1516,19
1516,31
1516,39
1517,4
1519,38
1520,34
1520,37
1521,7
1521,19
1521,33
1521,36
1521,40
1522,12
1522,35
1526,36
1526,39
1527,21
1527,25
1528,10
1528,34
1528,35
1529,6
1529,37
1529,38
1531,33
1531,36
1531,39
1532,15
1534,37
1535,36
1537,40
1539,36
1539,38
1539,39
1541,13
1543,5
1543,36
1543,37
1544,33
1544,35
1544,40
1545,20
1547,36
1547,39
1548,3
1548,37
1549,34
1549,38
1550,33
1551,35
1551,36
1552,22
1553,37
1554,36
1556,33
1556,39
1557,30
1558,36
1559,37
1559,40
1561,33
1562,36
1564,37
1564,38
1565,33
1565,34
1565,39
1566,5
1566,11
1567,40
1568,36
1569,24
1569,37
1570,18
1570,38
1571,1
1571,33
1571,35
1572,36
1573,37
1573,39
1574,16
1574,34
1576,38
1577,27
1577,28
1577,36
1577,40
1578,25
1578,33
1579,37
1580,32
1581,23
1581,38
1582,12
1582,34
1582,36
1584,35
1585,14
1585,39
1586,33
1586,38
1587,37
1589,40
1590,4
1591,5
1591,36
1592,38
1592,39
1593,2
1594,29
1595,26
1595,33
1595,34
1595,37
1596,19
1597,7
1597,36
1597,40
1598,38
1599,15
1599,21
1601,5
1602,31
1602,37
1603,17
1603,18
1603,34
1604,8
1604,10
1604,22
1604,36
1605,6
1605,33
1605,38
1605,39
1607,2
1607,11
1608,40
1609,36
1610,19
1610,37
1611,13
1611,25
1611,39
1612,38
1614,5
1615,16
1615,35
1615,37
1616,36
1616,39
1617,20
1617,33
1619,34
1621,36
1621,37
1624,38
1624,40
1626,36
1627,33
1627,39
1628,35
1630,3
1630,36
1632,37
1635,39
1637,28
1637,29
1638,33
1638,36
1638,40
1639,9
1639,30
1640,19
1640,37
1642,36
1643,38
1644,1
1644,12
1644,35
1645,34
1646,33
1646,39
1647,36
1648,14
1648,27
1649,25
1650,4
1650,37
1652,32
1652,36
1652,39
1653,23
1653,38
1654,16
1655,5
1655,22
1655,35
1656,36
1656,37
1657,33
1657,39
1658,24
1659,6
1659,15
1661,36
1661,37
1661,40
1662,39
1663,2
1663,5
1664,34
1666,33
1667,35
1667,36
1667,37
1667,39
1668,26
1669,7
1670,36
1670,38
1672,10
1672,39
1674,18
1675,36
1676,37
1678,11
1678,33
1679,36
1679,38
1679,39
1680,35
1683,37
1684,36
1686,39
1688,33
1688,34
1689,36
1690,25
1690,38
1692,37
1693,35
1694,34
1694,36
1694,39
1697,33
1701,21
1701,29
1702,16
1702,36
1703,4
1703,37
1704,5
1704,19
1704,33
1704,34
1705,8
1705,9
1705,39
1706,25
1707,13
1707,31
1707,36
1707,38
1708,2
1708,12
1708,27
1708,35
1709,28
1710,1
1710,19
1710,22
1710,32
1710,39
1711,3
1711,15
1711,17
1711,24
1711,34
1711,37
1712,7
1712,33
1712,40
1713,20
1713,30
1714,6
1714,11
1715,23
1715,36
1715,37
1715,38
1716,16
1716,34
1717,39
1718,22
1719,37
1721,36
1722,35
1723,40
1724,38
1725,33
1725,37
1726,34
1728,5
1728,39
1729,36
1732,37
1733,35
1734,14
1737,36
1737,40
1738,34
1740,33
1740,37
1741,12
1741,38
1744,36
1745,39
1746,18
1748,37
1749,25
1749,34
1749,38
1750,35
1751,5
1752,36
1753,39
1754,33
1755,26
1757,38
1758,35
1759,34
1759,39
1760,36
1760,37
1762,40
1763,33
1764,39
1765,35
1769,36
1769,37
1770,4
1770,10
1772,35
1772,38
1773,22
1773,30
1773,39
1774,16
1774,29
1774,33
1776,34
1776,36
1777,13
1778,37
1779,40
1780,2
1780,16
1780,39
1781,24
1781,28
1782,3
1782,8
1782,21
1782,32
1782,33
1783,27
1783,34
1783,35
1783,36
1783,37
1784,25
1785,15
1785,19
1785,23
1786,18
1786,37
1787,22
1787,34
1787,36
1788,31
1788,38
1788,39
1788,40
1789,1
1789,7
1790,37
1791,6
1791,11
1791,35
1791,36
1793,17
1793,33
1793,39
1794,9
1795,34
1795,36
1795,37
1796,35
1797,38
1798,12
1799,39
1800,33
1801,20
1801,36
1802,37
1802,40
1804,35
1805,39
1808,35
1809,33
1809,37
1811,34
1811,36
1814,35
1815,37
1817,34
1817,39
1819,33
1819,36
1821,5
1821,35
1822,37
1825,2
1825,33
1825,34
1825,36
1826,40
1827,19
1828,29
1828,37
1828,39
1829,14
1829,35
1830,34
1832,33
1832,36
1834,34
1834,37
1837,35
1838,16
1838,38
1839,33
1839,34
1839,39
1840,25
1840,36
1841,26
1841,40
1842,37
1843,35
1844,18
1844,22
1844,34
1844,39
1845,33
1846,1
1846,21
1847,36
1847,37
1847,40
1848,4
1848,39
1849,10
1851,33
1851,38
1852,34
1852,35
1852,37
1853,16
1853,32
1854,19
1854,24
1854,27
1854,39
1855,36
1855,40
1856,34
1856,37
1857,12
1857,33
1859,39
1860,13
1860,30
1860,38
1861,35
1862,6
1862,23
1862,37
1862,39
1863,34
1863,40
1864,33
1864,36
1866,7
1867,35
1867,37
1867,39
1868,22
1869,25
1870,11
1870,28
1870,39
1871,36
1873,35
1873,37
1873,38
1874,39
1875,33
1876,19
1876,36
1877,5
1877,12
1877,40
1878,39
1879,37
1880,2
1880,34
1880,35
1882,15
1882,36
1884,20
1884,37
1885,39
1886,3
1887,38
1888,29
1888,33
1888,35
1889,31
1889,36
1891,5
1892,37
1893,39
1895,33
1896,34
1897,36
1897,37
1898,17
1898,35
1899,39
1900,38
1901,33
1901,37
1904,36
1906,5
1907,8
1907,33
1907,37
1908,16
1908,35
1908,39
1909,36
1909,38
1911,22
1911,28
1913,36
1913,37
1914,35
1914,39
1917,25
1917,32
1917,33
1917,36
1918,37
1919,13
1919,38
1919,39
1920,14
1920,34
1921,18
1921,35
1922,33
1922,36
1923,37
1924,38
1924,39
1925,4
1927,35
1928,26
1928,27
1928,36
1929,33
1929,39
1931,19
1931,40
1932,9
1933,21
1933,34
1933,37
1934,1
1934,10
1934,33
1934,39
1935,7
1935,38
1936,23
1936,35
1936,36
1937,22
1939,12
1939,16
1939,33
1939,37
1940,39
1941,25
1943,2
1943,6
1943,20
1943,40
1944,24
1944,33
1944,34
1944,36
1946,37
1946,38
1947,35
1948,5
1948,11
1948,15
1948,19
1948,39
1950,36
1951,37
1951,40
1952,33
1952,34
1954,31
1954,38
1955,39
1956,30
1957,5
1957,29
1958,37
1959,35
1959,36
1959,38
1960,33
1960,34
1962,22
1963,40
1965,39
1966,37
1967,34
1967,36
1968,38
1970,33
1971,35
1971,39
1972,37
1977,35
1977,39
1978,37
1979,33
1979,36
1982,37
1982,40
1983,34
1983,35
1984,39
1985,27
1986,37
1987,36
1988,33
1990,32
1991,35
1992,3
1992,34
1993,36
1993,37
1993,39
1995,18
1997,6
1997,16
1997,33
1997,35
1998,12
1998,23
1998,29
1998,36
1998,37
1998,38
1999,39
2000,4
2000,8
2000,28
2001,2
2001,7
2002,5
2002,25
2002,33
2002,36
2003,14
2003,19
2003,37
2004,1
2004,13
2005,9
2005,17
2005,39
2005,40
2006,15
2006,34
2006,38
2007,33
2007,37
2008,36
2009,24
2010,11
2011,39
2012,30
2012,35
2012,36
2013,5
2014,33
2014,37
2015,16
2015,34
2015,40
2016,38
2017,39
2018,36
2020,37
2021,33
2022,10
2022,26
2022,39
2024,37
2025,36
2026,25
2026,38
2026,40
2029,34
2029,35
2029,39
2030,33
2030,37
2032,21
2032,36
2033,18
2035,33
2035,37
2036,39
2037,31
2037,36
2040,38
2041,36
2041,37
2042,33
2042,39
2042,40
2044,34
2046,28
2046,35
2046,36
2047,33
2049,2
2049,20
2049,37
2050,34
2050,39
2051,22
2051,36
2053,4
2053,32
2053,33
2055,27
2055,29
2055,39
2055,40
2056,16
2056,36
2057,12
2058,33
2058,34
2059,5
2059,19
2059,37
2060,25
2061,36
2061,39
2062,34
2063,40
2064,35
2065,33
2065,38
2066,15
2066,36
2066,37
2069,34
2070,5
2070,39
2072,35
2072,36
2072,37
2073,33
2075,40
2076,7
2077,39
2079,13
2079,24
2079,36
2080,37
2081,1
2081,11
2082,3
2082,23
2082,34
2083,16
2083,30
2083,36
2083,38
2083,39
2083,40
2084,14
2084,33
2084,37
2085,17
2086,35
2087,6
2087,37
2088,18
2088,36
2088,39
2090,40
2091,37
2092,33
2092,36
2092,38
2094,37
2095,5
2097,36
2099,22
2099,37
2099,39
2101,33
2101,34
2102,2
2102,35
2102,36
2103,37
2103,38
2105,40
2106,22
2107,33
2107,34
2107,37
2108,26
2108,39
2110,36
2112,27
2112,37
2113,34
2113,35
2114,21
2115,38
2115,40
2116,39
2118,4
2118,33
2118,36
2118,37
2121,8
2122,35
2122,36
2122,37
2123,34
2124,19
2125,25
2126,5
2126,37
2127,12
2127,33
2127,36
2127,39
2128,10
2128,31
2129,35
2130,19
2131,34
2131,37
2132,6
2132,20
2132,36
2132,38
2133,33
2134,28
2135,16
2135,36
2135,37
2136,35
2136,39
2137,2
2139,33
2139,36
2140,23
2140,37
2142,13
2143,9
2143,32
2144,35
2144,40
2145,1
2145,34
2145,37
2145,39
2146,36
2147,3
2147,33
2148,22
2149,35
2149,37
2151,29
2151,39
2153,15
2153,36
2154,33
2154,37
2156,5
2156,7
2156,38
2156,40
2158,24
2158,39
2159,35
2160,11
2160,34
2160,36
2160,37
2161,4
2163,38
2164,14
2165,25
2165,33
2165,37
2165,39
2168,38
2169,27
2169,36
2170,35
2170,40
2173,5
2173,33
2173,37
2173,39
2174,18
2174,34
2177,36
2178,37
2180,26
2181,33
2182,38
2183,16
2185,30
2185,36
2186,25
2186,34
2186,35
2186,40
2187,5
2187,19
2188,39
2189,22
2189,37
2189,38
2191,2
2191,15
2191,21
2191,33
2191,34
2193,12
2194,39
2194,40
2195,13
2195,17
2195,37
2196,10
2196,36
2197,31
2198,33
2199,28
2199,37
2199,38
2199,39
2200,16
2201,40
2202,36
2203,39
2204,22
2205,34
2206,1
2206,29
2206,38
2207,37
2207,39
2207,40
2209,35
2210,33
2210,36
2211,38
2212,37
2212,39
2214,5
2214,8
2215,4
2215,33
2215,36
2216,39
2217,37
2217,38
2218,35
2219,6
2219,32
2219,40
2220,39
2221,34
2222,20
2222,36
2223,22
2223,37
2224,33
2224,39
2225,9
2225,11
2226,36
2226,38
2227,23
2228,37
2228,39
2231,2
2231,36
2232,7
2233,18
2233,19
2233,33
2233,37
2233,38
2233,39
2233,40
2234,36
2237,37
2239,3
2239,36
2240,38
2240,39
2241,37
2242,35
2243,36
2244,27
2245,37
2246,26
2246,33
2247,34
2247,36
2248,14
2248,39
2249,37
2250,38
2252,39
2253,24
2253,33
2253,36
2254,37
2255,40
2256,39
2257,36
2258,12
2259,5
2260,33
2260,37
2260,39
2261,38
2263,25
2265,16
2265,35
2265,39
2265,40
2266,5
2266,19
2266,36
2267,34
2269,33
2270,10
2270,15
2270,30
2270,37
2272,13
2273,34
2273,39
2274,36
2274,37
2274,40
2275,6
2275,25
2276,38
2277,16
2277,33
2277,39
2278,34
2279,22
2279,32
2279,37
2280,11
2282,28
2282,35
2282,36
2282,39
2283,34
2283,37
2283,38
2284,25
2284,33
2285,8
2285,29
2287,31
2288,2
2288,34
2288,36
2289,37
2289,39
2290,1
2290,33
2291,7
2291,17
2291,40
2292,38
2293,5
2294,21
2294,34
2294,36
2294,37
2294,39
2295,23
2295,33
2296,18
2298,37
2299,36
2300,35
2301,33
2301,34
2301,38
2303,37
2303,39
2304,4
2304,20
2304,22
2306,27
2307,36
2309,12
2309,35
2309,37
2309,39
2310,26
2310,33
2311,16
2311,19
2313,34
2313,39
2315,2
2315,36
2315,38
2317,33
2317,35
2317,37
2318,39
2318,40
2319,24
2319,36
2320,34
2323,36
2324,33
2325,37
2326,39
2327,35
2327,36
2328,34
2329,25
2331,36
2331,37
2332,39
2333,38
2334,34
2335,9
2335,36
2335,37
2336,35
2338,33
2338,36
2339,6
2340,37
2340,39
2342,36
2344,5
2344,33
2345,3
2345,36
2346,23
2346,32
2347,14
2347,15
2347,34
2347,35
2347,37
2349,13
2349,29
2349,36
2349,39
2349,40
2350,37
2351,33
2351,38
2352,11
2352,28
2353,12
2353,36
2354,39
2355,37
2356,16
2356,30
2356,34
2357,35
2357,36
2358,25
2358,37
2359,33
2361,17
2361,36
2361,39
2362,18
2362,37
2363,38
2364,34
2365,33
2365,36
2366,37
2368,39
2370,36
2372,33
2373,35
2373,37
2373,39
2374,1
2377,22
2377,36
2377,37
2378,34
2378,39
2379,33
2379,40
2380,4
2380,7
2381,37
2382,27
2383,39
2384,2
2384,20
2384,34
2384,36
2385,37
2385,38
2386,31
2386,35
2386,40
2387,16
2389,21
2389,33
2390,39
2391,19
2391,36
2391,37
2391,38
2392,34
2393,6
2393,8
2394,10
2394,26
2394,37
2395,25
2395,40
2396,36
2397,5
2397,12
2397,38
2397,39
2398,22
2398,34
2398,35
2399,37
2401,15
2402,33
2402,38
2404,36
2404,37
2405,24
2405,34
2405,39
2407,28
2407,37
2408,35
2408,38
2409,11
2410,40
2411,37
2412,39
2414,36
2414,38
2415,33
2415,37
2416,34
2418,5
2418,35
2420,2
2420,37
2421,34
2421,36
2421,39
2425,13
2426,35
2426,37
2427,29
2427,38
2428,16
2428,36
2428,40
2429,33
2429,39
2432,3
2432,32
2432,37
2433,4
2434,23
2434,34
2434,38
2434,39
2435,18
2435,25
2436,30
2436,36
2436,37
2436,40
2437,14
2438,35
2439,33
2439,38
2440,7
2440,27
2440,34
2440,39
2441,36
2441,37
2442,12
2442,31
2443,6
2445,38
2446,1
2446,34
2446,36
2446,39
2447,17
2448,22
2448,37
2449,35
2450,33
2450,40
2451,38
2452,2
2452,37
2453,34
2453,36
2455,39
2456,11
2457,37
2457,38
2458,35
2459,33
2460,36
2461,34
2461,37
2461,39
2463,38
2464,5
2465,36
2465,37
2466,34
2466,35
2467,9
2467,33
2467,39
2467,40
2468,24
2469,36
2470,37
2472,34
2472,38
2474,36
2475,33
2475,39
2476,19
2476,25
2476,35
2476,37
2479,16
2479,34
2479,36
2481,21
2481,39
2482,38
2483,19
2483,35
2485,37
2486,26
2487,33
2487,36
2487,39
2488,34
2490,8
2490,15
2491,20
2491,37
2492,10
2492,35
2492,39
2493,5
2493,33
2494,18
2494,36
2494,40
2495,6
2495,13
2495,34
2496,19
2496,38
2496,39
2497,22
2497,28
2497,32
2497,37
2498,36
2499,33
2499,35
2500,16
2500,39
2502,34
2503,2
2503,3
2504,37
2505,38
2506,29
2506,36
2506,39
2507,35
2508,33
2509,27
2510,23
2510,25
2511,30
2511,34
2511,36
2511,37
2511,39
2512,4
2513,22
2513,33
2513,40
2514,35
2515,7
2515,38
2515,39
2516,37
2517,36
2519,11
2519,12
2519,39
2520,1
2520,22
2521,14
2521,33
2521,38
2522,35
2522,40
2523,39
2524,36
2524,37
2527,33
2527,35
2528,39
2530,36
2530,37
2531,40
2533,39
2535,35
2535,37
2536,5
2536,33
2536,36
2539,39
2540,34
2540,40
2541,36
2542,33
2542,37
2546,24
2546,25
2546,36
2546,39
2548,33
2549,35
2549,37
2549,38
2550,34
2550,36
2550,39
2551,9
2551,19
2551,40
2554,16
2554,18
2555,5
2555,33
2555,35
2555,36
2555,39
2556,12
2556,34
2559,37
2560,13
2560,26
2560,36
2561,28
2562,39
2563,15
2563,17
2563,31
2563,32
2564,33
2564,35
2564,40
2565,22
2566,34
2566,37
2567,36
2567,38
2567,39
2568,7
2569,2
2569,8
2569,11
2569,29
2570,10
2570,37
2571,5
2571,36
2572,21
2572,33
2572,39
2572,40
2573,16
2574,34
2574,35
2575,4
2575,38
2576,6
2576,20
2576,23
2576,37
2577,19
2578,2
2579,33
2579,36
2579,39
2580,35
2581,37
2583,27
2584,40
2585,36
2585,39
2586,34
2587,30
2587,35
2588,37
2588,38
2590,33
2592,34
2592,36
2594,3
2597,37
2597,39
2598,33
2598,34
2598,35
2598,36
2601,25
2603,34
2604,16
2604,37
2605,33
2605,35
2605,36
2607,1
2607,39
2609,40
2610,35
2610,38
2612,34
2612,36
2612,37
2614,33
2616,12
2616,35
2618,37
2618,39
2619,34
2619,36
2621,35
2622,14
2622,22
2623,33
2625,37
2626,36
2627,4
2627,25
2628,19
2629,35
2629,37
2629,40
2630,5
2630,34
2631,38
2631,39
2632,15
2632,18
2632,31
2632,33
2632,36
2633,37
2634,24
2636,28
2636,34
2636,35
2637,39
2638,36
2638,37
2638,40
2640,2
2641,12
2641,17
2642,13
2642,27
2643,6
2643,33
2643,37
2644,36
2644,39
2645,10
2645,29
2645,32
2645,34
2645,35
2645,38
2646,5
2646,22
2646,30
2647,19
2647,21
2647,23
2647,40
2648,11
2648,26
2648,33
2648,36
2649,34
2649,37
2649,39
2650,8
2651,16
2651,20
2653,36
2654,9
2654,39
2654,40
2655,7
2655,25
2655,38
2656,5
2656,37
2657,33
2658,19
2658,34
2658,35
2659,36
2660,14
2660,39
2662,1
2663,33
2663,37
2664,36
2666,39
2666,40
2668,38
2669,36
2672,35
2673,39
2675,33
2675,37
2675,38
2676,36
2676,40
2680,38
2681,39
2682,36
2682,37
2683,34
2686,38
2687,37
2688,34
2688,36
2688,40
2689,33
2691,37
2692,5
2692,38
2693,35
2695,33
2695,34
2697,36
2697,37
2697,39
2697,40
2698,2
2698,3
2701,36
2702,23
2702,37
2702,38
2703,33
2703,39
2704,19
2704,22
2704,29
2704,34
2705,35
2706,36
2707,4
2707,18
2709,15
2709,16
2709,25
2709,27
2709,34
2709,37
2710,39
2710,40
2711,12
2711,24
2712,11
2712,28
2712,31
2712,36
2713,32
2713,33
2713,35
2713,38
2714,7
2714,13
2714,37
2715,1
2715,17
2715,34
2715,39
2716,36
2716,40
2717,6
2717,22
2717,25
2719,39
2720,30
2720,37
2721,33
2721,35
2721,36
2721,38
2722,5
2722,34
2723,39
2724,37
2725,36
2727,33
2728,20
2729,34
2729,37
2729,38
2729,39
2730,35
2731,36
2732,33
2734,37
2735,36
2735,39
2737,33
2739,36
2740,37
2742,33
2742,34
2742,39
2743,35
2744,36
2744,37
2745,21
2746,26
2749,33
2749,37
2750,36
2750,38
2750,39
2751,9
2751,34
2751,40
2752,19
2754,33
2755,10
2755,36
2755,37
2757,2
2757,39
2758,34
2758,35
2760,33
2760,37
2761,25
2763,34
2763,36
2764,40
2765,16
2765,33
2766,38
2767,36
2768,37
2768,39
2770,34
2770,35
2771,5
2771,18
2773,33
2773,36
2774,37
2775,3
2776,34
2777,39
2778,12
2778,22
2778,24
2778,29
2779,35
2779,36
2779,38
2781,37
2782,14
2782,33
2783,4
2783,27
2783,28
2784,8
2785,34
2786,23
2786,25
2787,5
2787,19
2787,36
2787,37
2788,6
2788,7
2788,16
2788,22
2789,13
2789,31
2789,32
2789,33
2789,39
2790,1
2790,15
2790,35
2791,34
2791,40
2792,2
2792,11
2792,36
2792,37
2793,16
2793,20
2793,38
2794,30
2795,39
2796,33
2798,36
2799,34
2799,37
2800,22
2800,38
2804,33
2804,35
2805,34
2805,39
2806,26
2811,34
2811,36
2812,37
2814,35
2814,38
2814,40
2815,17
2817,39
2818,33
2820,34
2820,36
2821,37
2821,38
2821,40
2824,21
2826,34
2826,36
2826,39
2827,33
2828,19
2829,10
2829,37
2830,36
2831,34
2832,38
2834,9
2834,39
2835,34
2835,35
2835,36
2836,5
2837,37
2838,33
2839,3
2839,36
2840,12
2841,18
2841,27
2841,34
2841,37
2841,39
2842,4
2843,35
2844,25
2844,36
2844,38
2845,34
2845,37
2847,16
2847,22
2847,31
2847,39
2848,7
2848,36
2849,32
2849,37
2850,1
2850,24
2850,29
2850,34
2851,6
2851,11
2851,23
2851,38
2851,40
2852,2
2852,33
2852,36
2852,39
2853,35
2854,14
2854,28
2854,37
2855,16
2855,34
2856,5
2856,25
2857,36
2857,37
2858,8
2858,13
2859,35
2859,38
2859,39
2860,34
2861,33
2862,15
2862,37
2863,36
2865,20
2865,37
2866,35
2867,34
2867,39
2869,36
2870,37
2872,39
2873,38
2874,35
2874,37
2875,36
2876,34
2877,33
2878,37
2878,39
2881,36
2883,40
2884,34
2884,37
2884,38
2884,39
2886,30
2886,33
2887,36
2889,39
2890,34
2890,37
2891,26
2891,36
2893,5
2893,12
2893,33
2893,35
2894,38
2896,2
2896,36
2896,37
2897,34
2897,39
2898,19
2899,25
2900,36
2901,39
2902,34
2902,38
2903,35
2903,37
2904,33
2905,7
2907,27
2907,36
2907,39
2908,4
2909,10
2909,16
2909,37
2911,38
2912,6
2912,32
2912,33
2912,35
2913,18
2913,34
2913,39
2914,9
2914,12
2915,22
2915,24
2915,36
2917,37
2917,38
2918,25
2920,29
2920,34
2920,36
2921,11
2921,33
2921,35
2921,39
2922,23
2922,40
2923,37
2923,38
2924,17
2924,36
2925,14
2925,16
2925,21
2925,39
2926,5
2928,37
2928,38
2929,15
2929,33
2931,8
2931,28
2931,35
2931,39
2932,37
2933,19
2933,36
2933,40
2934,34
2935,13
2936,37
2938,33
2938,38
2938,39
2940,31
2940,34
2940,37
2941,1
2941,3
2941,30
2942,35
2942,36
2944,22
2944,37
2944,39
2945,25
2945,38
2945,40
2947,33
2948,2
2949,26
2949,34
2949,36
2949,39
2950,37
2950,38
2952,35
2955,39
2956,34
2956,36
2958,33
2958,37
2960,12
2961,36
2961,38
2961,40
2962,37
2963,27
2964,39
2966,37
2967,34
2968,20
2968,36
2968,38
2970,5
2972,29
2972,37
2973,33
2973,39
2975,36
2976,2
2976,40
2977,37
2978,16
2978,33
2978,34
2980,39
2981,18
2982,4
2982,24
2982,37
2983,25
2983,32
2983,34
2983,38
2984,6
2984,33
2984,36
2984,39
2985,22
2986,35
2987,7
2987,19
2987,37
2989,15
2990,34
2990,39
2991,36
2992,5
2993,37
2994,14
2994,22
2995,10
2995,12
2995,13
2996,33
2997,38
2997,39
2997,40
2998,5
2998,34
2998,35
2998,37
2999,16
3000,28
3000,36
3003,17
3003,23
3004,33
3004,37
3005,39
3006,25
3007,34
3007,36
3008,9
3009,38
3010,11
3010,35
3010,40
3011,39
3012,1
3012,37
3013,2
3013,33
3014,36
3016,37
3018,26
3018,39
3020,40
3021,33
3021,35
3022,21
3022,36
3023,37
3026,34
3026,36
3026,39
3029,19
3029,30
3030,29
3030,33
3030,36
3031,40
3032,3
3032,37
3033,16
3034,36
3034,38
3036,5
3038,31
3038,35
3039,20
3039,27
3040,25
3040,34
3040,36
3040,37
3040,39
3041,6
3041,33
3042,7
3042,24
3044,22
3044,36
3044,40
3045,38
3046,35
3046,37
3047,16
3047,34
3048,23
3049,4
3049,12
3050,8
3050,18
3050,36
3050,37
3051,33
3053,28
3054,25
3054,32
3054,37
3054,38
3054,39
3055,35
3055,36
3057,34
3058,19
3058,37
3059,33
3060,36
3060,39
3063,35
3063,37
3065,36
3067,5
3067,39
3069,15
3070,33
3070,37
3071,14
3071,35
3073,13
3073,36
3073,40
3074,34
3075,39
3076,37
3078,21
3078,36
3082,35
3083,33
3084,37
3085,11
3085,29
3086,9
3086,26
3086,34
3086,36
3087,39
3088,4
3088,33
3089,5
3089,12
3089,22
3090,10
3090,37
3090,38
3090,40
3091,2
3091,36
3092,1
3094,35
3094,36
3095,39
3096,3
3096,16
3096,31
3096,34
3096,37
3098,36
3098,38
3099,27
3099,33
3100,6
3102,22
3103,36
3103,37
3104,39
3105,32
3105,38
3106,5
3106,23
3107,35
3108,30
3108,36
3109,7
3109,25
3109,37
3110,34
3110,40
3111,24
3111,39
3112,33
3112,36
3113,20
3113,38
3114,17
3114,19
3116,36
3117,33
3118,11
3118,37
3119,36
3120,38
3122,34
3122,37
3123,36
3124,18
3124,33
3124,39
3127,36
3127,37
3128,33
3128,38
3129,34
3131,36
3131,39
3133,25
3133,37
3134,33
3134,36
3136,35
3136,39
3138,36
3139,33
3140,37
3140,40
3143,34
3143,36
3145,2
3146,39
3147,33
3148,36
3148,37
3149,34
3149,38
3149,40
3151,19
3153,16
3153,34
3154,33
3154,36
3154,39
3155,35
3156,5
3157,15
3157,37
3158,36
3159,13
3159,34
3159,38
3160,6
3160,25
3160,28
3160,39
3161,36
3162,33
3163,10
3164,29
3164,37
3164,39
3165,35
3165,36
3166,7
3166,34
3168,4
3169,27
3169,33
3169,36
3169,38
3170,12
3170,39
3171,8
3171,16
3171,23
3171,37
3172,26
3174,1
3174,22
3174,34
3174,36
3174,40
3175,32
3175,37
3176,5
3178,33
3179,9
3179,37
3179,38
3179,39
3180,18
3180,35
3180,36
3182,19
3182,34
3183,14
3184,36
3184,39
3185,33
3186,5
3186,37
3187,2
3188,38
3189,39
3190,30
3190,34
3190,36
3191,21
3192,40
3193,37
3194,33
3196,34
3196,36
3196,39
3199,37
3200,31
3201,35
3203,20
3203,36
3203,37
3203,38
3204,24
3204,39
3205,11
3205,40
3206,3
3206,22
3206,33
3207,34
3207,37
3208,36
3209,29
3209,39
3212,27
3213,37
3213,40
3214,16
3214,36
3215,39
3216,33
3217,12
3218,22
3219,25
3219,36
3220,17
3220,37
3220,38
3220,39
3221,5
3222,2
3222,13
3223,35
3223,36
3223,40
3224,28
3224,33
3224,34
3226,36
3226,37
3227,15
3227,38
3227,39
3228,32
3230,36
3231,33
3231,35
3231,37
3232,34
3232,39
3233,19
3233,36
3236,6
3237,36
3237,37
3238,33
3239,39
3240,5
3240,36
3240,38
3242,40
3243,4
3243,33
3244,18
3244,36
3244,39
3245,34
3245,37
3246,25
3249,36
3250,33
3251,7
3251,38
3251,39
3252,9
3252,34
3252,40
3253,35
3253,37
3254,36
3255,1
3256,22
3257,11
3258,19
3258,23
3259,14
3259,33
3259,36
3259,37
3259,39
3260,38
3262,34
3262,35
3263,16
3264,37
3264,40
3265,36
3266,26
3266,30
3268,33
3269,8
3269,39
3270,2
3270,37
3271,24
3271,36
3272,34
3272,35
3273,38
3273,40
3274,13
3275,5
3275,25
3275,37
3276,21
3276,29
3277,10
3278,39
3279,3
3279,12
3279,36
3279,38
3280,34
3280,35
3281,31
3282,15
3282,27
3282,33
3282,37
3283,4
3283,16
3284,28
3285,37
3286,36
3287,6
3287,33
3287,34
3289,39
3289,40
3290,32
3290,35
3291,17
3291,36
3292,37
3292,38
3293,20
3293,33
3296,22
3297,36
3297,39
3298,35
3298,37
3301,33
3302,36
3306,5
3306,37
3306,39
3308,35
3308,36
3311,2
3312,37
3313,33
3314,34
3314,36
3315,39
3318,38
3318,40
3319,33
3319,36
3319,37
3320,19
3320,23
3320,39
3323,36
3323,37
3324,33
3325,35
3325,39
3327,36
3329,37
3330,33
3331,36
3332,5
3332,16
3332,39
3334,18
3334,25
3334,36
3335,37
3336,35
3337,33
3337,38
3338,34
3338,36
3338,40
3339,7
3340,27
3340,37
3340,39
3341,36
3342,26
3343,13
3343,33
3345,34
3345,36
3345,39
3346,37
3347,30
3347,38
3347,40
3348,1
3349,2
3349,12
3349,33
3349,35
3349,36
3350,5
3350,22
3353,24
3353,34
3353,37
3353,39
3354,6
3354,11
3354,36
3354,40
3355,15
3355,29
3356,16
3356,19
3357,21
3357,33
3358,25
3358,36
3358,37
3358,39
3359,4
3359,28
3359,34
3360,10
3361,20
3361,22
3361,31
3361,40
3362,32
3362,38
3363,33
3364,9
3364,34
3364,36
3366,2
3366,37
3366,39
3367,11
3368,33
3370,36
3371,37
3371,39
3372,8
3373,1
3373,33
3373,34
3373,35
3376,38
3377,36
3379,16
3379,33
3379,37
3379,39
3380,14
3381,36
3382,35
3383,37
3384,40
3385,38
3385,39
3387,33
3387,34
3387,36
3389,37
3392,34
3393,36
3394,18
3394,39
3395,38
3396,3
3397,33
3397,37
3399,34
3399,39
3400,40
3401,36
3402,5
3403,23
3403,38
3404,35
3405,37
3406,39
3407,34
3407,40
3408,17
3408,25
3408,33
3410,36
3410,37
3412,38
3412,39
3413,19
3413,34
3414,33
3415,22
3417,37
3418,12
3418,38
3418,39
3419,34
3419,36
3420,7
3420,40
3421,27
3422,33
3423,39
3424,4
3424,6
3424,34
3424,37
3424,38
3425,24
3425,35
3425,36
3429,37
3429,39
3430,36
3431,34
3431,40
3432,16
3432,33
3432,38
3433,26
3433,29
3434,35
3434,36
3436,37
3437,21
3437,39
3438,5
3438,33
3439,13
3439,36
3440,2
3440,28
3441,34
3441,37
3442,39
3442,40
3443,15
3443,32
3444,20
3445,30
3445,36
3445,38
3446,37
3447,33
3447,39
3449,40
3451,8
3451,37
3452,36
3453,11
3454,25
3454,34
3454,39
3455,35
3455,38
3456,19
3456,36
3457,31
3457,33
3457,37
3459,40
3460,1
3461,36
3461,37
3461,39
3462,18
3463,34
3463,38
3465,12
3465,36
3466,14
3466,37
3468,33
3469,23
3469,36
3469,39
3470,34
3470,38
3471,7
3471,37
3471,40
3472,35
3473,36
3476,37
3477,10
3477,34
3478,16
3479,36
3479,38
3480,33
3480,39
3482,34
3483,35
3483,37
3484,27
3484,40
3485,9
3486,36
3486,39
3487,22
3487,34
3489,37
3490,35
3491,2
3491,38
3492,3
3492,34
3494,33
3494,37
3494,39
3495,36
3496,35
3497,29
3497,34
3499,26
3500,36
3500,37
3501,24
3501,33
3502,25
3502,34
3502,39
3503,13
3504,5
3504,35
3504,36
3504,38
3505,19
3505,30
3506,37
3506,39
3507,40
3508,6
3508,28
3508,33
3508,34
3509,36
3511,15
3511,39
3512,16
3512,37
3512,38
3514,4
3516,17
3516,37
3517,25
3517,35
3517,36
3518,34
3519,39
3520,11
3520,32
3520,37
3520,38
3522,22
3522,36
3523,5
3523,18
3524,7
3524,35
3524,37
3524,39
3525,2
3526,33
3526,34
3526,36
3528,12
3529,19
3530,36
3530,37
3531,35
3532,39
3533,33
3534,23
3535,21
3535,35
3535,36
3537,40
3538,37
3539,33
3539,39
3540,36
3541,14
3541,16
3543,33
3543,35
3544,36
3545,38
3545,39
3546,1
3547,20
3547,37
3550,33
3550,36
3551,35
3552,16
3553,34
3554,10
3555,25
3555,27
3557,36
3557,40
3558,22
3558,24
3558,31
3558,33
3558,34
3558,37
3558,39
3559,38
3560,35
3562,36
3563,28
3564,5
3565,33
3566,37
3567,34
3568,8
3568,36
3568,39
3569,9
3570,13
3571,4
3571,38
3572,2
3572,33
3572,35
3573,19
3573,36
3573,37
3574,6
3576,22
3576,39
3577,3
3578,29
3579,15
3579,33
3579,34
3579,36
3580,12
3580,35
3580,38
3581,5
3581,32
3581,37
3582,30
3583,26
3584,33
3585,11
3585,16
3586,34
3586,36
3586,37
3586,40
3587,18
3588,33
3588,38
3590,39
3592,27
3592,37
3594,33
3594,36
3595,34
3595,38
3597,37
3598,35
3601,40
3602,23
3602,33
3602,36
3602,37
3602,39
3605,38
3606,22
3606,37
3607,34
3609,5
3609,37
3610,25
3610,33
3610,40
3612,34
3612,36
3612,38
3613,37
3614,17
3616,2
3616,33
3617,35
3617,37
3618,36
3620,1
3620,21
3620,34
3621,7
3621,22
3621,37
3621,39
3622,33
3623,6
3624,40
3625,10
3625,35
3625,37
3626,19
3626,36
3626,39
3627,25
3627,38
3628,11
3628,16
3628,24
3629,33
3630,20
3630,36
3630,37
3630,39
3631,34
3632,35
3632,38
3632,40
3633,5
3633,12
3634,4
3634,33
3634,37
3635,39
3637,36
3638,34
3639,26
3639,33
3639,37
3639,38
3639,39
3641,36
3641,40
3642,39
3643,14
3643,37
3643,38
3646,33
3646,39
3647,36
3647,37
3648,13
3648,34
3649,35
3649,38
3651,37
3651,39
3652,33
3652,36
3655,38
3656,37
3656,39
3658,36
3659,33
3660,34
3660,35
3660,39
3661,38
3662,37
3664,8
3664,36
3665,39
3666,33
3667,27
3668,15
3670,16
3670,25
3670,28
3670,37
3670,38
3670,39
3671,32
3671,36
3672,35
3672,40
3673,5
3673,31
3673,33
3673,34
3674,18
3674,19
3674,30
3674,37
3674,39
3675,3
3676,1
3676,29
3676,36
3677,34
3677,38
3678,22
3678,24
3678,33
3678,37
3679,2
3680,23
3680,36
3681,34
3682,7
3682,37
3683,17
3683,33
3683,39
3684,9
3684,40
3685,37
3686,36
3687,35
3688,33
3688,34
3688,39
3689,37
3690,25
3690,38
3691,11
3693,36
3693,37
3693,39
3695,40
3696,33
3696,34
3696,35
3697,36
3698,12
3699,37
3701,34
3701,36
3701,38
3702,6
3703,33
3703,39
3704,37
3705,36
3706,34
3707,39
3708,35
3709,26
3711,34
3711,36
3711,39
3712,37
3713,21
3713,38
3713,40
3714,35
3715,16
3717,4
3717,10
3717,19
3717,33
3717,34
3717,36
3717,37
3717,39
3720,13
3720,20
3720,25
3721,37
3722,35
3723,16
3723,33
3723,34
3723,38
3723,39
3724,36
3725,31
3727,37
3728,2
3728,35
3729,34
3730,22
3730,40
3731,33
3731,37
3732,28
3732,36
3732,38
3732,39
3733,27
3735,18
3735,37
3736,34
3737,5
3739,14
3739,15
3740,32
3740,33
3740,35
3740,36
3741,1
3741,29
3741,37
3741,38
3741,39
3742,34
3742,40
3743,8
3744,12
3744,24
3746,5
3746,7
3746,36
3746,37
3748,6
3748,17
3748,34
3749,25
3749,36
3750,4
3750,33
3750,40
3751,37
3751,39
3752,23
3753,11
3753,30
3753,34
3753,36
3753,38
3754,2
3755,35
3755,37
3758,34
3759,36
3760,33
3760,37
3762,34
3763,3
3764,13
3764,36
3765,39
3767,34
3768,36
3768,37
3769,40
3770,35
3770,38
3771,34
3773,33
3774,36
3775,19
3776,34
3776,37
3780,36
3781,34
3783,9
3783,38
3785,22
3785,33
3785,34
3785,37
3787,35
3788,16
3788,39
3789,20
3790,34
3791,36
3792,37
3793,33
3795,39
3796,26
3796,34
3798,16
3798,37
3799,36
3800,25
3801,33
3801,34
3802,22
3802,38
3803,36
3803,37
3804,28
3804,35
3804,39
3806,18
3808,36
3808,37
3809,21
3809,33
3809,34
3811,35
3811,39
3812,32
3813,37
3813,38
3814,36
3816,12
3816,39
3817,33
3817,34
3818,27
3819,37
3820,36
3820,38
3822,34
3824,29
3824,33
3824,39
3825,5
3826,1
3826,35
3826,37
3827,7
3827,34
3827,36
3828,23
3829,10
3829,15
3829,24
3829,38
3829,39
3830,4
3830,37
3831,16
3831,34
3832,19
3832,33
3834,6
3834,25
3835,13
3835,14
3835,34
3835,37
3836,5
3836,17
3836,36
3836,38
3836,39
3836,40
3837,2
3838,11
3838,31
3838,35
3839,12
3839,33
3839,34
3839,37
3841,36
3841,39
3843,38
3844,30
3844,34
3844,37
3844,40
3847,36
3848,3
3848,33
3849,39
3850,35
3851,34
3852,37
3853,36
3854,22
3856,34
3857,37
3857,39
3859,36
3861,33
3864,2
3864,36
3864,37
3865,34
3865,35
3865,38
3865,39
3867,40
3868,25
3869,37
3870,36
3871,33
3871,39
3873,34
3874,19
3875,18
3876,8
3876,20
3876,37
3876,38
3877,15
3877,35
3878,26
3878,36
3878,39
3880,28
3880,33
3880,34
3880,37
3881,6
3882,19
3882,40
3883,27
3883,31
3884,39
3885,32
3885,36
3885,37
3886,22
3888,34
3889,23
3889,29
3890,17
3890,37
3890,39
3891,11
3891,33
3891,36
3892,5
3892,25
3892,35
3892,38
3893,1
3893,2
3893,4
3893,9
3894,34
3895,16
3895,37
3896,7
3896,39
3897,36
3898,21
3899,24
3899,33
3900,12
3900,35
3902,37
3903,10
3903,13
3903,16
3904,34
3904,36
3904,40
3906,33
3907,39
3909,3
3909,37
3911,30
3911,35
3911,36
3914,33
3915,34
3915,40
3916,38
3916,39
3917,35
3917,37
3922,36
3924,37
3925,14
3925,33
3926,35
3927,38
3927,39
3928,36
3929,37
3930,22
3930,34
3931,27
3932,5
3934,33
3934,35
3935,19
3935,37
3936,39
3937,34
3937,36
3937,40
3939,11
3941,36
3942,37
3943,33
3943,39
3945,26
3946,5
3947,18
3947,34
3947,36
3948,38
3949,29
3949,35
3949,39
3949,40
3950,33
3951,20
3951,37
3953,28
3953,36
3954,2
3955,5
3955,6
3957,10
3957,25
3957,35
3957,39
3958,23
3958,37
3958,40
3959,1
3959,12
3959,15
3959,22
3959,34
3959,36
3960,24
3960,32
3961,16
3961,37
3961,38
3962,13
3962,33
3963,17
3964,39
3965,34
3965,36
3965,37
3966,4
3966,25
3967,19
3967,35
3968,31
3968,38
3970,7
3970,37
3971,40
3972,36
3973,33
3973,34
3973,39
3975,30
3976,37
3980,38
3981,35
3981,37
3981,39
3982,36
3983,40
3984,33
3989,37
3990,34
3992,21
3992,35
3993,39
3994,22
3995,3
3995,8
3995,36
3995,38
3997,37
3999,33
4000,35
4001,11
4001,29
4001,34
4001,36
4002,16
4003,37
4003,39
4005,5
4006,7
4006,33
4006,35
4007,2
4007,22
4007,36
4008,18
4008,32
4008,38
4009,28
4009,34
4011,37
4012,6
4012,9
4012,20
4013,36
4014,38
4015,26
4015,27
4015,39
4016,33
4016,34
4017,12
4017,19
4017,35
4017,37
4018,5
4019,1
4020,23
4021,14
4021,16
4022,31
4023,34
4023,36
4023,37
4024,38
4024,39
4024,40
4029,5
4029,36
4030,35
4030,37
4031,25
4031,33
4032,15
4032,40
4034,36
4034,37
4035,39
4036,13
4037,33
4037,40
4038,4
4038,36
4038,37
4040,39
4041,24
4042,36
4043,25
4043,37
4044,34
4044,40
4045,39
4046,33
4046,35
4046,38
4047,5
4047,36
4048,37
4049,17
4050,39
4051,12
4051,33
4051,36
4052,37
4053,38
4055,36
4056,35
4056,37
4056,39
4058,33
4058,38
4060,36
4061,37
4062,34
4063,35
4065,38
4066,36
4067,37
4068,33
4068,39
4070,35
4072,19
4072,34
4072,36
4073,37
4073,39
4076,2
4076,16
4076,30
4077,35
4077,38
4077,39
4078,36
4078,37
4078,40
4079,33
4081,18
4081,32
4081,34
4082,19
4082,22
4082,29
4082,39
4084,35
4084,37
4085,8
4086,10
4086,11
4086,24
4086,36
4087,33
4088,6
4088,34
4088,39
4088,40
4089,7
4089,16
4089,27
4089,37
4089,38
4090,25
4090,36
4091,5
4092,13
4092,23
4092,28
4093,14
4093,26
4093,35
4094,3
4094,34
4094,37
4095,39
4096,1
4096,22
4096,31
4096,40
4097,16
4097,20
4097,21
4097,33
4097,36
4098,9
4098,12
4099,37
4100,2
4101,34
4101,35
4102,15
4102,39
4103,36
4105,19
4106,37
4107,39
4108,36
4108,40
4111,34
4111,38
4112,33
4113,35
4113,36
4113,37
4115,39
4117,29
4119,37
4120,4
4121,33
4121,36
4121,39
4123,35
4124,34
4125,37
4126,36
4127,25
4128,39
4130,38
4131,35
4131,36
4132,19
4135,37
4135,39
4136,7
4137,36
4138,38
4139,12
4139,34
4139,40
4140,37
4141,35
4142,22
4142,33
4143,36
4144,5
4144,39
4146,40
4147,37
4148,25
4149,34
4150,35
4150,36
4151,18
4151,38
4151,39
4153,37
4155,17
4156,11
4157,33
4157,34
4157,36
4157,38
4159,30
4159,35
4159,39
4159,40
4160,37
4163,36
4164,3
4165,6
4165,38
4166,2
4166,32
4166,33
4167,29
4167,35
4168,14
4168,27
4168,28
4168,34
4168,40
4169,5
4169,22
4169,36
4170,21
4170,37
4171,15
4171,38
4172,8
4172,39
4173,13
4173,16
4173,23
4173,33
4174,4
4174,24
4175,10
4175,19
4175,26
4176,25
4176,36
4177,5
4177,9
4177,16
4177,39
4177,40
4178,20
4178,28
4178,31
4178,34
4178,37
4178,38
4180,1
4181,33
4182,36
4182,37
4183,2
4183,35
4184,38
4184,39
4184,40
4185,34
4186,37
4187,18
4187,36
4189,33
4189,39
4190,34
4190,35
4190,38
4191,36
4191,37
4193,39
4195,40
4196,34
4196,36
4198,39
4199,33
4199,37
4203,34
4203,35
4203,36
4203,40
4204,39
4205,37
4207,33
4207,38
4209,39
4212,34
4213,36
4213,37
4214,35
4216,33
4216,39
4217,16
4217,40
4218,22
4218,36
4219,34
4219,35
4220,37
4221,12
4221,33
4223,36
4223,39
4226,34
4226,35
4227,33
4227,36
4228,40
4229,7
4229,39
4230,37
4231,2
4231,36
4232,30
4233,19
4233,29
4233,32
4233,33
4234,34
4234,40
4235,13
4235,36
4236,35
4237,11
4237,16
4237,25
4237,33
4237,37
4238,23
4239,36
4239,38
4239,39
4240,4
4240,40
4242,6
4242,37
4243,18
4243,24
4243,34
4244,19
4244,33
4244,36
4244,38
4245,25
4245,40
4246,14
4246,27
4246,37
4247,35
4247,39
4248,31
4248,33
4249,34
4250,3
4250,36
4250,37
4250,40
4252,5
4252,38
4253,22
4253,26
4253,33
4254,39
4255,34
4256,17
4256,35
4256,36
4257,15
4257,22
4257,37
4257,40
4259,1
4259,39
4260,33
4260,34
4261,37
4261,40
4262,10
4262,36
4262,38
4263,2
4265,34
4266,35
4267,33
4267,37
4267,39
4268,38
4269,36
4272,39
4274,5
4274,6
4274,34
4274,37
4275,35
4276,33
4277,20
4277,36
4279,7
4279,12
4280,16
4280,34
4280,37
4281,39
4282,9
4282,28
4283,33
4283,35
4283,38
4283,40
4284,21
4284,25
4285,36
4288,5
4288,34
4289,19
4290,37
4290,38
4290,39
4291,8
4292,24
4292,36
4293,33
4293,34
4293,35
4295,5
4295,40
4298,15
4298,34
4298,36
4299,33
4299,38
4300,39
4301,37
4306,35
4307,33
4307,34
4307,36
4308,39
4309,40
4310,23
4310,37
4310,38
4312,27
4314,29
4314,34
4314,37
4315,33
4315,36
4316,32
4316,35
4317,2
4317,39
4318,5
4319,4
4319,11
4319,37
4319,38
4320,30
4320,34
4320,36
4322,16
4323,13
4323,22
4323,26
4323,40
4324,19
4324,37
4324,38
4324,39
4325,18
4325,31
4325,33
4327,25
4327,36
4328,37
4329,35
4329,38
4329,40
4330,34
4330,39
4331,2
4333,1
4334,33
4334,36
4334,37
4335,5
4336,34
4337,21
4337,24
4337,38
4338,37
4339,35
4339,39
4340,34
4341,28
4341,36
4342,3
4343,10
4343,37
4345,33
4345,34
4347,14
4347,35
4347,36
4347,39
4348,38
4350,6
4350,12
4350,37
4351,39
4353,20
4353,34
4354,35
4354,36
4355,37
4356,17
4357,16
4357,33
4357,39
4358,36
4359,38
4361,37
4362,27
4362,34
4363,36
4364,33
4364,39
4366,19
4366,37
4367,25
4367,32
4368,36
4369,22
4369,34
4369,35
4371,18
4371,39
4372,7
4372,15
4372,36
4372,37
4373,40
4374,12
4374,33
4374,38
4375,8
4375,9
4376,19
4376,36
4377,13
4377,29
4378,23
4379,37
4380,40
4381,5
4381,33
4381,34
4381,36
4381,39
4382,30
4382,38
4385,28
4385,37
4386,35
4387,33
4387,36
4388,11
4391,37
4391,38
4391,39
4393,3
4393,36
4393,40
4394,16
4394,34
4395,39
4396,5
4396,37
4398,26
4399,35
4400,36
4401,37
4402,4
4402,22
4402,31
4402,34
4403,33
4404,38
4404,39
4404,40
4405,2
4406,37
4407,36
4408,1
4408,19
4410,35
4411,14
4411,34
4411,39
4412,37
4413,21
4413,33
4415,36
4415,40
4416,38
4417,37
4420,5
4420,29
4421,36
4423,39
4424,37
4425,24
4425,33
4425,34
4425,35
4426,6
4426,16
4427,25
4428,36
4429,38
4430,12
4430,39
4431,32
4432,18
4433,33
4433,34
4433,35
4433,37
4434,15
4437,20
4437,22
4437,27
4437,38
4438,17
4438,36
4439,7
4439,33
4439,37
4440,10
4441,2
4441,11
4441,23
4441,39
4442,34
4442,36
4442,40
4443,13
4443,37
4443,38
4445,19
4445,28
4446,33
4447,16
4447,36
4447,37
4448,29
4449,34
4450,36
4451,37
4451,39
4452,35
4453,33
4454,36
4455,37
4455,38
4458,36
4458,39
4459,37
4461,38
4463,5
4463,35
4464,33
4464,34
4464,36
4464,37
4467,39
4469,4
4469,26
4469,38
4470,36
4471,37
4471,40
4473,33
4473,39
4474,19
4474,35
4478,22
4478,36
4478,37
4479,38
4480,33
4481,39
4482,35
4484,36
4485,34
4486,33
4487,8
4487,37
4487,39
4488,30
4489,36
4490,25
4490,35
4491,33
4491,40
4492,6
4492,38
4493,1
4493,13
4493,39
4494,36
4494,37
4497,16
4497,32
4498,3
4498,31
4498,33
4498,39
4499,14
4499,24
4499,34
4499,40
4500,35
4500,37
4500,38
4501,9
4502,5
4502,22
4502,27
4502,36
4504,2
4504,7
4504,33
4504,39
4506,35
4507,20
4507,40
4508,11
4508,15
4508,18
4508,34
4508,36
4508,37
4509,21
4509,38
4509,39
4510,10
4512,23
4513,37
4514,35
4515,36
4515,39
4515,40
4517,19
4517,37
4517,38
4519,33
4521,37
4522,39
4523,34
4523,35
4525,37
4526,36
4529,35
4529,39
4529,40
4530,37
4531,34
4532,4
4532,16
4533,36
4535,37
4536,12
4536,38
4537,28
4537,34
4537,35
4539,29
4539,39
4540,40
4541,17
4541,25
4541,33
4541,37
4543,36
4544,38
4544,39
4545,5
4545,34
4547,37
4549,2
4550,35
4551,22
4551,36
4552,33
4552,37
4552,38
4552,39
4555,40
4556,36
4557,13
4557,39
4559,33
4559,34
4559,37
4561,36
4562,38
4562,39
4562,40
4563,35
4565,33
4566,36
4566,37
4567,39
4568,1
4568,26
4569,25
4570,33
4570,40
4571,27
4572,19
4572,30
4572,36
4572,39
4573,9
4573,34
4573,37
4573,38
4574,32
4576,33
4577,6
4577,15
4578,34
4578,36
4578,39
4579,8
4579,31
4579,37
4580,40
4581,11
4582,5
4583,22
4583,36
4583,37
4583,38
4584,7
4586,39
4587,37
4588,18
4588,24
4588,29
4588,33
4588,35
4589,34
4590,3
4590,10
4590,14
4590,23
4590,36
4590,37
4591,16
4591,20
4592,2
4592,12
4592,39
4593,25
4593,33
4593,38
4594,27
4594,37
4595,28
4595,40
4596,35
4597,36
4598,21
4598,37
4598,39
4599,19
4599,22
4600,34
4601,33
4602,35
4604,37
4605,36
4605,39
4608,35
4610,33
4611,37
4613,36
4614,35
4614,39
4616,37
4617,16
4617,34
4618,36
4619,35
4619,40
4620,33
4620,39
4623,36
4624,4
4624,37
4626,35
4626,38
4626,39
4627,13
4627,36
4629,37
4631,33
4631,36
4631,39
4632,35
4634,37
4635,39
4636,36
4638,33
4638,35
4639,39
4640,36
4640,37
4643,39
4644,32
4644,36
4645,5
4645,33
4645,37
4647,35
4647,39
4648,6
4648,36
4651,22
4651,29
4651,36
4651,39
4652,2
4652,37
4653,34
4653,38
4654,5
4654,9
4654,12
4655,7
4655,16
4655,20
4655,33
4655,36
4657,1
4657,15
4657,39
4658,35
4658,37
4659,11
4659,18
4659,23
4659,24
4659,25
4660,14
4660,21
4660,36
4660,40
4661,17
4661,19
4661,34
4662,26
4662,28
4662,33
4662,37
4662,38
4662,39
4663,30
4663,31
4663,36
4664,8
4664,16
4665,10
4666,2
4667,3
4667,36
4668,25
4668,35
4668,40
4669,38
4670,37
4670,39
4671,19
4671,36
4672,27
4673,13
4673,33
4674,36
4675,37
4676,39
4677,34
4678,36
4679,33
4679,38
4680,35
4682,36
4683,39
4685,33
4685,37
4686,36
4689,34
4690,33
4690,36
4690,39
4692,37
4695,36
4696,29
4697,38
4697,39
4698,33
4699,34
4700,5
4700,35
4700,36
4700,37
4701,2
4701,4
4702,40
4704,33
4704,34
4704,37
4705,19
4705,36
4705,38
4709,32
4709,37
4709,39
4710,36
4711,33
4712,6
4712,22
4712,38
4713,1
4713,34
4713,37
4715,35
4715,40
4716,11
4716,36
4717,39
4718,37
4720,33
4720,38
4722,34
4722,37
4722,39
4723,18
4724,7
4724,36
4726,33
4726,37
4728,5
4728,38
4729,10
4729,39
4731,25
4732,24
4732,28
4733,33
4733,36
4733,37
4735,38
4736,17
4736,27
4736,34
4736,39
4737,35
4737,37
4738,5
4738,16
4740,22
4740,30
4740,40
4741,15
4741,23
4741,33
4741,37
4741,39
4742,2
4742,12
4742,20
4742,36
4743,34
4744,37
4744,40
4745,26
4746,16
4747,19
4747,33
4747,38
4748,13
4748,39
4749,36
4750,37
4751,31
4754,33
4754,36
4754,37
4754,38
4755,39
4756,40
4757,25
4758,35
4759,37
4760,14
4761,33
4761,36
4761,38
4762,3
4763,34
4764,12
4764,37
4764,39
4767,35
4767,36
4767,38
4769,4
4769,5
4770,37
4771,33
4773,21
4773,34
4774,36
4775,1
4775,5
4775,9
4775,24
4776,19
4776,28
4777,37
4777,38
4777,39
4779,11
4779,33
4779,35
4779,40
4780,36
4781,2
4781,34
4781,39
4783,5
4783,16
4783,37
4784,36
4785,29
4786,38
4787,32
4788,8
4788,36
4789,18
4789,33
4789,39
4790,5
4790,6
4790,25
4791,37
4792,34
4792,36
4792,39
4793,7
4793,38
4795,35
4795,40
4796,37
4797,15
4797,33
4797,36
4797,39
4798,12
4800,22
4800,37
4803,27
4804,39
4804,40
4805,36
4805,37
4805,38
4807,33
4808,20
4809,37
4809,39
4812,37
4813,33
4813,36
4813,38
4814,22
4814,23
4815,26
4815,39
4816,37
4818,35
4819,40
4820,39
4821,22
4821,34
4821,37
4822,33
4822,36
4823,10
4825,38
4826,16
4826,37
4827,33
4827,39
4830,13
4830,36
4830,37
4831,33
4832,34
4833,35
4833,39
4834,37
4835,25
4836,30
4836,33
4837,40
4838,36
4839,38
4839,39
4840,37
4843,33
4845,4
4845,18
4845,35
4845,37
4846,36
4847,19
4847,39
4848,5
4849,2
4849,28
4849,37
4850,3
4851,14
4851,31
4851,33
4851,34
4851,35
4852,38
4853,29
4853,37
4853,40
4854,1
4854,11
4854,39
4855,24
4856,35
4856,37
4857,17
4857,36
4858,34
4860,37
4860,39
4861,33
4861,40
4862,32
4862,35
4862,38
4863,16
4863,34
4863,36
4864,6
4865,21
4865,37
4866,33
4867,39
4869,22
4869,36
4870,35
4870,37
4871,34
4873,2
4873,5
4873,12
4873,38
4874,15
4874,37
4874,39
4876,7
4876,27
4876,33
4876,35
4877,8
4877,34
4878,37
4879,13
4879,19
4879,36
4880,23
4880,25
4881,26
4881,39
4882,37
4883,33
4883,35
4883,40
4884,16
4884,19
4884,36
4885,34
4886,5
4888,30
4888,37
4890,38
4890,39
4891,33
4891,35
4891,36
4891,40
4893,9
4894,34
4895,37
4898,36
4898,38
4900,33
4900,35
4900,39
4902,29
4903,37
4905,5
4905,33
4906,36
4907,34
4907,39
4908,37
4909,20
4910,33
4912,36
4912,37
4914,39
4914,40
4915,11
4915,35
4916,33
4916,38
4917,22
4917,37
4919,18
4919,34
4919,36
4920,39
4921,33
4921,37
4922,2
4922,4
4925,34
4925,36
4925,37
4927,1
4927,38
4927,39
4927,40
4928,25
4928,32
4929,6
4929,21
4929,36
4930,33
4930,37
4932,10
4932,12
4932,14
4932,39
4933,24
4933,34
4933,35
4933,36
4934,15
4934,23
4934,38
4935,37
4936,19
4937,16
4937,17
4937,33
4937,36
4938,5
4939,7
4940,28
4941,34
4942,35
4942,36
4944,25
4944,27
4944,37
4944,39
4946,13
4946,33
4946,34
4946,36
4947,38
4947,40
4948,31
4950,37
4950,39
4951,36
4952,3
4953,22
4953,34
4955,37
4956,33
4956,35
4956,36
4957,29
4957,38
4958,11
4960,37
4961,26
4961,36
4962,4
4962,34
4962,39
4963,33
4963,40
4964,37
4964,38
4965,8
4965,16
4967,36
4968,39
4969,19
4969,33
4969,37
4970,2
4970,5
4972,34
4973,37
4974,32
4975,33
4975,36
4978,35
4978,39
4978,40
4979,24
4979,36
4981,37
4982,34
4984,35
4984,36
4985,33
4986,37
4988,20
4988,36
4989,25
4989,34
4990,30
4991,35
4991,39
4992,12
4992,36
4992,37
4993,16
4993,33
4993,38
4994,34
4996,23
4997,18
4998,36
4999,35
4999,37
