8,21
8,33
9,5
9,24
9,34
10,10
10,26
10,30
10,36
11,2
11,6
11,7
11,9
11,12
11,16
11,18
11,22
11,29
11,32
11,39
12,3
12,4
12,8
12,11
12,13
12,14
12,15
12,17
12,19
12,20
12,25
12,27
12,28
12,31
12,33
12,35
12,37
12,38
12,40
13,1
13,2
13,5
13,9
13,10
13,16
13,18
13,21
13,22
13,23
13,24
13,26
13,29
13,30
13,34
13,36
13,39
14,3
14,4
14,6
14,7
14,8
14,11
14,12
14,13
14,14
14,15
14,17
14,25
14,27
14,28
14,31
14,32
14,33
14,35
14,37
14,38
14,40
15,1
15,2
15,5
15,9
15,10
15,16
15,18
15,19
15,20
15,22
15,23
15,24
15,26
15,30
15,34
15,36
15,39
16,3
16,4
16,6
16,8
16,11
16,13
16,14
16,15
16,17
16,21
16,25
16,28
16,29
16,31
16,33
16,35
16,37
16,38
16,40
17,1
17,2
17,7
17,9
17,12
17,16
17,18
17,22
17,24
17,27
17,30
17,32
17,34
17,36
17,39
18,3
18,5
18,10
18,19
18,20
18,23
18,26
18,28
18,33
18,35
18,37
18,38
18,40
19,2
19,4
19,11
19,13
19,14
19,15
19,17
19,18
19,21
19,22
19,29
19,30
19,34
19,36
19,39
20,6
20,8
20,25
20,31
20,33
20,37
20,38
20,40
21,1
21,3
21,16
21,18
21,28
21,30
21,34
21,35
21,36
21,39
22,9
22,22
22,27
23,40
24,2
24,34
24,35
24,37
25,33
25,36
25,38
26,30
26,39
27,40
31,34
31,39
32,40
34,37
35,36
36,40
37,39
41,35
41,40
43,34
45,36
46,40
47,39
51,35
54,40
57,33
57,36
57,37
57,39
58,34
59,40
64,39
64,40
65,35
65,36
70,40
71,34
73,35
73,39
75,36
75,40
78,37
78,39
81,40
83,39
85,36
86,34
89,39
89,40
94,39
95,36
95,38
96,35
99,39
100,35
101,40
102,33
103,34
104,39
108,35
108,39
109,33
112,36
114,39
117,35
117,40
119,36
119,39
123,33
123,35
124,37
125,39
126,36
129,35
130,39
132,3
132,22
132,38
135,34
136,30
136,33
136,35
136,40
137,28
137,36
138,37
140,18
141,35
141,39
144,33
144,34
144,35
144,36
144,38
149,35
152,33
152,37
152,39
153,1
153,40
155,34
156,35
157,32
157,36
159,33
159,39
161,34
162,35
163,39
166,34
169,2
169,35
169,39
170,27
170,34
170,36
172,37
174,34
177,17
177,39
178,35
179,22
179,34
180,16
180,30
180,36
182,29
182,33
183,3
183,10
183,11
183,34
183,35
183,40
184,28
184,37
184,39
185,5
185,20
185,22
185,30
186,2
186,4
186,6
186,12
187,9
187,13
187,19
187,23
187,24
187,31
187,33
187,34
187,38
187,40
188,3
188,8
188,14
188,15
188,18
188,21
188,25
188,26
188,28
188,30
188,35
188,36
188,37
188,39
189,1
189,5
189,7
189,10
189,16
189,17
189,22
189,27
189,32
189,40
190,2
190,3
190,4
190,9
190,11
190,18
190,20
190,28
190,29
190,30
190,33
190,34
190,35
190,36
190,37
190,38
190,39
191,6
191,8
191,12
191,13
191,14
191,15
191,21
191,22
191,23
191,24
191,25
191,26
191,31
191,40
192,1
192,5
192,10
192,16
192,17
192,18
192,19
192,30
192,33
192,34
192,35
192,37
192,39
193,2
193,3
193,4
193,7
193,9
193,13
193,14
193,15
193,20
193,22
193,26
193,27
193,28
193,29
193,32
193,36
193,38
193,40
194,6
194,8
194,11
194,12
194,21
194,23
194,24
194,25
194,30
194,31
194,33
194,34
194,37
195,1
195,2
195,3
195,5
195,9
195,10
195,13
195,14
195,15
195,16
195,17
195,18
195,22
195,28
195,35
195,36
195,38
195,39
195,40
196,4
196,7
196,19
196,20
196,26
196,27
196,29
196,30
196,32
196,33
196,34
196,37
197,2
197,3
197,11
197,18
197,22
197,28
197,35
197,36
197,38
197,39
197,40
198,6
198,12
198,13
198,14
198,16
198,24
198,25
198,31
199,1
199,8
199,21
199,23
199,30
199,33
199,34
199,37
199,40
200,5
200,9
200,17
200,35
200,36
200,38
200,39
201,3
201,18
202,22
202,40
203,2
203,35
204,34
204,36
204,39
205,37
207,33
207,40
210,35
212,40
213,34
213,36
214,35
214,39
219,35
220,36
221,40
223,34
223,39
226,36
227,35
228,40
230,39
234,35
234,36
235,37
238,39
242,36
243,35
245,37
248,33
249,40
251,38
252,35
254,37
255,39
257,34
257,40
262,36
262,37
262,40
263,39
265,35
267,39
268,34
269,40
270,33
272,35
273,36
275,37
275,40
280,33
281,35
281,39
281,40
282,37
287,35
288,40
289,34
292,37
293,34
293,40
295,36
297,35
297,40
301,40
302,34
302,35
305,33
306,35
307,40
308,36
310,35
314,35
315,33
317,39
318,40
319,35
321,37
323,35
323,38
326,39
328,35
328,40
329,34
332,37
333,39
334,35
338,37
339,25
339,33
340,3
340,39
341,35
341,40
342,22
342,36
343,27
343,38
345,37
345,39
346,14
347,35
351,16
351,35
352,2
352,39
353,20
353,33
353,36
354,17
354,37
354,40
355,1
355,35
356,24
356,38
358,4
358,11
358,34
359,36
359,37
360,5
360,8
360,30
360,35
360,39
361,22
361,40
363,3
363,9
363,28
363,35
364,6
364,36
365,26
365,29
365,33
365,37
365,38
365,40
366,10
366,18
366,34
366,35
367,32
367,39
369,23
369,31
370,2
370,15
370,19
370,37
370,40
371,1
371,12
371,35
371,39
372,13
372,30
372,36
372,38
373,14
373,16
373,18
373,33
373,37
374,3
374,28
374,40
375,21
375,27
375,34
375,35
376,17
377,37
377,38
377,39
378,7
378,36
378,40
380,33
381,2
381,35
382,40
387,37
387,39
387,40
388,38
394,35
394,40
395,38
398,37
400,40
401,34
402,38
406,36
406,40
407,38
407,39
414,33
414,39
415,35
415,38
415,40
420,40
421,37
423,35
423,38
424,39
425,40
428,33
429,35
430,40
434,40
436,37
438,36
439,40
440,34
444,33
444,35
445,40
451,40
452,22
452,34
452,36
452,38
453,10
453,15
454,2
454,35
457,23
457,34
457,39
457,40
458,1
458,3
458,11
458,20
458,28
459,33
459,37
459,38
460,4
460,5
460,16
460,21
460,30
460,31
460,32
460,34
460,40
461,6
461,8
461,9
461,14
461,24
461,25
461,26
461,29
461,36
462,2
462,3
462,7
462,12
462,13
462,17
462,18
462,19
462,22
462,27
462,28
462,30
462,33
462,35
462,38
462,39
462,40
463,1
463,5
463,9
463,10
463,11
463,15
463,16
463,20
463,31
463,34
463,36
463,37
464,3
464,4
464,6
464,8
464,14
464,18
464,21
464,22
464,23
464,24
464,25
464,26
464,28
464,29
464,30
464,32
464,33
464,35
464,38
464,40
465,2
465,13
465,17
465,19
465,27
465,34
465,36
465,37
465,39
466,1
466,3
466,5
466,7
466,9
466,10
466,11
466,12
466,15
466,16
466,18
466,20
466,22
466,25
466,28
466,30
466,31
466,33
466,35
466,38
466,40
467,4
467,6
467,8
467,14
467,21
467,24
467,26
467,29
467,32
467,33
467,34
467,37
467,39
467,40
468,1
468,2
468,3
468,5
468,9
468,11
468,13
468,16
468,17
468,18
468,19
468,22
468,23
468,27
468,28
468,30
468,35
468,36
468,38
469,7
469,10
469,12
469,15
469,20
469,25
469,31
469,33
469,34
469,37
469,39
469,40
470,1
470,2
470,3
470,4
470,8
470,9
470,13
470,14
470,18
470,22
470,24
470,26
470,28
470,30
470,35
470,36
470,38
471,5
471,11
471,16
471,17
471,19
471,21
471,27
471,29
471,32
471,33
471,37
471,40
472,2
472,3
472,6
472,13
472,18
472,22
472,23
472,28
472,30
472,34
472,35
472,36
472,38
472,39
473,4
473,9
473,10
473,12
473,14
473,15
473,31
473,37
473,40
474,1
474,8
474,20
474,24
474,25
474,33
475,18
475,26
475,34
475,35
475,36
475,37
475,38
475,39
475,40
476,30
477,3
479,34
479,35
480,39
483,34
484,35
484,39
485,36
489,35
489,39
490,34
493,39
496,34
497,35
498,39
502,34
502,39
503,33
506,34
506,39
506,40
509,36
512,34
512,39
512,40
515,36
517,33
517,35
519,34
519,39
522,40
525,34
525,35
525,36
526,40
527,37
528,39
533,40
534,35
534,39
536,33
536,34
539,40
540,35
542,36
543,39
544,37
545,33
545,35
551,39
551,40
553,34
556,36
557,35
557,38
558,37
560,40
563,33
563,39
567,40
569,35
571,36
573,2
573,33
574,39
574,40
575,35
576,34
583,35
583,40
584,33
585,22
587,37
588,34
589,35
593,1
593,35
594,37
595,33
596,38
597,40
598,36
598,39
604,35
605,36
605,37
605,39
607,30
610,35
611,39
612,36
612,37
614,3
614,7
615,23
616,33
616,40
617,17
617,22
617,35
618,34
618,38
619,14
619,16
619,18
619,30
619,36
619,37
620,4
620,19
621,25
621,28
622,3
622,8
622,9
622,10
622,11
622,13
622,24
622,33
622,35
622,38
622,39
622,40
623,2
623,5
623,18
623,21
623,26
623,27
623,29
623,30
623,31
623,32
623,36
623,37
624,6
624,12
624,14
624,15
624,16
624,20
624,22
624,34
625,1
625,2
625,3
625,4
625,7
625,9
625,10
625,11
625,13
625,17
625,18
625,23
625,25
625,28
625,30
625,33
625,35
625,36
625,37
625,38
625,39
625,40
626,5
626,8
626,19
626,21
626,22
626,24
626,26
626,27
626,29
626,31
626,32
626,34
627,3
627,6
627,12
627,14
627,15
627,16
627,17
627,18
627,20
627,28
627,30
627,33
627,35
627,36
627,37
627,38
627,39
627,40
628,1
628,2
628,4
628,9
628,10
628,11
628,13
628,22
628,25
628,34
629,5
629,7
629,21
629,24
629,26
629,27
629,29
629,31
629,32
629,33
629,37
629,40
630,3
630,8
630,16
630,18
630,19
630,22
630,23
630,28
630,30
630,34
630,35
630,36
630,38
630,39
631,1
631,2
631,6
631,13
631,14
631,15
631,33
631,40
632,9
632,17
632,20
632,37
633,4
633,12
633,34
633,35
633,36
633,39
633,40
634,3
634,22
634,30
634,33
634,38
635,11
637,35
637,37
638,18
638,33
638,34
638,40
640,39
643,35
645,39
647,33
647,37
648,34
650,35
652,36
652,39
656,35
657,34
658,37
658,39
660,35
660,40
662,33
663,39
665,35
669,33
669,39
671,35
672,36
672,37
676,40
678,33
679,37
681,39
681,40
685,37
686,33
687,39
688,36
688,40
693,33
693,37
693,40
694,36
695,39
701,36
702,40
703,35
703,37
703,39
705,33
709,35
709,38
710,36
711,33
713,22
713,37
713,40
715,35
717,39
718,36
719,38
721,33
722,39
724,35
725,34
726,36
726,39
729,39
732,39
734,33
735,36
736,39
738,34
738,37
740,35
741,3
743,39
744,38
745,36
746,34
746,37
747,35
751,33
752,40
754,37
756,22
757,40
759,37
760,34
761,28
761,33
762,36
763,30
763,38
763,40
767,2
767,33
767,40
769,37
769,39
773,6
773,38
774,40
775,27
775,34
776,39
777,35
778,5
778,36
779,40
781,34
781,38
782,14
783,8
783,33
784,34
784,40
785,35
788,17
788,36
790,34
790,38
791,37
791,40
793,1
795,33
795,34
795,40
796,3
796,29
796,30
796,35
798,16
798,18
798,36
798,38
799,9
799,31
800,34
800,35
800,37
800,40
801,11
801,22
801,23
801,24
801,25
801,26
801,30
801,33
802,3
802,12
802,32
802,39
803,4
803,13
803,19
803,22
803,30
803,33
803,34
803,36
803,37
803,38
803,40
804,2
804,9
804,10
804,18
804,20
804,21
804,26
804,28
804,35
805,1
805,5
805,6
805,14
805,15
805,16
805,17
805,25
805,27
806,2
806,3
806,7
806,8
806,9
806,10
806,11
806,13
806,18
806,20
806,24
806,28
806,30
806,31
806,32
806,33
806,34
806,35
806,36
806,37
806,38
806,39
806,40
807,1
807,4
807,12
807,14
807,16
807,19
807,21
807,22
807,23
807,26
807,29
808,3
808,5
808,6
808,15
808,17
808,18
808,24
808,25
808,27
808,30
808,33
808,34
808,35
808,36
808,37
808,38
808,39
808,40
809,1
809,2
809,7
809,8
809,9
809,10
809,11
809,13
809,14
809,20
809,22
809,28
809,29
809,31
809,32
810,3
810,4
810,12
810,16
810,21
810,23
810,26
810,33
810,34
810,35
810,36
810,37
810,38
810,39
810,40
811,2
811,5
811,6
811,8
811,10
811,13
811,14
811,15
811,17
811,18
811,19
811,22
811,24
811,25
811,27
811,28
811,29
811,30
811,31
812,1
812,3
812,7
812,9
812,11
812,18
812,20
812,28
812,32
812,33
812,34
812,36
812,37
812,38
812,39
812,40
813,2
813,4
813,5
813,6
813,8
813,10
813,12
813,13
813,14
813,15
813,16
813,17
813,19
813,21
813,22
813,23
813,24
813,25
813,26
813,27
813,29
813,30
813,31
813,35
814,2
814,3
814,9
814,18
814,22
814,28
814,30
814,33
814,34
814,35
814,36
814,37
814,38
814,39
814,40
815,1
815,4
815,5
815,6
815,7
815,8
815,10
815,11
815,12
815,13
815,14
815,15
815,16
815,17
815,19
815,20
815,21
815,24
815,25
815,26
815,27
815,29
815,31
815,32
816,1
816,3
816,9
816,13
816,14
816,15
816,16
816,18
816,21
816,22
816,23
816,28
816,30
816,33
816,34
816,35
816,36
816,37
816,38
816,39
816,40
817,2
817,4
817,5
817,6
817,7
817,8
817,10
817,11
817,12
817,17
817,19
817,20
817,24
817,25
817,26
817,27
817,29
817,31
817,32
818,3
818,18
818,22
818,30
818,33
818,34
818,35
818,36
818,37
818,38
818,39
818,40
819,1
819,2
819,4
819,5
819,9
819,11
819,13
819,14
819,15
819,16
819,21
819,28
820,7
820,8
820,27
820,31
821,2
821,26
821,28
821,33
821,34
821,35
821,36
821,37
821,38
821,39
821,40
822,3
822,12
822,13
822,18
822,22
822,29
822,30
824,1
824,35
824,40
825,33
825,34
825,37
827,30
830,40
834,34
834,35
836,40
839,34
839,35
842,40
844,34
844,35
847,40
849,34
849,35
852,39
854,35
854,40
855,34
858,35
861,34
861,40
863,35
867,35
868,34
868,39
870,33
871,40
875,35
875,36
878,34
878,40
879,33
879,39
883,37
884,34
884,36
884,40
891,34
891,35
891,40
892,39
893,36
894,37
900,36
900,39
902,34
902,40
906,37
907,34
908,33
910,36
912,34
912,40
915,33
917,34
918,35
918,36
918,40
921,34
924,40
925,34
926,36
928,33
931,34
931,35
936,33
936,40
938,34
938,35
939,36
939,37
939,38
941,40
944,35
947,34
947,40
948,37
949,35
951,33
955,35
956,37
957,33
958,40
960,22
961,37
962,35
963,40
964,33
964,38
970,40
971,35
971,38
972,34
972,37
973,36
974,33
977,35
978,40
982,35
983,38
984,40
985,33
987,35
987,37
990,40
992,35
995,39
995,40
996,35
1001,35
1002,40
1003,33
1003,36
1003,39
1004,2
1004,34
1007,3
1009,17
1009,38
1009,40
1010,1
1010,2
1010,34
1010,39
1011,14
1011,28
1011,36
1012,26
1012,30
1012,33
1013,5
1013,8
1013,32
1013,35
1014,2
1014,9
1014,11
1014,20
1014,29
1014,34
1014,39
1014,40
1015,4
1015,6
1015,7
1015,10
1015,12
1015,13
1015,16
1015,18
1015,23
1015,24
1015,31
1015,36
1015,37
1015,38
1016,3
1016,15
1016,19
1016,21
1016,22
1016,25
1016,27
1016,30
1016,33
1016,34
1016,35
1016,40
1017,1
1017,2
1017,4
1017,5
1017,8
1017,9
1017,11
1017,14
1017,16
1017,17
1017,18
1017,26
1017,28
1017,36
1017,37
1017,38
1017,39
1018,3
1018,6
1018,10
1018,13
1018,20
1018,22
1018,23
1018,24
1018,29
1018,30
1018,31
1018,32
1018,34
1018,40
1019,2
1019,5
1019,7
1019,8
1019,9
1019,12
1019,15
1019,16
1019,17
1019,18
1019,21
1019,25
1019,27
1019,28
1019,33
1019,35
1019,36
1019,37
1019,38
1019,39
1020,1
1020,3
1020,4
1020,11
1020,13
1020,14
1020,19
1020,22
1020,26
1020,30
1020,34
1020,40
1021,6
1021,10
1021,16
1021,18
1021,20
1021,24
1021,27
1021,28
1021,29
1021,31
1021,32
1021,33
1021,35
1021,36
1021,37
1021,38
1021,39
1022,2
1022,3
1022,5
1022,8
1022,9
1022,12
1022,15
1022,21
1022,22
1022,23
1022,30
1022,34
1022,40
1023,1
1023,4
1023,13
1023,14
1023,17
1023,25
1023,33
1023,35
1023,36
1023,37
1023,38
1023,39
1024,7
1024,11
1024,18
1024,19
1024,26
1024,30
1024,34
1024,40
1025,3
1025,10
1025,22
1025,28
1026,2
1026,33
1026,35
1026,39
1027,16
1027,27
1027,34
1027,36
1027,37
1027,38
1027,40
1029,18
1029,30
1031,39
1032,35
1033,34
1033,36
1033,40
1036,33
1038,34
1039,35
1039,36
1039,39
1043,33
1043,34
1044,40
1045,39
1048,35
1048,36
1049,33
1049,40
1051,34
1054,35
1055,40
1056,33
1056,34
1062,35
1064,40
1065,33
1065,34
1065,36
1069,35
1072,35
1074,33
1074,40
1075,37
1077,35
1078,39
1081,35
1084,35
1085,39
1086,34
1086,40
1089,35
1091,34
1091,40
1092,39
1093,35
1096,36
1097,35
1098,34
1099,39
1101,35
1103,33
1105,35
1106,40
1110,34
1110,39
1111,35
1111,36
1111,38
1116,39
1117,34
1117,35
1119,36
1119,40
1120,33
1121,35
1121,38
1127,35
1128,34
1128,38
1128,40
1129,39
1130,36
1134,35
1139,33
1139,34
1139,35
1140,37
1141,36
1141,38
1141,39
1145,39
1148,35
1149,40
1150,36
1150,39
1156,39
1157,22
1158,2
1158,18
1158,23
1158,35
1159,11
1159,12
1159,28
1159,33
1159,37
1160,24
1160,34
1161,3
1161,4
1161,6
1161,9
1161,10
1161,16
1161,19
1161,20
1161,26
1161,27
1161,30
1161,36
1161,39
1161,40
1162,5
1162,8
1162,13
1162,14
1162,15
1162,17
1162,18
1162,25
1162,29
1162,31
1162,32
1162,38
1163,1
1163,2
1163,3
1163,4
1163,7
1163,9
1163,10
1163,11
1163,16
1163,21
1163,22
1163,23
1163,26
1163,27
1163,28
1163,30
1163,33
1163,34
1163,35
1163,36
1163,37
1163,39
1163,40
1164,5
1164,6
1164,8
1164,12
1164,13
1164,14
1164,15
1164,17
1164,18
1164,19
1164,20
1164,24
1164,25
1164,29
1164,31
1164,38
1165,1
1165,2
1165,3
1165,4
1165,9
1165,11
1165,16
1165,21
1165,22
1165,26
1165,27
1165,28
1165,30
1165,32
1165,33
1165,34
1165,35
1165,36
1165,37
1165,39
1165,40
1166,5
1166,6
1166,7
1166,8
1166,10
1166,12
1166,13
1166,14
1166,15
1166,17
1166,18
1166,19
1166,20
1166,23
1166,24
1166,25
1166,29
1166,31
1166,38
1167,2
1167,3
1167,9
1167,16
1167,18
1167,22
1167,28
1167,30
1167,33
1167,34
1167,35
1167,36
1167,37
1167,38
1167,39
1167,40
1168,1
1168,4
1168,5
1168,6
1168,7
1168,8
1168,10
1168,11
1168,12
1168,13
1168,14
1168,15
1168,17
1168,20
1168,21
1168,23
1168,24
1168,26
1168,27
1168,29
1168,31
1168,32
1169,1
1169,3
1169,9
1169,13
1169,14
1169,16
1169,18
1169,19
1169,22
1169,25
1169,28
1169,30
1169,33
1169,34
1169,35
1169,36
1169,37
1169,38
1169,39
1169,40
1170,2
1170,4
1170,5
1170,6
1170,7
1170,8
1170,10
1170,11
1170,12
1170,15
1170,17
1170,20
1170,21
1170,23
1170,24
1170,26
1170,27
1170,29
1170,31
1170,32
1171,2
1171,3
1171,18
1171,22
1171,28
1171,30
1171,33
1171,34
1171,35
1171,36
1171,37
1171,38
1171,39
1171,40
1172,1
1172,4
1172,6
1172,7
1172,9
1172,10
1172,11
1172,13
1172,14
1172,15
1172,16
1172,19
1172,20
1172,21
1172,24
1172,25
1172,26
1172,27
1172,29
1172,31
1173,3
1173,5
1173,8
1173,12
1173,17
1173,30
1173,32
1173,33
1173,34
1173,35
1173,36
1173,37
1173,38
1173,39
1173,40
1174,1
1174,2
1174,4
1174,9
1174,10
1174,11
1174,13
1174,14
1174,15
1174,16
1174,18
1174,19
1174,21
1174,22
1174,25
1174,26
1174,28
1174,29
1174,31
1175,7
1175,18
1175,23
1175,24
1175,27
1175,28
1175,33
1175,34
1175,35
1175,36
1175,37
1175,38
1175,39
1175,40
1176,1
1176,2
1176,3
1176,6
1176,9
1176,12
1176,13
1176,14
1176,15
1176,20
1176,22
1176,30
1176,32
1177,4
1177,10
1177,11
1177,16
1177,17
1177,40
1178,1
1178,2
1178,3
1178,5
1178,8
1178,18
1178,21
1178,22
1178,26
1178,30
1178,31
1178,33
1178,34
1178,35
1178,36
1178,37
1178,38
1179,13
1179,28
1179,39
1180,14
1180,33
1180,40
1181,35
1181,37
1182,34
1182,36
1182,38
1185,39
1187,40
1188,34
1190,35
1193,39
1193,40
1195,34
1196,37
1199,36
1199,39
1200,35
1200,40
1206,35
1206,39
1207,34
1207,40
1210,37
1212,40
1213,39
1215,34
1215,36
1217,40
1220,39
1222,40
1225,34
1226,39
1227,36
1227,40
1230,35
1234,39
1234,40
1236,35
1239,36
1241,33
1241,35
1241,37
1244,40
1250,35
1250,37
1251,39
1251,40
1256,36
1258,38
1258,40
1259,35
1262,33
1264,35
1265,36
1265,40
1267,38
1270,39
1272,35
1274,38
1275,33
1276,36
1279,35
1279,39
1281,40
1282,34
1285,35
1287,36
1287,37
1287,39
1289,35
1293,33
1294,34
1294,35
1294,36
1295,38
1298,40
1300,35
1304,36
1304,39
1308,37
1310,35
1310,40
1316,36
1316,39
1317,35
1318,22
1318,37
1321,33
1323,39
1324,35
1325,37
1328,3
1328,36
1329,39
1330,33
1330,35
1330,37
1333,38
1333,40
1335,2
1337,34
1337,37
1338,22
1338,39
1340,35
1342,36
1342,39
1343,37
1343,38
1343,40
1344,16
1347,23
1347,35
1348,33
1348,39
1348,40
1349,37
1352,39
1354,2
1355,28
1356,37
1356,39
1357,33
1357,34
1357,40
1358,27
1358,35
1359,25
1359,38
1360,8
1360,24
1360,32
1361,17
1361,35
1361,36
1361,39
1362,37
1362,40
1363,5
1364,3
1364,38
1365,14
1365,20
1365,22
1366,4
1366,30
1366,33
1366,34
1366,35
1367,6
1367,9
1367,11
1367,31
1367,37
1367,39
1367,40
1368,1
1368,2
1368,18
1368,26
1368,29
1368,36
1369,3
1369,10
1369,15
1369,16
1369,21
1370,12
1370,13
1370,19
1370,22
1370,23
1370,25
1370,27
1370,28
1370,33
1370,35
1370,37
1370,38
1370,39
1370,40
1371,2
1371,5
1371,7
1371,9
1371,11
1371,14
1371,17
1371,18
1371,20
1371,24
1371,30
1371,32
1371,34
1371,36
1372,1
1372,3
1372,4
1372,6
1372,8
1372,16
1372,26
1372,31
1372,33
1372,37
1372,40
1373,2
1373,10
1373,11
1373,13
1373,14
1373,15
1373,18
1373,19
1373,21
1373,22
1373,28
1373,29
1373,30
1373,34
1373,35
1373,36
1373,38
1373,39
1374,3
1374,5
1374,7
1374,9
1374,12
1374,17
1374,23
1374,24
1374,25
1374,27
1374,32
1374,33
1374,37
1374,40
1375,2
1375,4
1375,16
1375,18
1375,20
1375,26
1375,28
1375,30
1375,31
1375,34
1375,35
1375,36
1375,38
1375,39
1376,1
1376,3
1376,6
1376,8
1376,10
1376,11
1376,13
1376,14
1376,21
1376,22
1376,29
1376,33
1376,37
1376,40
1377,15
1377,19
1377,34
1377,35
1377,39
1378,2
1378,5
1378,9
1378,12
1378,17
1378,22
1378,28
1378,30
1378,36
1378,37
1378,38
1378,40
1379,3
1379,18
1379,24
1379,27
1379,33
1380,1
1380,4
1380,7
1381,25
1381,30
1381,34
1381,35
1381,36
1381,37
1381,38
1381,39
1381,40
1383,33
1385,22
1387,34
1387,40
1388,35
1390,37
1391,36
1394,39
1395,35
1395,40
1398,34
1398,36
1399,37
1404,35
1405,34
1405,36
1406,39
1407,40
1409,37
1415,39
1416,35
1418,37
1419,34
1422,36
1423,35
1425,37
1429,40
1432,38
1433,34
1434,39
1435,35
1435,36
1436,37
1442,35
1442,37
1445,39
1447,37
1448,34
1449,35
1449,36
1449,38
1451,33
1455,35
1456,37
1457,36
1459,34
1459,40
1460,33
1460,35
1463,39
1468,35
1469,33
1469,38
1469,40
1470,36
1470,39
1471,22
1471,34
1474,35
1475,36
1476,34
1479,35
1483,33
1485,34
1486,35
1486,37
1486,40
1487,18
1487,36
1487,38
1487,39
1491,35
1492,40
1493,34
1493,37
1498,35
1498,40
1501,37
1501,39
1502,38
1503,34
1503,35
1506,40
1510,22
1510,34
1510,35
1510,36
1510,39
1512,40
1516,35
1517,33
1518,2
1518,36
1518,39
1520,37
1520,40
1521,3
1525,30
1525,35
1525,37
1525,39
1527,16
1527,32
1527,36
1528,4
1528,19
1528,28
1529,21
1530,8
1530,10
1530,14
1530,17
1530,18
1530,25
1530,33
1530,34
1530,35
1530,37
1531,2
1531,3
1531,5
1531,6
1531,9
1531,11
1531,13
1531,15
1531,22
1531,23
1531,24
1531,26
1531,29
1531,30
1531,31
1531,36
1531,38
1531,39
1532,1
1532,7
1532,12
1532,16
1532,20
1532,27
1532,28
1532,33
1532,34
1532,37
1532,40
1533,2
1533,3
1533,4
1533,5
1533,6
1533,8
1533,9
1533,10
1533,11
1533,13
1533,14
1533,15
1533,17
1533,18
1533,19
1533,21
1533,22
1533,23
1533,24
1533,25
1533,26
1533,29
1533,30
1533,31
1533,32
1533,35
1533,36
1533,38
1533,39
1534,3
1534,9
1534,13
1534,14
1534,16
1534,17
1534,18
1534,20
1534,22
1534,26
1534,27
1534,28
1534,30
1534,31
1534,33
1534,34
1534,35
1534,36
1534,37
1534,38
1534,39
1534,40
1535,1
1535,2
1535,4
1535,5
1535,6
1535,7
1535,8
1535,10
1535,11
1535,12
1535,15
1535,19
1535,21
1535,23
1535,24
1535,25
1535,29
1535,32
1536,3
1536,9
1536,13
1536,14
1536,16
1536,18
1536,22
1536,28
1536,30
1536,33
1536,34
1536,35
1536,36
1536,37
1536,38
1536,39
1536,40
1537,1
1537,2
1537,4
1537,5
1537,6
1537,7
1537,8
1537,10
1537,11
1537,12
1537,15
1537,17
1537,19
1537,20
1537,21
1537,24
1537,25
1537,26
1537,27
1537,29
1537,31
1538,1
1538,2
1538,3
1538,9
1538,18
1538,22
1538,23
1538,27
1538,28
1538,30
1538,32
1538,33
1538,34
1538,35
1538,36
1538,37
1538,38
1538,39
1538,40
1539,4
1539,5
1539,6
1539,7
1539,8
1539,10
1539,11
1539,12
1539,13
1539,14
1539,15
1539,16
1539,17
1539,19
1539,20
1539,21
1539,24
1539,25
1539,26
1539,29
1539,31
1540,1
1540,2
1540,3
1540,9
1540,18
1540,22
1540,28
1540,30
1540,33
1540,34
1540,35
1540,36
1540,37
1540,38
1540,39
1540,40
1541,4
1541,5
1541,6
1541,7
1541,8
1541,10
1541,11
1541,12
1541,13
1541,14
1541,15
1541,16
1541,17
1541,19
1541,20
1541,21
1541,23
1541,24
1541,26
1541,27
1541,29
1541,31
1541,32
1542,1
1542,2
1542,3
1542,9
1542,13
1542,15
1542,18
1542,22
1542,25
1542,28
1542,30
1542,33
1542,34
1542,35
1542,36
1542,37
1542,38
1542,39
1542,40
1543,4
1543,5
1543,6
1543,7
1543,8
1543,10
1543,11
1543,12
1543,14
1543,16
1543,17
1543,19
1543,20
1543,21
1543,23
1543,24
1543,26
1543,27
1543,29
1543,31
1543,32
1544,3
1544,18
1544,22
1544,30
1544,33
1544,34
1544,35
1544,36
1544,37
1544,38
1544,39
1544,40
1545,1
1545,2
1545,4
1545,9
1545,11
1545,13
1545,14
1545,15
1545,16
1545,26
1545,28
1545,29
1546,5
1546,6
1546,10
1546,12
1546,17
1546,20
1546,21
1546,25
1546,27
1546,31
1547,1
1547,2
1547,7
1547,8
1547,13
1547,18
1547,22
1547,24
1547,28
1547,30
1547,33
1547,34
1547,35
1547,36
1547,37
1547,38
1547,39
1547,40
1548,3
1548,14
1549,40
1550,33
1551,34
1551,35
1551,36
1552,37
1554,40
1557,40
1558,37
1560,35
1561,34
1563,40
1566,34
1567,35
1567,37
1568,40
1573,35
1574,34
1574,40
1575,36
1575,37
1577,33
1580,35
1582,34
1584,40
1585,37
1586,35
1588,34
1591,37
1593,35
1596,34
1597,37
1597,39
1598,35
1601,35
1604,33
1605,35
1606,39
1610,37
1611,39
1612,35
1613,36
1614,40
1616,39
1620,35
1621,34
1621,39
1622,37
1627,33
1627,36
1629,35
1629,39
1632,37
1633,40
1637,39
1639,36
1640,38
1640,40
1641,34
1646,35
1648,40
1649,33
1649,39
1651,34
1653,36
1654,40
1661,35
1662,33
1662,37
1662,39
1663,34
1663,36
1664,40
1670,37
1671,40
1672,30
1672,39
1674,34
1674,38
1679,40
1680,34
1680,39
1681,35
1681,37
1682,36
1687,35
1688,33
1688,37
1689,1
1689,39
1692,34
1692,38
1693,40
1695,35
1695,36
1695,37
1702,37
1702,40
1703,34
1703,35
1703,39
1709,37
1710,22
1710,36
1711,35
1714,34
1716,22
1716,33
1718,35
1718,38
1718,40
1721,2
1721,36
1723,35
1725,33
1725,39
1726,40
1727,34
1727,35
1732,35
1736,11
1736,35
1737,18
1737,34
1738,16
1738,33
1738,40
1739,9
1739,22
1739,35
1740,3
1740,20
1740,37
1740,39
1741,4
1741,5
1741,31
1742,23
1742,24
1742,25
1742,26
1742,29
1742,32
1742,34
1742,35
1742,40
1743,3
1743,15
1743,19
1743,30
1743,36
1743,37
1743,38
1744,2
1744,6
1744,7
1744,8
1744,10
1744,12
1744,13
1744,14
1744,16
1744,17
1744,22
1744,27
1744,28
1744,33
1744,39
1744,40
1745,1
1745,9
1745,18
1745,21
1745,34
1745,35
1746,2
1746,3
1746,4
1746,5
1746,6
1746,10
1746,11
1746,14
1746,16
1746,20
1746,22
1746,24
1746,25
1746,26
1746,28
1746,30
1746,31
1746,33
1746,36
1746,37
1746,38
1746,39
1746,40
1747,8
1747,12
1747,13
1747,15
1747,17
1747,19
1747,23
1747,27
1747,29
1747,32
1747,35
1747,40
1748,1
1748,2
1748,3
1748,4
1748,5
1748,6
1748,7
1748,9
1748,14
1748,16
1748,18
1748,21
1748,22
1748,26
1748,28
1748,30
1748,31
1748,33
1748,34
1748,36
1748,37
1748,38
1748,39
1749,10
1749,11
1749,13
1749,15
1749,20
1749,24
1749,25
1749,35
1749,40
1750,2
1750,3
1750,8
1750,9
1750,12
1750,14
1750,17
1750,18
1750,19
1750,22
1750,23
1750,27
1750,28
1750,29
1750,30
1750,32
1750,33
1750,34
1750,36
1750,37
1750,38
1750,39
1751,1
1751,4
1751,5
1751,7
1751,16
1751,21
1751,26
1751,31
1751,35
1751,40
1752,2
1752,3
1752,6
1752,13
1752,18
1752,22
1752,28
1752,30
1752,33
1752,34
1752,36
1752,37
1752,38
1752,39
1753,8
1753,10
1753,11
1753,14
1753,15
1753,17
1753,24
1753,25
1753,29
1753,35
1753,40
1754,9
1754,20
1754,27
1754,37
1754,39
1755,3
1755,18
1755,33
1755,34
1755,35
1755,36
1755,38
1755,40
1757,12
1757,28
1757,30
1758,22
1759,33
1759,37
1759,39
1760,35
1760,36
1760,40
1761,34
1764,35
1765,34
1765,39
1766,36
1768,40
1769,33
1769,37
1770,34
1770,35
1770,39
1773,36
1775,34
1775,35
1775,39
1777,37
1781,34
1782,36
1782,37
1783,39
1785,35
1786,40
1788,39
1789,35
1790,36
1792,33
1793,35
1793,37
1793,40
1797,35
1799,36
1800,39
1800,40
1801,35
1803,33
1805,40
1808,35
1808,37
1810,36
1810,40
1811,39
1812,33
1816,40
1817,35
1817,37
1818,36
1818,39
1822,39
1824,40
1826,36
1827,33
1828,39
1830,34
1831,37
1831,40
1833,39
1834,36
1837,39
1838,37
1839,40
1844,37
1845,39
1846,38
1847,40
1849,39
1852,40
1853,36
1854,39
1858,40
1860,39
1861,35
1861,37
1862,40
1864,33
1865,36
1866,39
1866,40
1870,39
1870,40
1874,40
1876,36
1876,39
1877,23
1878,37
1879,35
1879,40
1880,33
1884,40
1885,39
1886,37
1887,36
1888,38
1889,40
1891,33
1894,40
1895,37
1899,33
1900,39
1901,36
1902,40
1903,18
1904,37
1905,30
1905,34
1906,32
1906,40
1908,33
1908,36
1909,3
1909,4
1909,17
1910,40
1911,16
1912,5
1912,22
1912,35
1912,38
1912,39
1913,2
1913,11
1913,26
1913,28
1913,33
1913,36
1914,10
1914,13
1914,29
1914,30
1915,1
1915,8
1915,9
1915,14
1915,18
1915,21
1915,24
1915,27
1915,31
1915,34
1915,35
1915,39
1915,40
1916,3
1916,6
1916,19
1916,20
1916,25
1916,28
1916,30
1916,33
1916,37
1917,2
1917,4
1917,5
1917,7
1917,12
1917,15
1917,16
1917,17
1917,22
1917,23
1917,26
1917,32
1917,36
1917,38
1917,40
1918,3
1918,8
1918,9
1918,10
1918,11
1918,13
1918,14
1918,18
1918,21
1918,27
1918,29
1918,30
1918,31
1918,33
1918,34
1918,35
1918,37
1918,39
1919,1
1919,2
1919,6
1919,15
1919,16
1919,19
1919,20
1919,22
1919,24
1919,25
1919,28
1919,36
1919,38
1919,40
1920,3
1920,4
1920,5
1920,7
1920,9
1920,12
1920,17
1920,18
1920,23
1920,26
1920,30
1920,33
1920,34
1920,35
1920,37
1920,39
1921,2
1921,8
1921,10
1921,11
1921,13
1921,14
1921,21
1921,22
1921,27
1921,29
1921,31
1921,32
1921,36
1921,38
1921,40
1922,1
1922,3
1922,6
1922,15
1922,16
1922,18
1922,24
1922,28
1922,30
1922,33
1922,35
1922,37
1922,39
1923,4
1923,9
1923,17
1923,19
1923,20
1923,22
1923,25
1923,34
1923,36
1923,38
1923,40
1924,2
1924,5
1924,7
1924,10
1924,14
1924,26
1924,33
1924,35
1924,37
1925,3
1925,11
1925,12
1925,13
1925,23
1925,32
1925,34
1925,39
1925,40
1926,18
1926,27
1926,28
1926,30
1926,36
1927,1
1927,22
1927,31
1927,33
1927,35
1927,37
1927,38
1927,40
1928,29
1928,34
1928,39
1931,35
1931,40
1932,34
1932,36
1933,39
1935,35
1937,40
1939,34
1939,39
1940,35
1941,36
1943,35
1945,39
1945,40
1946,34
1947,35
1947,36
1951,35
1953,39
1955,36
1956,40
1957,35
1958,39
1960,34
1960,36
1963,37
1965,35
1966,34
1966,39
1968,36
1972,35
1973,34
1975,33
1975,39
1978,36
1978,40
1983,34
1983,35
1983,39
1986,36
1987,37
1990,34
1993,35
1994,36
1997,33
1997,34
1997,38
1997,39
2000,35
2004,34
2004,39
2005,36
2005,38
2005,40
2006,35
2011,35
2013,34
2014,38
2014,39
2015,36
2019,39
2021,35
2025,33
2025,39
2026,35
2026,37
2027,34
2027,40
2034,35
2035,34
2035,37
2036,39
2041,33
2041,39
2042,38
2044,35
2047,39
2048,36
2049,40
2054,40
2055,37
2056,36
2058,1
2058,18
2058,33
2058,35
2059,3
2062,22
2062,34
2062,37
2062,38
2063,2
2063,16
2063,20
2064,14
2064,25
2064,32
2064,39
2065,4
2065,24
2065,36
2065,40
2066,3
2066,5
2066,9
2066,10
2066,11
2066,17
2066,26
2066,31
2066,33
2066,35
2067,2
2067,6
2067,8
2067,12
2067,13
2067,15
2067,18
2067,19
2067,21
2067,22
2067,27
2067,28
2067,29
2067,30
2067,34
2067,37
2067,38
2067,39
2068,3
2068,7
2068,9
2068,11
2068,16
2068,23
2068,33
2068,35
2068,36
2068,40
2069,1
2069,2
2069,4
2069,5
2069,10
2069,13
2069,14
2069,15
2069,17
2069,18
2069,20
2069,24
2069,25
2069,26
2069,27
2069,28
2069,30
2069,31
2069,32
2069,34
2069,37
2069,38
2069,39
2070,3
2070,6
2070,8
2070,12
2070,19
2070,21
2070,22
2070,29
2070,33
2070,35
2070,36
2070,37
2070,40
2071,1
2071,2
2071,4
2071,5
2071,7
2071,9
2071,10
2071,11
2071,13
2071,14
2071,15
2071,16
2071,17
2071,18
2071,20
2071,23
2071,24
2071,25
2071,26
2071,27
2071,28
2071,30
2071,31
2071,32
2071,34
2071,38
2071,39
2072,3
2072,4
2072,8
2072,13
2072,14
2072,18
2072,21
2072,22
2072,28
2072,30
2072,31
2072,33
2072,34
2072,35
2072,36
2072,37
2072,38
2072,39
2072,40
2073,1
2073,2
2073,5
2073,6
2073,7
2073,9
2073,10
2073,11
2073,12
2073,15
2073,16
2073,17
2073,19
2073,20
2073,23
2073,24
2073,25
2073,26
2073,27
2073,29
2073,32
2074,1
2074,2
2074,3
2074,11
2074,13
2074,14
2074,18
2074,22
2074,28
2074,30
2074,33
2074,34
2074,35
2074,36
2074,37
2074,38
2074,39
2074,40
2075,4
2075,5
2075,6
2075,7
2075,8
2075,9
2075,10
2075,12
2075,15
2075,16
2075,17
2075,19
2075,20
2075,21
2075,23
2075,24
2075,25
2075,26
2075,27
2075,29
2075,31
2075,32
2076,3
2076,9
2076,18
2076,22
2076,28
2076,30
2076,33
2076,34
2076,35
2076,36
2076,37
2076,38
2076,39
2076,40
2077,1
2077,2
2077,4
2077,5
2077,6
2077,7
2077,8
2077,10
2077,11
2077,12
2077,13
2077,14
2077,15
2077,16
2077,17
2077,19
2077,20
2077,21
2077,26
2077,27
2077,29
2077,31
2078,1
2078,2
2078,3
2078,9
2078,22
2078,23
2078,24
2078,25
2078,28
2078,30
2078,32
2078,33
2078,34
2078,35
2078,36
2078,37
2078,38
2078,39
2078,40
2079,4
2079,5
2079,6
2079,7
2079,8
2079,10
2079,11
2079,12
2079,13
2079,14
2079,15
2079,16
2079,17
2079,18
2079,19
2079,20
2079,21
2079,26
2079,27
2079,29
2079,31
2080,3
2080,18
2080,22
2080,28
2080,30
2080,33
2080,34
2080,35
2080,36
2080,37
2080,38
2080,39
2080,40
2081,1
2081,2
2081,4
2081,6
2081,8
2081,9
2081,10
2081,11
2081,12
2081,13
2081,14
2081,15
2081,16
2081,21
2081,26
2081,29
2082,5
2082,7
2082,23
2082,24
2082,31
2082,40
2083,1
2083,2
2083,3
2083,13
2083,14
2083,18
2083,19
2083,20
2083,22
2083,27
2083,28
2083,30
2083,32
2083,33
2083,34
2083,35
2083,36
2083,37
2083,38
2083,39
2084,9
2084,12
2084,15
2084,16
2084,17
2084,29
2084,40
2085,33
2085,34
2085,37
2086,4
2086,22
2086,30
2086,35
2086,36
2086,38
2086,39
2087,2
2088,40
2090,39
2091,35
2093,34
2094,40
2096,39
2099,40
2101,39
2102,36
2104,35
2105,40
2110,36
2111,40
2112,35
2112,39
2114,34
2117,37
2118,36
2119,40
2123,35
2123,36
2126,33
2126,39
2126,40
2132,35
2134,36
2134,39
2134,40
2136,34
2139,36
2142,40
2144,33
2144,35
2145,36
2146,37
2148,35
2153,35
2155,36
2156,37
2156,40
2161,33
2162,35
2162,38
2162,40
2168,39
2169,36
2169,40
2171,35
2171,37
2174,40
2179,35
2179,36
2179,40
2180,34
2180,37
2181,39
2186,39
2187,40
2189,35
2190,36
2195,34
2196,33
2198,40
2199,39
2201,2
2201,36
2202,38
2206,22
2208,33
2208,35
2209,37
2209,39
2210,34
2211,18
2212,40
2214,30
2214,34
2214,36
2216,28
2216,37
2216,39
2220,34
2221,35
2221,36
2224,38
2225,33
2226,39
2226,40
2231,34
2233,36
2233,39
2235,35
2239,34
2240,39
2241,35
2246,38
2248,34
2248,35
2248,39
2248,40
2251,33
2252,1
2253,37
2255,34
2255,35
2255,39
2256,40
2257,22
2260,37
2261,39
2261,40
2262,3
2262,35
2263,34
2265,23
2265,36
2267,35
2269,11
2269,34
2271,2
2271,39
2272,14
2272,16
2272,33
2272,35
2273,15
2273,34
2273,40
2274,26
2274,38
2275,28
2275,36
2276,4
2276,18
2276,20
2276,22
2276,29
2277,24
2277,32
2277,37
2277,40
2278,3
2278,5
2278,9
2278,10
2278,17
2278,25
2278,30
2278,31
2278,33
2278,34
2278,35
2278,38
2278,39
2279,1
2279,2
2279,6
2279,7
2279,8
2279,13
2279,14
2279,19
2279,21
2279,27
2279,36
2280,3
2280,12
2280,15
2280,16
2280,18
2280,22
2280,26
2280,28
2280,33
2280,37
2280,39
2280,40
2281,1
2281,2
2281,4
2281,5
2281,9
2281,10
2281,11
2281,13
2281,17
2281,20
2281,21
2281,23
2281,24
2281,29
2281,30
2281,31
2281,32
2281,34
2281,35
2281,36
2281,38
2282,3
2282,6
2282,8
2282,14
2282,25
2282,27
2282,30
2282,33
2282,37
2282,39
2282,40
2283,2
2283,5
2283,7
2283,9
2283,10
2283,11
2283,12
2283,13
2283,15
2283,16
2283,17
2283,18
2283,19
2283,21
2283,22
2283,24
2283,26
2283,28
2283,31
2283,34
2283,35
2283,36
2283,38
2284,1
2284,3
2284,4
2284,20
2284,29
2284,30
2284,32
2284,33
2284,34
2284,37
2284,38
2284,39
2284,40
2285,2
2285,6
2285,8
2285,9
2285,10
2285,11
2285,13
2285,14
2285,15
2285,16
2285,18
2285,19
2285,22
2285,23
2285,24
2285,25
2285,27
2285,28
2285,31
2285,35
2285,36
2286,5
2286,7
2286,12
2286,17
2286,18
2286,21
2286,26
2286,30
2286,33
2286,34
2286,35
2286,37
2286,38
2286,39
2286,40
2287,1
2287,2
2287,3
2287,4
2287,6
2287,8
2287,9
2287,11
2287,13
2287,14
2287,15
2287,16
2287,20
2287,22
2287,23
2287,25
2287,27
2287,28
2287,29
2287,31
2287,32
2287,36
2288,3
2288,10
2288,18
2288,19
2288,22
2288,24
2288,30
2288,33
2288,34
2288,35
2288,36
2288,37
2288,38
2288,39
2288,40
2289,1
2289,2
2289,4
2289,5
2289,6
2289,7
2289,8
2289,9
2289,11
2289,12
2289,13
2289,14
2289,15
2289,16
2289,17
2289,20
2289,21
2289,23
2289,25
2289,26
2289,27
2289,28
2289,29
2289,31
2290,1
2290,2
2290,3
2290,8
2290,9
2290,12
2290,13
2290,14
2290,16
2290,18
2290,22
2290,26
2290,28
2290,30
2290,32
2290,33
2290,34
2290,35
2290,36
2290,37
2290,38
2290,39
2290,40
2291,4
2291,5
2291,6
2291,7
2291,10
2291,11
2291,15
2291,17
2291,19
2291,20
2291,21
2291,23
2291,24
2291,25
2291,27
2291,29
2291,31
2292,3
2292,18
2292,22
2292,28
2292,30
2292,33
2292,34
2292,35
2292,36
2292,37
2292,38
2292,39
2292,40
2293,1
2293,2
2293,9
2293,13
2293,14
2294,4
2294,16
2294,19
2294,26
2295,34
2295,35
2296,33
2296,36
2296,39
2296,40
2297,37
2297,38
2303,35
2304,40
2305,34
2310,40
2312,35
2313,34
2318,40
2321,35
2322,40
2323,34
2324,37
2327,40
2328,38
2329,34
2333,34
2334,40
2337,34
2337,36
2338,39
2341,34
2342,40
2343,39
2346,34
2347,39
2349,36
2350,34
2352,39
2354,35
2355,34
2358,38
2358,39
2359,34
2361,40
2364,35
2364,36
2366,37
2367,34
2371,33
2371,34
2371,36
2373,38
2375,40
2377,34
2378,37
2381,35
2381,36
2381,38
2382,39
2383,34
2383,40
2388,34
2388,40
2391,36
2391,39
2392,33
2392,34
2393,40
2394,35
2394,38
2397,34
2398,36
2401,34
2401,40
2405,38
2406,36
2407,35
2408,34
2409,40
2412,33
2412,34
2414,40
2417,34
2419,35
2419,36
2421,40
2425,33
2425,35
2427,34
2428,37
2429,35
2431,39
2433,34
2434,35
2434,36
2435,22
2438,33
2438,35
2438,40
2439,34
2440,36
2446,33
2446,36
2447,34
2447,35
2448,38
2448,39
2449,40
2451,3
2453,35
2455,40
2456,34
2456,36
2457,22
2457,35
2460,11
2461,2
2461,33
2461,34
2461,35
2462,37
2462,40
2463,18
2463,30
2466,40
2467,3
2467,35
2467,37
2467,38
2468,4
2468,30
2468,34
2469,5
2469,8
2469,28
2469,39
2470,25
2470,32
2471,10
2471,17
2471,33
2471,36
2471,40
2472,9
2472,14
2472,16
2472,24
2472,26
2472,27
2472,34
2472,35
2472,38
2472,39
2473,3
2473,6
2473,7
2473,18
2473,21
2473,29
2473,30
2473,31
2473,37
2474,13
2474,20
2474,22
2474,28
2474,36
2474,40
2475,1
2475,2
2475,3
2475,4
2475,11
2475,12
2475,14
2475,15
2475,16
2475,18
2475,19
2475,23
2475,25
2475,30
2475,33
2475,34
2475,35
2475,37
2475,38
2475,39
2476,5
2476,8
2476,9
2476,10
2476,17
2476,21
2476,24
2476,26
2476,27
2476,32
2476,40
2477,1
2477,2
2477,3
2477,4
2477,6
2477,7
2477,13
2477,14
2477,16
2477,18
2477,22
2477,28
2477,29
2477,30
2477,31
2477,33
2477,34
2477,35
2477,36
2477,37
2477,38
2477,39
2478,5
2478,9
2478,11
2478,12
2478,15
2478,20
2478,25
2478,40
2479,3
2479,8
2479,10
2479,17
2479,18
2479,19
2479,22
2479,23
2479,24
2479,26
2479,27
2479,28
2479,30
2479,32
2479,33
2479,34
2479,35
2479,36
2479,37
2479,38
2479,39
2480,2
2480,4
2480,13
2480,14
2480,16
2480,21
2480,29
2480,31
2480,40
2481,1
2481,3
2481,6
2481,9
2481,15
2481,18
2481,33
2481,34
2481,35
2481,36
2481,37
2481,38
2481,39
2482,5
2482,7
2482,11
2482,17
2482,20
2482,22
2482,28
2482,30
2482,40
2483,2
2483,10
2484,12
2484,33
2484,35
2484,36
2484,37
2484,40
2485,30
2485,34
2485,38
2485,39
2486,22
2487,13
2488,19
2488,28
2490,39
2491,33
2491,34
2491,35
2492,37
2492,40
2500,34
2500,39
2501,33
2503,40
2508,40
2509,39
2513,36
2513,37
2516,33
2516,40
2518,39
2520,35
2523,39
2526,40
2528,39
2529,35
2530,34
2532,40
2536,39
2538,34
2538,40
2541,36
2544,40
2545,35
2546,38
2548,33
2550,39
2552,40
2555,37
2558,39
2559,38
2560,36
2564,39
2564,40
2565,35
2571,39
2573,35
2573,37
2574,33
2574,34
2577,40
2581,39
2584,37
2588,40
2589,23
2589,37
2589,38
2590,34
2590,35
2590,36
2594,33
2594,39
2596,35
2597,37
2601,37
2602,35
2604,38
2605,33
2608,3
2609,37
2611,33
2611,35
2611,36
2611,40
2612,38
2614,11
2618,33
2618,39
2618,40
2619,18
2619,22
2619,35
2620,1
2621,16
2621,37
2622,38
2623,3
2623,4
2623,34
2624,6
2624,13
2624,15
2624,25
2624,27
2624,30
2624,32
2624,33
2624,40
2625,8
2625,9
2625,14
2625,26
2625,28
2625,35
2625,37
2626,2
2626,3
2626,5
2626,16
2626,17
2626,21
2626,22
2626,24
2626,29
2626,31
2626,36
2626,40
2627,1
2627,4
2627,7
2627,10
2627,12
2627,13
2627,18
2627,19
2627,20
2627,30
2627,33
2627,34
2627,37
2627,38
2627,39
2628,2
2628,3
2628,6
2628,9
2628,11
2628,15
2628,22
2628,23
2628,25
2628,26
2628,27
2628,28
2628,32
2628,35
2628,36
2628,40
2629,5
2629,8
2629,14
2629,16
2629,17
2629,21
2629,24
2629,29
2629,30
2629,31
2629,33
2629,34
2629,37
2629,38
2630,1
2630,2
2630,3
2630,4
2630,7
2630,9
2630,10
2630,11
2630,12
2630,13
2630,15
2630,18
2630,19
2630,20
2630,22
2630,28
2630,35
2630,36
2630,39
2630,40
2631,6
2631,25
2631,26
2631,27
2631,30
2631,32
2631,33
2631,34
2631,37
2631,38
2632,2
2632,3
2632,5
2632,8
2632,9
2632,13
2632,14
2632,16
2632,17
2632,18
2632,21
2632,22
2632,23
2632,24
2632,28
2632,29
2632,31
2632,35
2632,36
2632,39
2632,40
2633,1
2633,4
2633,10
2633,11
2633,12
2633,15
2633,19
2633,20
2633,33
2633,34
2633,37
2634,2
2634,3
2634,7
2634,9
2634,14
2634,16
2634,18
2634,22
2634,24
2634,26
2634,27
2634,28
2634,30
2634,35
2634,36
2634,38
2634,39
2634,40
2635,5
2635,6
2635,13
2635,17
2635,23
2635,25
2635,29
2635,31
2635,32
2635,33
2635,34
2635,37
2636,1
2636,3
2636,8
2636,18
2636,21
2636,30
2636,35
2636,36
2636,38
2636,39
2636,40
2637,2
2637,14
2637,22
2637,28
2638,4
2638,10
2638,11
2638,33
2638,34
2638,35
2638,37
2639,20
2639,39
2639,40
2640,36
2640,38
2643,35
2643,40
2646,33
2647,39
2648,35
2649,40
2654,33
2654,35
2655,40
2659,40
2661,39
2662,35
2663,33
2664,40
2668,39
2668,40
2669,35
2674,35
2674,40
2675,39
2678,35
2679,37
2679,40
2680,33
2680,39
2684,40
2685,39
2686,35
2689,36
2690,37
2690,40
2691,35
2691,39
2696,33
2696,40
2697,39
2698,37
2700,35
2702,40
2706,37
2706,40
2707,39
2708,34
2710,38
2711,40
2713,37
2715,34
2716,39
2716,40
2719,37
2720,36
2721,34
2726,34
2726,40
2727,33
2727,37
2727,38
2728,35
2728,36
2733,34
2735,35
2735,36
2735,40
2736,37
2741,36
2743,34
2743,35
2744,38
2746,33
2748,36
2749,35
2749,37
2749,40
2753,35
2756,33
2756,35
2761,35
2761,37
2763,33
2765,22
2765,39
2766,35
2768,40
2770,36
2773,33
2773,35
2778,30
2779,39
2780,35
2780,40
2781,22
2782,4
2782,18
2783,5
2783,33
2783,34
2783,36
2784,3
2784,16
2784,28
2784,37
2785,8
2785,26
2785,35
2785,40
2786,2
2786,9
2786,10
2786,13
2786,20
2786,22
2786,23
2786,25
2786,38
2787,14
2787,17
2787,19
2787,29
2787,30
2787,32
2787,33
2788,1
2788,3
2788,5
2788,6
2788,7
2788,11
2788,12
2788,15
2788,18
2788,21
2788,24
2788,27
2788,31
2788,34
2788,35
2788,36
2788,37
2788,38
2788,39
2788,40
2789,2
2789,4
2789,8
2789,9
2789,10
2789,13
2789,16
2789,20
2789,22
2789,25
2789,26
2789,28
2789,33
2790,3
2790,11
2790,14
2790,17
2790,18
2790,23
2790,29
2790,30
2790,32
2790,34
2790,35
2790,36
2790,37
2790,38
2790,39
2790,40
2791,1
2791,2
2791,5
2791,6
2791,7
2791,12
2791,13
2791,15
2791,19
2791,21
2791,22
2791,24
2791,27
2791,28
2791,31
2791,33
2792,3
2792,4
2792,8
2792,9
2792,10
2792,16
2792,20
2792,25
2792,26
2792,34
2792,35
2792,36
2792,37
2792,38
2792,40
2793,1
2793,2
2793,6
2793,11
2793,12
2793,13
2793,14
2793,15
2793,17
2793,18
2793,19
2793,21
2793,22
2793,23
2793,24
2793,27
2793,28
2793,29
2793,30
2793,31
2793,32
2793,33
2793,39
2794,3
2794,5
2794,7
2794,9
2794,16
2794,18
2794,28
2794,30
2794,33
2794,34
2794,35
2794,36
2794,37
2794,38
2794,39
2794,40
2795,1
2795,2
2795,4
2795,6
2795,8
2795,10
2795,11
2795,12
2795,13
2795,14
2795,15
2795,17
2795,20
2795,21
2795,22
2795,23
2795,24
2795,25
2795,26
2795,27
2795,29
2795,31
2795,32
2796,1
2796,2
2796,3
2796,9
2796,10
2796,13
2796,14
2796,15
2796,16
2796,18
2796,19
2796,22
2796,28
2796,30
2796,33
2796,34
2796,35
2796,36
2796,37
2796,38
2796,39
2796,40
2797,4
2797,5
2797,6
2797,7
2797,8
2797,11
2797,12
2797,17
2797,20
2797,21
2797,23
2797,24
2797,25
2797,26
2797,27
2797,29
2797,31
2797,32
2798,2
2798,3
2798,14
2798,18
2798,22
2798,28
2798,30
2798,33
2798,34
2798,35
2798,36
2798,37
2798,38
2798,39
2798,40
2799,1
2799,4
2799,5
2799,6
2799,7
2799,8
2799,9
2799,10
2799,13
2799,15
2799,16
2799,19
2799,26
2799,29
2799,31
2800,11
2800,12
2800,17
2800,20
2800,21
2800,25
2800,27
2800,39
2800,40
2801,1
2801,2
2801,3
2801,9
2801,10
2801,13
2801,14
2801,16
2801,18
2801,22
2801,24
2801,28
2801,30
2801,33
2801,34
2801,35
2801,36
2801,37
2801,38
2802,4
2802,15
2802,19
2802,26
2802,31
2803,5
2803,29
2803,33
2803,34
2803,37
2803,39
2803,40
2804,3
2804,30
2804,35
2804,36
2804,38
2805,2
2805,18
2806,22
2807,35
2808,33
2808,34
2808,37
2808,40
2809,39
2813,36
2814,40
2815,35
2816,39
2819,33
2820,39
2822,40
2824,36
2825,33
2825,39
2828,35
2829,40
2830,33
2831,39
2838,39
2838,40
2839,35
2840,34
2840,37
2843,33
2847,36
2848,38
2849,40
2852,39
2853,35
2854,33
2859,35
2860,36
2861,33
2865,39
2865,40
2867,35
2870,37
2871,33
2871,36
2872,34
2872,40
2878,36
2878,40
2879,35
2879,39
2881,34
2883,33
2887,34
2887,35
2888,40
2893,35
2893,38
2894,34
2894,37
2895,36
2895,40
2900,34
2901,35
2901,40
2903,39
2905,36
2907,34
2909,33
2911,34
2912,35
2913,40
2915,39
2917,34
2919,33
2922,34
2922,36
2922,39
2922,40
2928,40
2929,36
2929,39
2930,34
2931,35
2933,33
2935,39
2937,36
2938,40
2939,34
2944,34
2944,40
2945,39
2946,37
2947,36
2949,34
2951,40
2955,22
2955,34
2955,36
2956,35
2956,40
2960,37
2962,34
2964,2
2964,38
2964,39
2964,40
2965,22
2967,28
2969,34
2969,36
2969,40
2970,18
2970,24
2970,33
2970,37
2972,3
2972,22
2972,23
2973,14
2973,25
2973,40
2974,9
2974,35
2975,1
2975,6
2975,8
2975,20
2975,26
2975,27
2975,30
2975,33
2975,34
2975,39
2976,2
2976,5
2976,7
2976,10
2976,11
2976,15
2976,16
2976,17
2976,18
2976,19
2976,22
2976,31
2976,32
2976,36
2976,37
2976,38
2976,40
2977,3
2977,4
2977,12
2977,13
2977,21
2977,28
2977,29
2977,30
2977,33
2977,34
2977,35
2977,39
2978,1
2978,6
2978,8
2978,9
2978,11
2978,14
2978,16
2978,18
2978,23
2978,24
2978,25
2978,26
2978,27
2978,36
2978,37
2978,38
2978,40
2979,2
2979,3
2979,5
2979,10
2979,17
2979,19
2979,20
2979,22
2979,31
2979,32
2979,33
2980,1
2980,4
2980,7
2980,8
2980,9
2980,12
2980,13
2980,15
2980,16
2980,18
2980,21
2980,28
2980,29
2980,30
2980,34
2980,35
2980,36
2980,37
2980,38
2980,39
2980,40
2981,2
2981,3
2981,6
2981,11
2981,14
2981,22
2981,23
2981,24
2981,25
2981,26
2981,27
2981,33
2982,5
2982,10
2982,17
2982,18
2982,19
2982,20
2982,28
2982,30
2982,31
2982,32
2982,34
2982,35
2982,36
2982,37
2982,38
2982,39
2982,40
2983,1
2983,2
2983,3
2983,4
2983,9
2983,12
2983,13
2983,15
2983,16
2983,21
2983,22
2983,29
2983,33
2984,7
2984,11
2984,14
2984,30
2984,34
2984,35
2984,36
2984,37
2984,38
2984,39
2984,40
2985,2
2985,3
2985,6
2985,8
2985,13
2985,22
2985,24
2985,26
2985,27
2985,28
2985,33
2986,10
2986,18
2987,2
2987,4
2987,12
2987,15
2987,17
2987,20
2987,25
2987,33
2987,34
2987,35
2987,36
2987,37
2987,39
2987,40
2988,1
2988,3
2988,9
2988,22
2988,28
2988,30
2988,31
2988,38
2989,13
2990,5
2990,29
2990,32
2990,33
2990,35
2990,36
2990,37
2990,40
2991,34
2991,38
2991,39
2992,30
2995,40
2996,39
2997,34
2997,35
2998,37
2999,40
3003,40
3004,34
3005,35
3005,37
3009,38
3009,40
3011,35
3015,34
3017,35
3017,39
3017,40
3018,37
3023,35
3024,34
3024,39
3024,40
3025,37
3030,38
3031,37
3031,39
3032,34
3034,40
3035,36
3038,35
3038,37
3039,34
3042,40
3044,34
3046,35
3047,37
3048,39
3050,34
3052,36
3055,35
3055,39
3056,38
3058,34
3059,37
3063,34
3065,39
3065,40
3067,33
3068,37
3071,35
3071,36
3072,38
3073,40
3076,37
3078,40
3079,39
3082,37
3084,34
3084,40
3087,39
3088,36
3090,34
3091,40
3094,34
3095,37
3098,40
3099,39
3101,36
3102,37
3103,34
3108,35
3109,34
3109,40
3110,38
3111,33
3111,36
3111,37
3112,39
3119,39
3120,35
3121,38
3123,23
3124,14
3124,40
3125,34
3126,36
3127,15
3127,38
3128,17
3129,2
3130,3
3130,33
3131,22
3131,30
3131,39
3131,40
3132,11
3132,35
3132,36
3132,37
3132,38
3133,6
3133,13
3133,16
3133,18
3133,19
3134,4
3134,5
3134,7
3134,21
3134,26
3134,28
3134,31
3134,34
3135,1
3135,3
3135,8
3135,9
3135,10
3135,20
3135,27
3135,32
3135,33
3135,40
3136,2
3136,11
3136,12
3136,13
3136,14
3136,15
3136,16
3136,17
3136,18
3136,22
3136,24
3136,25
3136,29
3136,30
3136,35
3136,36
3136,37
3136,38
3136,39
3137,3
3137,4
3137,5
3137,6
3137,7
3137,19
3137,21
3137,23
3137,26
3137,28
3137,31
3137,33
3137,34
3137,40
3138,1
3138,8
3138,9
3138,10
3138,13
3138,16
3138,17
3138,18
3138,20
3138,22
3138,24
3138,27
3138,30
3138,32
3138,35
3138,36
3138,37
3138,38
3138,39
3139,2
3139,3
3139,4
3139,11
3139,12
3139,14
3139,15
3139,25
3139,28
3139,29
3139,33
3139,34
3139,40
3140,5
3140,6
3140,7
3140,9
3140,18
3140,19
3140,21
3140,22
3140,26
3140,30
3140,31
3140,35
3140,36
3140,37
3140,38
3140,39
3141,1
3141,8
3141,10
3141,13
3141,16
3141,17
3141,20
3141,23
3141,24
3141,27
3141,28
3141,33
3141,34
3141,40
3142,2
3142,3
3142,14
3142,29
3142,30
3142,32
3142,35
3142,36
3142,37
3142,38
3142,39
3143,4
3143,9
3143,11
3143,12
3143,18
3143,22
3143,25
3143,33
3143,34
3143,40
3144,15
3145,1
3145,26
3145,28
3145,35
3145,37
3145,40
3146,5
3146,33
3146,34
3146,36
3146,38
3146,39
3147,3
3148,30
3149,22
3151,35
3151,39
3151,40
3153,34
3153,36
3153,37
3159,39
3161,35
3162,40
3165,34
3165,39
3167,40
3172,34
3173,39
3173,40
3176,35
3177,34
3180,36
3182,34
3182,40
3184,39
3187,40
3188,39
3189,35
3189,37
3190,34
3195,34
3195,35
3195,39
3196,40
3199,36
3201,35
3202,39
3203,33
3204,40
3206,34
3208,39
3210,36
3211,34
3213,35
3213,40
3214,37
3215,33
3216,34
3218,39
3219,40
3220,34
3222,35
3223,36
3224,34
3225,40
3226,35
3228,34
3228,39
3229,33
3232,40
3234,34
3234,36
3238,35
3238,40
3239,34
3239,37
3243,40
3245,34
3247,36
3248,35
3249,38
3249,40
3250,34
3250,39
3253,33
3256,39
3257,2
3257,34
3257,36
3257,40
3262,40
3264,37
3264,39
3265,35
3265,36
3266,40
3269,35
3269,40
3272,39
3274,34
3274,40
3275,35
3276,37
3281,35
3282,40
3283,36
3283,37
3287,20
3287,40
3290,35
3291,22
3291,23
3291,33
3292,2
3292,4
3292,34
3292,40
3293,37
3294,25
3294,30
3294,38
3295,1
3295,3
3295,16
3295,27
3295,31
3295,36
3295,40
3296,6
3296,8
3296,24
3296,32
3297,5
3297,9
3297,14
3297,17
3297,21
3297,33
3297,35
3297,37
3297,39
3297,40
3298,3
3298,7
3298,11
3298,12
3298,13
3298,15
3298,18
3298,19
3298,22
3298,26
3298,28
3298,29
3298,30
3298,34
3298,36
3298,38
3299,2
3299,10
3299,16
3299,20
3299,35
3300,1
3300,3
3300,4
3300,5
3300,9
3300,13
3300,14
3300,15
3300,18
3300,19
3300,21
3300,22
3300,23
3300,24
3300,25
3300,26
3300,27
3300,28
3300,30
3300,31
3300,33
3300,34
3300,36
3300,37
3300,38
3300,39
3300,40
3301,2
3301,6
3301,8
3301,11
3301,12
3301,17
3301,29
3301,32
3301,35
3301,36
3301,40
3302,1
3302,3
3302,4
3302,7
3302,9
3302,10
3302,13
3302,14
3302,15
3302,16
3302,18
3302,20
3302,22
3302,26
3302,27
3302,28
3302,30
3302,31
3302,33
3302,34
3302,37
3302,38
3302,39
3303,5
3303,19
3303,21
3303,23
3303,24
3303,25
3303,35
3303,36
3303,40
3304,2
3304,3
3304,4
3304,6
3304,8
3304,9
3304,10
3304,11
3304,12
3304,14
3304,16
3304,17
3304,18
3304,22
3304,26
3304,28
3304,29
3304,30
3304,31
3304,32
3304,33
3304,34
3304,37
3304,38
3304,39
3305,1
3305,3
3305,7
3305,13
3305,15
3305,20
3305,27
3305,35
3305,36
3305,37
3305,38
3305,39
3305,40
3306,2
3306,4
3306,5
3306,6
3306,8
3306,9
3306,10
3306,11
3306,14
3306,16
3306,17
3306,18
3306,21
3306,22
3306,24
3306,25
3306,28
3306,29
3306,30
3306,31
3306,33
3306,34
3307,3
3307,12
3307,18
3307,19
3307,23
3307,26
3307,30
3307,32
3307,33
3307,34
3307,35
3307,36
3307,37
3307,38
3307,39
3307,40
3308,1
3308,2
3308,5
3308,6
3308,7
3308,9
3308,10
3308,13
3308,14
3308,16
3308,20
3308,21
3308,22
3308,24
3308,27
3308,28
3308,29
3309,2
3309,4
3309,8
3309,11
3309,15
3309,17
3309,25
3309,31
3309,33
3309,34
3309,36
3309,37
3309,38
3309,39
3309,40
3310,1
3310,3
3310,9
3310,10
3310,12
3310,13
3310,14
3310,18
3310,19
3310,20
3310,22
3310,24
3310,28
3310,30
3310,32
3310,35
3311,5
3311,6
3311,16
3311,23
3311,26
3311,27
3311,29
3311,33
3311,34
3311,37
3311,38
3311,39
3311,40
3312,2
3312,3
3312,14
3312,18
3312,22
3312,28
3312,30
3312,35
3312,36
3313,1
3313,11
3313,13
3313,15
3313,25
3313,40
3314,4
3314,33
3314,34
3314,35
3314,37
3314,38
3314,39
3315,36
3316,7
3316,18
3317,30
3317,40
3318,39
3319,35
3321,33
3322,34
3323,39
3325,35
3325,40
3328,39
3331,35
3333,39
3336,34
3337,39
3337,40
3338,37
3339,35
3341,39
3344,35
3345,39
3347,33
3347,40
3349,35
3350,34
3350,39
3351,40
3355,35
3355,40
3357,39
3358,36
3363,37
3363,40
3364,35
3365,39
3366,38
3369,40
3373,36
3374,34
3374,35
3374,37
3374,39
3374,40
3381,40
3382,35
3382,37
3383,33
3383,38
3385,36
3391,35
3391,40
3394,33
3395,34
3397,35
3397,37
3398,38
3404,36
3405,34
3405,35
3408,39
3412,40
3413,35
3414,38
3415,37
3420,39
3421,38
3422,40
3423,34
3423,35
3428,40
3429,39
3430,34
3430,36
3430,38
3434,40
3438,40
3439,34
3440,33
3440,36
3441,37
3442,40
3448,40
3449,30
3449,34
3450,33
3450,39
3451,2
3451,18
3451,35
3451,36
3453,40
3455,34
3456,35
3457,40
3460,3
3461,40
3462,37
3463,33
3463,34
3463,35
3463,36
3464,22
3466,39
3468,40
3472,34
3473,35
3473,37
3473,40
3474,27
3475,28
3475,36
3476,38
3478,33
3478,40
3480,35
3483,23
3483,40
3486,22
3486,36
3488,1
3488,11
3488,40
3489,5
3489,30
3489,33
3489,35
3489,38
3489,39
3491,8
3491,20
3491,37
3492,4
3492,16
3492,24
3492,25
3493,9
3493,13
3493,26
3493,34
3493,40
3494,3
3494,6
3494,10
3494,12
3494,17
3494,19
3494,22
3494,32
3494,33
3494,35
3494,36
3494,37
3494,38
3494,39
3495,1
3495,5
3495,7
3495,14
3495,15
3495,21
3495,28
3495,29
3495,30
3495,31
3496,2
3496,8
3496,18
3496,27
3496,33
3496,34
3496,35
3496,36
3496,40
3497,3
3497,4
3497,6
3497,9
3497,10
3497,11
3497,13
3497,14
3497,16
3497,17
3497,20
3497,22
3497,23
3497,24
3497,26
3497,28
3497,30
3497,37
3497,38
3497,39
3498,7
3498,12
3498,15
3498,19
3498,21
3498,25
3498,29
3498,31
3498,32
3498,40
3499,1
3499,2
3499,3
3499,4
3499,5
3499,6
3499,8
3499,9
3499,10
3499,11
3499,13
3499,14
3499,16
3499,17
3499,18
3499,20
3499,22
3499,23
3499,24
3499,26
3499,27
3499,28
3499,30
3499,33
3499,34
3499,35
3499,36
3499,37
3499,38
3499,39
3500,3
3500,15
3500,19
3500,21
3500,29
3500,31
3500,33
3500,35
3500,36
3500,37
3500,40
3501,1
3501,2
3501,4
3501,5
3501,7
3501,8
3501,9
3501,10
3501,11
3501,12
3501,13
3501,14
3501,16
3501,17
3501,18
3501,20
3501,22
3501,24
3501,25
3501,26
3501,27
3501,28
3501,30
3501,32
3501,34
3501,38
3501,39
3502,1
3502,3
3502,5
3502,6
3502,13
3502,18
3502,22
3502,28
3502,30
3502,31
3502,33
3502,34
3502,35
3502,36
3502,37
3502,38
3502,39
3502,40
3503,2
3503,4
3503,7
3503,8
3503,9
3503,10
3503,11
3503,12
3503,14
3503,15
3503,16
3503,17
3503,19
3503,20
3503,21
3503,23
3503,24
3503,25
3503,26
3503,27
3503,29
3503,32
3504,2
3504,3
3504,13
3504,18
3504,22
3504,28
3504,30
3504,33
3504,34
3504,35
3504,36
3504,37
3504,38
3504,39
3504,40
3505,1
3505,4
3505,5
3505,6
3505,7
3505,8
3505,9
3505,10
3505,11
3505,12
3505,14
3505,15
3505,16
3505,17
3505,19
3505,20
3505,21
3505,24
3505,25
3505,26
3505,27
3505,29
3505,31
3505,32
3506,1
3506,2
3506,3
3506,9
3506,13
3506,14
3506,15
3506,16
3506,18
3506,21
3506,22
3506,23
3506,28
3506,29
3506,30
3506,31
3506,33
3506,34
3506,35
3506,36
3506,37
3506,38
3506,39
3506,40
3507,4
3507,5
3507,6
3507,7
3507,8
3507,10
3507,11
3507,12
3507,17
3507,19
3507,20
3507,24
3507,25
3507,26
3507,27
3507,32
3508,2
3508,3
3508,18
3508,22
3508,28
3508,30
3508,33
3508,34
3508,35
3508,36
3508,37
3508,38
3508,39
3508,40
3509,1
3509,9
3509,13
3509,14
3509,16
3510,15
3511,40
3512,33
3512,34
3512,35
3512,36
3513,37
3513,38
3513,39
3518,35
3520,34
3520,40
3522,39
3524,35
3526,34
3526,38
3529,40
3531,34
3532,35
3534,40
3535,34
3536,36
3539,34
3539,35
3540,40
3544,36
3544,37
3545,34
3546,33
3548,35
3550,40
3552,35
3553,34
3554,33
3559,35
3559,40
3561,36
3563,35
3567,35
3571,33
3572,35
3572,39
3573,40
3574,34
3575,36
3579,37
3581,35
3582,34
3582,36
3582,40
3589,34
3589,35
3589,38
3589,40
3592,36
3592,39
3597,40
3599,34
3600,33
3601,37
3601,39
3606,40
3607,33
3607,35
3607,38
3615,33
3615,34
3617,39
3617,40
3618,36
3621,2
3622,33
3624,34
3624,40
3626,37
3630,35
3631,34
3632,33
3633,38
3633,39
3639,34
3639,36
3639,39
3639,40
3641,35
3646,37
3646,39
3649,36
3650,34
3651,3
3651,17
3653,39
3654,22
3654,33
3654,35
3656,36
3656,38
3657,28
3657,30
3657,37
3658,18
3660,40
3662,14
3662,32
3662,33
3662,39
3663,35
3663,37
3664,7
3665,24
3666,38
3667,4
3668,16
3668,34
3668,36
3668,40
3669,5
3669,39
3670,6
3670,8
3670,33
3670,37
3671,1
3671,23
3671,30
3673,9
3673,22
3674,3
3674,12
3674,26
3674,27
3674,34
3674,36
3674,37
3674,39
3674,40
3675,13
3675,15
3675,25
3675,30
3675,31
3675,33
3675,35
3676,2
3676,11
3676,18
3676,20
3676,29
3676,38
3677,16
3677,21
3677,22
3677,28
3677,37
3678,1
3678,3
3678,10
3678,19
3678,30
3678,33
3678,34
3678,35
3678,36
3678,39
3678,40
3679,2
3679,5
3679,8
3679,9
3679,14
3679,17
3679,24
3679,32
3679,38
3680,4
3680,6
3680,13
3680,18
3680,31
3680,37
3681,3
3681,11
3681,12
3681,23
3681,25
3681,26
3681,27
3681,29
3681,33
3681,34
3681,35
3681,36
3681,38
3681,39
3681,40
3682,2
3682,8
3682,14
3682,15
3682,16
3682,20
3682,21
3682,22
3682,28
3682,30
3683,1
3683,7
3683,9
3683,10
3683,17
3683,18
3683,24
3683,34
3683,37
3683,40
3684,2
3684,3
3684,4
3684,5
3684,13
3684,19
3684,22
3684,28
3684,30
3684,31
3684,32
3684,33
3684,35
3684,36
3684,38
3684,39
3685,6
3685,11
3685,12
3685,14
3685,15
3685,20
3685,21
3685,26
3685,27
3685,29
3685,34
3685,37
3685,40
3686,3
3686,16
3686,18
3686,23
3686,25
3686,30
3686,33
3686,35
3686,36
3687,2
3687,4
3687,8
3687,9
3687,10
3687,13
3687,17
3687,22
3687,28
3687,34
3687,37
3687,38
3687,39
3687,40
3688,7
3688,19
3688,33
3689,1
3689,35
3689,36
3689,40
3690,18
3690,24
3690,30
3690,34
3690,37
3690,39
3691,5
3692,3
3692,38
3694,39
3695,34
3695,37
3695,40
3696,35
3699,39
3701,33
3701,34
3701,37
3702,35
3702,40
3703,39
3706,39
3710,37
3710,39
3712,34
3712,40
3716,39
3717,36
3718,34
3718,35
3721,40
3724,34
3724,35
3726,39
3729,37
3730,35
3731,39
3733,34
3737,35
3738,34
3740,33
3741,39
3742,40
3743,34
3743,36
3749,34
3749,39
3749,40
3750,36
3754,33
3756,35
3757,34
3757,39
3757,40
3763,34
3763,40
3764,38
3764,39
3766,37
3769,35
3770,40
3774,34
3774,37
3775,36
3776,39
3777,40
3782,34
3782,36
3782,37
3782,39
3784,40
3785,35
3789,35
3792,33
3792,35
3793,39
3794,40
3797,34
3797,35
3798,36
3798,39
3801,22
3802,39
3804,35
3805,34
3805,40
3806,30
3806,33
3806,36
3806,39
3810,35
3810,39
3812,33
3814,36
3815,39
3818,33
3819,35
3820,39
3820,40
3822,36
3824,39
3825,35
3825,37
3828,36
3828,40
3830,35
3832,39
3834,35
3836,36
3838,23
3838,33
3838,39
3839,35
3842,34
3843,11
3843,40
3846,2
3846,3
3846,39
3847,16
3847,28
3847,29
3847,36
3847,38
3848,20
3848,26
3848,33
3848,35
3848,37
3849,5
3849,12
3849,17
3849,18
3849,34
3849,40
3850,4
3850,9
3850,14
3850,30
3850,39
3851,6
3851,8
3851,10
3851,21
3851,22
3851,25
3851,27
3851,38
3852,3
3852,7
3852,13
3852,15
3852,19
3852,24
3852,28
3852,31
3852,32
3852,33
3852,35
3852,36
3852,37
3852,40
3853,1
3853,2
3853,5
3853,9
3853,11
3853,14
3853,16
3853,17
3853,18
3853,26
3853,29
3853,30
3853,34
3853,39
3854,3
3854,4
3854,6
3854,10
3854,12
3854,20
3854,21
3854,22
3854,23
3854,27
3854,33
3854,36
3854,37
3854,38
3854,40
3855,2
3855,5
3855,8
3855,11
3855,13
3855,15
3855,16
3855,18
3855,19
3855,24
3855,25
3855,28
3855,30
3855,31
3855,32
3855,34
3855,35
3855,39
3856,1
3856,3
3856,7
3856,9
3856,14
3856,17
3856,22
3856,26
3856,29
3856,33
3856,36
3856,37
3856,38
3856,40
3857,2
3857,4
3857,6
3857,10
3857,13
3857,16
3857,18
3857,20
3857,21
3857,24
3857,27
3857,28
3857,30
3857,31
3857,34
3857,35
3857,39
3858,3
3858,5
3858,8
3858,11
3858,12
3858,15
3858,19
3858,22
3858,23
3858,25
3858,32
3858,33
3858,36
3858,38
3858,40
3859,1
3859,2
3859,4
3859,9
3859,13
3859,14
3859,16
3859,17
3859,18
3859,28
3859,30
3859,34
3859,35
3859,37
3859,39
3860,6
3860,7
3860,10
3860,21
3860,22
3860,24
3860,26
3860,27
3860,29
3860,31
3860,33
3860,36
3860,38
3860,40
3861,3
3861,20
3861,28
3861,34
3861,35
3861,37
3861,39
3862,8
3862,15
3862,18
3862,30
3862,40
3863,2
3863,22
3863,32
3863,33
3863,36
3864,11
3864,13
3864,14
3864,35
3864,38
3864,39
3865,34
3865,37
3865,40
3868,39
3870,35
3872,39
3872,40
3874,35
3875,39
3878,35
3878,39
3879,36
3883,34
3883,35
3884,39
3884,40
3888,39
3889,34
3891,36
3891,40
3893,39
3894,35
3896,34
3898,36
3900,39
3903,34
3904,40
3905,33
3907,36
3909,39
3910,35
3915,33
3915,34
3915,35
3915,36
3915,37
3921,35
3922,33
3925,39
3926,35
3926,40
3928,34
3931,35
3931,39
3932,40
3934,34
3935,35
3936,33
3940,35
3941,37
3943,39
3944,36
3944,40
3949,35
3949,39
3950,34
3951,37
3953,39
3954,34
3954,38
3957,39
3960,34
3961,39
3961,40
3962,36
3963,35
3963,37
3968,39
3971,33
3972,34
3972,40
3973,35
3975,3
3975,39
3978,33
3978,34
3978,35
3978,36
3980,22
3981,37
3983,35
3984,33
3985,34
3985,36
3989,33
3989,34
3991,35
3991,37
3991,40
3995,36
3996,33
3997,34
3998,37
3999,35
4004,34
4005,36
4006,30
4006,37
4006,39
4007,33
4007,35
4008,2
4011,38
4012,35
4013,16
4013,33
4013,34
4013,40
4017,34
4017,39
4018,8
4018,40
4019,37
4020,35
4023,35
4023,36
4024,38
4024,40
4025,33
4025,34
4025,39
4029,3
4030,40
4031,35
4031,39
4032,22
4033,33
4034,25
4034,34
4034,36
4034,37
4035,21
4036,26
4036,40
4037,35
4039,39
4040,34
4041,35
4042,36
4044,5
4044,11
4044,20
4044,39
4045,34
4045,35
4046,33
4047,40
4048,1
4048,27
4048,32
4048,36
4049,4
4049,9
4049,39
4050,13
4050,23
4050,35
4050,37
4051,17
4051,22
4051,24
4051,30
4051,33
4052,2
4052,3
4052,10
4052,14
4052,16
4052,18
4052,29
4052,34
4052,36
4052,38
4052,39
4052,40
4053,6
4053,15
4053,28
4053,31
4054,5
4054,7
4054,19
4054,30
4054,33
4054,35
4054,37
4055,2
4055,4
4055,11
4055,12
4055,13
4055,20
4055,21
4055,25
4055,26
4055,34
4055,36
4055,38
4055,39
4055,40
4056,3
4056,8
4056,9
4056,14
4056,16
4056,18
4056,22
4056,23
4056,24
4056,28
4056,32
4057,1
4057,10
4057,17
4057,27
4057,29
4057,30
4057,33
4057,34
4057,35
4057,36
4057,37
4057,38
4057,39
4057,40
4058,2
4058,3
4058,5
4058,6
4058,9
4058,13
4058,15
4058,18
4058,19
4058,22
4058,25
4058,26
4058,31
4059,4
4059,7
4059,8
4059,11
4059,12
4059,14
4059,16
4059,20
4059,21
4059,24
4059,28
4059,33
4060,1
4060,2
4060,3
4060,5
4060,6
4060,9
4060,10
4060,13
4060,15
4060,18
4060,19
4060,22
4060,23
4060,26
4060,27
4060,29
4060,30
4060,31
4060,32
4060,34
4060,35
4060,36
4060,37
4060,38
4060,39
4060,40
4061,4
4061,11
4061,14
4061,16
4061,17
4061,21
4061,25
4061,28
4061,33
4062,2
4062,3
4062,7
4062,8
4062,10
4062,12
4062,13
4062,18
4062,20
4062,22
4062,24
4062,27
4062,30
4062,31
4062,34
4062,35
4062,36
4062,37
4062,38
4062,39
4062,40
4063,1
4063,5
4063,6
4063,9
4063,15
4063,26
4063,28
4063,29
4063,32
4063,33
4064,3
4064,14
4064,17
4064,18
4064,19
4064,30
4064,34
4064,35
4064,36
4064,37
4064,38
4064,39
4064,40
4065,2
4065,4
4065,11
4065,16
4065,22
4065,23
4065,33
4067,37
4067,39
4067,40
4068,13
4068,33
4068,35
4068,36
4069,38
4071,34
4071,40
4072,35
4075,40
4076,35
4076,36
4076,39
4078,34
4078,37
4080,35
4080,40
4082,39
4083,34
4085,35
4085,40
4086,39
4088,34
4090,35
4090,39
4090,40
4094,35
4095,39
4097,34
4097,38
4097,40
4098,33
4099,35
4102,39
4102,40
4103,34
4105,35
4107,39
4107,40
4110,36
4111,40
4113,35
4113,39
4116,40
4117,34
4118,37
4119,39
4121,35
4123,39
4124,40
4126,34
4128,39
4129,36
4130,35
4131,40
4132,39
4133,33
4135,36
4137,39
4140,35
4141,33
4142,39
4143,36
4146,39
4147,40
4149,35
4150,39
4152,36
4153,33
4155,35
4156,39
4158,40
4160,38
4163,33
4166,35
4167,39
4168,37
4169,40
4171,34
4174,39
4174,40
4176,36
4181,35
4182,38
4182,40
4183,39
4184,33
4188,39
4189,40
4190,35
4192,37
4196,34
4197,36
4199,35
4200,22
4200,37
4200,39
4200,40
4202,2
4202,33
4203,35
4205,40
4208,35
4210,40
4211,39
4212,33
4215,3
4217,28
4217,35
4218,39
4219,4
4219,33
4219,34
4219,37
4219,38
4219,40
4221,9
4221,11
4221,20
4221,25
4222,5
4222,17
4223,7
4223,8
4223,12
4223,18
4223,21
4223,27
4223,35
4223,36
4224,1
4224,3
4224,13
4224,16
4224,22
4224,23
4224,26
4224,29
4224,30
4224,31
4224,32
4224,33
4224,34
4224,37
4224,38
4224,39
4224,40
4225,6
4225,9
4225,10
4225,11
4225,14
4225,15
4225,19
4225,24
4225,28
4226,2
4226,3
4226,4
4226,5
4226,17
4226,18
4226,20
4226,25
4226,30
4226,33
4226,34
4226,35
4226,36
4226,37
4226,38
4226,40
4227,1
4227,8
4227,12
4227,13
4227,14
4227,16
4227,21
4227,22
4227,23
4227,26
4227,27
4227,29
4227,31
4227,32
4227,39
4228,3
4228,6
4228,7
4228,9
4228,10
4228,11
4228,15
4228,19
4228,24
4228,28
4228,30
4228,33
4228,35
4228,36
4228,37
4228,38
4228,40
4229,1
4229,2
4229,4
4229,5
4229,12
4229,13
4229,14
4229,16
4229,17
4229,18
4229,20
4229,21
4229,22
4229,25
4229,26
4229,27
4229,29
4229,31
4229,34
4229,39
4230,3
4230,8
4230,9
4230,23
4230,28
4230,30
4230,32
4230,33
4230,34
4230,35
4230,36
4230,37
4230,38
4230,40
4231,1
4231,2
4231,4
4231,5
4231,6
4231,7
4231,10
4231,11
4231,13
4231,14
4231,15
4231,16
4231,17
4231,18
4231,19
4231,20
4231,21
4231,22
4231,24
4231,26
4231,27
4231,29
4231,31
4231,39
4232,1
4232,2
4232,3
4232,9
4232,10
4232,12
4232,13
4232,14
4232,15
4232,16
4232,18
4232,22
4232,25
4232,28
4232,30
4232,33
4232,34
4232,35
4232,36
4232,37
4232,38
4232,39
4232,40
4233,4
4233,5
4233,6
4233,7
4233,8
4233,11
4233,17
4233,19
4233,20
4233,21
4233,23
4233,24
4233,26
4233,27
4233,29
4233,31
4233,32
4234,2
4234,3
4234,18
4234,22
4234,28
4234,30
4234,33
4234,34
4234,35
4234,36
4234,37
4234,38
4234,39
4234,40
4235,1
4235,4
4235,6
4235,8
4235,9
4235,10
4235,11
4235,12
4235,13
4235,14
4235,15
4235,16
4235,24
4235,25
4235,29
4236,5
4236,7
4236,17
4236,19
4236,21
4236,26
4236,31
4236,33
4236,34
4236,39
4236,40
4237,1
4237,2
4237,3
4237,9
4237,13
4237,14
4237,15
4237,18
4237,22
4237,27
4237,28
4237,30
4237,32
4237,35
4237,36
4237,37
4237,38
4238,10
4238,16
4238,20
4238,23
4238,25
4238,39
4238,40
4239,4
4239,11
4239,12
4239,18
4239,29
4239,30
4239,33
4239,34
4239,35
4239,36
4239,37
4239,38
4240,2
4240,3
4240,8
4240,22
4241,39
4241,40
4242,28
4242,33
4242,35
4243,34
4243,37
4245,36
4248,34
4249,37
4251,39
4251,40
4254,34
4254,35
4256,37
4256,39
4260,34
4261,39
4261,40
4262,37
4264,34
4264,35
4268,39
4269,35
4270,34
4271,37
4276,34
4276,35
4277,33
4277,40
4281,34
4281,39
4283,35
4284,33
4284,36
4284,37
4284,40
4285,34
4289,34
4291,36
4293,35
4294,34
4294,39
4294,40
4295,37
4296,33
4300,35
4300,36
4301,34
4303,35
4306,33
4307,35
4308,36
4310,34
4311,35
4314,35
4317,40
4320,34
4320,35
4320,36
4320,37
4320,39
4322,40
4326,40
4327,35
4330,38
4332,35
4332,40
4333,37
4334,33
4336,36
4338,39
4339,37
4343,34
4345,37
4345,40
4346,38
4351,39
4351,40
4352,35
4352,36
4352,37
4355,38
4360,35
4361,34
4361,38
4361,40
4363,33
4367,35
4370,22
4370,33
4370,38
4370,40
4371,35
4371,39
4372,34
4376,35
4377,40
4379,36
4381,35
4381,37
4385,35
4387,38
4387,40
4390,33
4392,37
4392,39
4393,35
4393,40
4398,39
4401,35
4402,3
4402,16
4402,28
4402,37
4403,40
4404,14
4404,36
4404,39
4405,11
4405,33
4405,35
4407,5
4407,9
4407,17
4407,32
4407,38
4408,20
4408,22
4408,23
4408,37
4409,8
4409,31
4409,35
4409,39
4410,3
4410,4
4410,6
4410,7
4410,10
4410,24
4410,25
4410,26
4410,29
4410,30
4410,33
4410,34
4410,38
4410,40
4411,1
4411,13
4411,15
4411,16
4411,18
4411,27
4411,36
4412,2
4412,5
4412,9
4412,12
4412,14
4412,17
4412,19
4412,21
4412,28
4412,30
4412,33
4412,34
4412,35
4412,37
4412,39
4412,40
4413,3
4413,4
4413,11
4413,22
4413,25
4413,26
4413,29
4413,31
4413,32
4413,38
4414,6
4414,7
4414,8
4414,10
4414,13
4414,15
4414,16
4414,18
4414,20
4414,23
4414,24
4414,33
4414,36
4414,39
4414,40
4415,1
4415,2
4415,3
4415,9
4415,14
4415,19
4415,21
4415,22
4415,27
4415,28
4415,30
4415,34
4415,35
4415,37
4415,38
4416,4
4416,5
4416,11
4416,12
4416,17
4416,18
4416,25
4416,26
4416,29
4416,31
4416,33
4416,36
4416,39
4416,40
4417,2
4417,3
4417,10
4417,13
4417,15
4417,16
4417,20
4417,23
4417,28
4417,30
4417,32
4417,34
4417,35
4417,37
4417,38
4418,6
4418,8
4418,9
4418,14
4418,22
4418,24
4418,27
4418,33
4418,36
4418,39
4418,40
4419,1
4419,7
4419,18
4419,21
4419,34
4419,37
4420,2
4420,3
4420,4
4420,5
4420,19
4420,30
4420,35
4420,38
4421,11
4421,13
4421,17
4421,22
4421,28
4421,36
4421,40
4422,12
4422,31
4422,33
4422,34
4422,37
4422,39
4423,30
4423,35
4424,36
4424,38
4426,40
4429,35
4431,39
4432,36
4435,33
4437,34
4437,40
4442,34
4442,36
4444,37
4444,40
4448,33
4450,34
4450,36
4452,35
4452,39
4456,40
4459,36
4460,33
4460,35
4467,39
4468,36
4469,37
4470,38
4470,40
4471,34
4473,33
4479,40
4480,39
4481,38
4483,35
4483,37
4484,34
4487,33
4489,35
4491,36
4492,38
4492,40
4495,35
4496,33
4498,22
4500,40
4501,34
4501,35
4502,36
4502,37
4502,39
4504,18
4508,35
4508,36
4510,37
4510,38
4511,33
4512,39
4514,40
4515,22
4516,35
4520,33
4520,34
4520,36
4521,35
4522,37
4527,37
4528,36
4529,33
4529,34
4529,35
4530,38
4536,37
4536,38
4538,34
4538,35
4538,36
4539,1
4542,33
4542,40
4545,2
4545,35
4545,37
4548,33
4548,34
4548,39
4548,40
4549,38
4556,33
4556,34
4556,35
4556,38
4556,39
4556,40
4558,24
4559,17
4561,15
4561,34
4561,37
4561,39
4563,27
4563,36
4564,3
4564,11
4564,21
4564,29
4564,35
4564,40
4565,26
4566,9
4566,28
4566,30
4566,31
4566,33
4566,34
4566,38
4566,39
4567,13
4567,16
4567,35
4567,40
4568,5
4568,6
4568,10
4568,14
4568,18
4568,22
4568,37
4569,2
4569,3
4569,4
4569,12
4569,20
4569,23
4569,25
4569,32
4569,36
4570,7
4570,8
4570,19
4570,33
4570,34
4570,35
4570,37
4570,38
4570,39
4570,40
4571,1
4571,9
4571,11
4571,13
4571,14
4571,15
4571,16
4571,17
4571,18
4571,22
4571,24
4571,26
4571,28
4571,30
4571,31
4572,2
4572,3
4572,4
4572,5
4572,6
4572,10
4572,21
4572,27
4572,29
4572,36
4572,40
4573,1
4573,7
4573,8
4573,9
4573,11
4573,12
4573,13
4573,14
4573,15
4573,16
4573,17
4573,18
4573,19
4573,20
4573,22
4573,23
4573,24
4573,25
4573,26
4573,28
4573,30
4573,31
4573,32
4573,33
4573,34
4573,35
4573,37
4573,38
4573,39
4574,2
4574,3
4574,4
4574,5
4574,6
4574,10
4574,21
4574,22
4574,27
4574,29
4574,33
4574,34
4574,36
4574,37
4574,38
4574,39
4574,40
4575,1
4575,8
4575,9
4575,11
4575,12
4575,13
4575,14
4575,15
4575,16
4575,17
4575,18
4575,19
4575,20
4575,23
4575,24
4575,25
4575,26
4575,28
4575,30
4575,31
4575,32
4575,35
4576,2
4576,3
4576,7
4576,9
4576,13
4576,15
4576,18
4576,22
4576,28
4576,30
4576,33
4576,34
4576,35
4576,36
4576,37
4576,38
4576,39
4576,40
4577,1
4577,4
4577,5
4577,6
4577,8
4577,10
4577,11
4577,12
4577,14
4577,16
4577,17
4577,19
4577,20
4577,21
4577,23
4577,24
4577,25
4577,26
4577,27
4577,29
4577,31
4577,32
4578,1
4578,2
4578,3
4578,9
4578,18
4578,22
4578,28
4578,30
4578,33
4578,34
4578,35
4578,36
4578,37
4578,38
4578,39
4578,40
4579,4
4579,5
4579,6
4579,7
4579,8
4579,10
4579,11
4579,12
4579,13
4579,14
4579,15
4579,16
4579,17
4579,19
4579,20
4579,21
4579,24
4579,25
4579,26
4579,27
4579,29
4579,31
4579,32
4580,1
4580,3
4580,9
4580,13
4580,14
4580,18
4580,22
4580,23
4580,28
4580,29
4580,30
4580,33
4580,34
4580,35
4580,36
4580,37
4580,38
4580,39
4580,40
4581,2
4581,4
4581,5
4581,6
4581,7
4581,8
4581,10
4581,11
4581,12
4581,15
4581,16
4581,17
4581,19
4581,20
4581,21
4581,24
4581,25
4581,26
4581,27
4581,31
4581,32
4582,3
4582,18
4582,30
4582,33
4582,34
4582,35
4582,36
4582,37
4582,38
4582,39
4582,40
4583,1
4583,2
4583,4
4583,5
4583,7
4583,8
4583,9
4583,10
4583,11
4583,13
4583,14
4583,15
4583,16
4583,21
4583,22
4583,27
4583,28
4583,29
4584,6
4584,12
4584,17
4584,19
4584,28
4584,31
4584,34
4584,35
4584,40
4585,1
4585,2
4585,3
4585,9
4585,10
4585,13
4585,14
4585,18
4585,20
4585,22
4585,26
4585,30
4585,33
4585,36
4585,37
4585,38
4585,39
4586,15
4586,16
4586,23
4586,27
4586,29
4586,32
4587,4
4587,24
4587,30
4587,33
4587,34
4587,35
4587,36
4587,37
4587,38
4587,39
4587,40
4588,3
4588,11
4588,22
4589,2
4590,18
4591,40
4592,34
4592,35
4592,39
4593,33
4593,37
4597,40
4599,39
4602,35
4602,37
4602,40
4604,39
4609,37
4609,40
4610,39
4613,35
4615,33
4619,39
4620,34
4621,37
4622,33
4623,40
4628,35
4629,37
4630,33
4630,36
4630,39
4631,38
4634,40
4638,33
4639,39
4641,35
4641,38
4642,34
4642,37
4642,40
4643,36
4649,33
4649,34
4651,40
4654,35
4655,33
4655,39
4658,34
4660,40
4661,36
4666,33
4669,34
4669,40
4672,35
4674,37
4676,36
4679,33
4680,34
4681,35
4681,38
4683,40
4686,35
4688,40
4689,33
4690,36
4690,39
4695,35
4695,40
4699,39
4700,40
4701,35
4701,37
4705,33
4705,40
4707,36
4707,37
4708,38
4709,40
4712,40
4716,33
4716,37
4716,40
4717,36
4717,39
4720,35
4721,40
4723,37
4724,40
4725,39
4728,36
4728,38
4729,35
4729,39
4729,40
4730,37
4733,40
4735,37
4736,39
4737,40
4739,36
4741,37
4742,39
4742,40
4746,34
4747,40
4748,37
4751,35
4751,38
4751,39
4753,40
4758,37
4759,36
4759,39
4759,40
4760,38
4761,35
4763,33
4765,22
4768,35
4769,40
4770,2
4770,38
4770,39
4771,3
4771,23
4771,33
4771,36
4772,22
4772,31
4772,34
4773,24
4773,40
4774,5
4774,6
4774,15
4774,16
4774,20
4775,4
4775,9
4775,29
4775,30
4775,33
4775,36
4775,37
4776,2
4776,11
4776,13
4776,14
4776,17
4776,18
4776,19
4776,26
4776,34
4776,35
4776,40
4777,1
4777,3
4777,7
4777,8
4777,10
4777,12
4777,21
4777,22
4777,25
4777,27
4777,28
4777,32
4777,38
4777,39
4778,5
4778,15
4778,16
4778,18
4778,23
4778,30
4778,31
4778,33
4778,34
4778,36
4778,37
4778,40
4779,2
4779,3
4779,4
4779,6
4779,9
4779,11
4779,13
4779,14
4779,17
4779,20
4779,22
4779,24
4779,26
4779,28
4779,29
4779,35
4779,38
4779,39
4780,1
4780,7
4780,8
4780,10
4780,12
4780,19
4780,21
4780,25
4780,27
4780,32
4780,33
4780,37
4780,40
4781,2
4781,3
4781,4
4781,5
4781,9
4781,11
4781,13
4781,14
4781,15
4781,16
4781,17
4781,18
4781,20
4781,22
4781,24
4781,26
4781,28
4781,29
4781,30
4781,31
4781,34
4781,35
4781,36
4781,38
4781,39
4782,1
4782,3
4782,6
4782,23
4782,30
4782,33
4782,35
4782,37
4782,40
4783,2
4783,4
4783,7
4783,8
4783,9
4783,10
4783,11
4783,12
4783,13
4783,14
4783,15
4783,16
4783,17
4783,18
4783,19
4783,21
4783,22
4783,24
4783,25
4783,26
4783,27
4783,28
4783,29
4783,31
4783,32
4783,34
4783,36
4783,38
4783,39
4784,3
4784,5
4784,9
4784,18
4784,20
4784,22
4784,28
4784,30
4784,33
4784,34
4784,35
4784,36
4784,37
4784,38
4784,39
4784,40
4785,1
4785,2
4785,4
4785,6
4785,7
4785,8
4785,10
4785,11
4785,12
4785,13
4785,14
4785,15
4785,16
4785,17
4785,19
4785,21
4785,23
4785,24
4785,25
4785,26
4785,27
4785,29
4785,31
4785,32
4786,1
4786,2
4786,3
4786,6
4786,9
4786,10
4786,13
4786,14
4786,16
4786,18
4786,21
4786,22
4786,28
4786,30
4786,33
4786,34
4786,35
4786,36
4786,37
4786,38
4786,39
4786,40
4787,4
4787,5
4787,7
4787,8
4787,11
4787,12
4787,15
4787,17
4787,19
4787,20
4787,23
4787,24
4787,25
4787,26
4787,27
4787,29
4787,31
4787,32
4788,2
4788,3
4788,18
4788,22
4788,28
4788,30
4788,33
4788,34
4788,35
4788,36
4788,37
4788,38
4788,39
4788,40
4789,1
4789,8
4789,9
4789,10
4789,13
4789,14
4789,15
4789,16
4789,27
4790,4
4790,5
4790,6
4790,11
4790,12
4790,21
4790,26
4790,29
4790,31
4791,1
4791,17
4791,22
4791,25
4791,33
4791,34
4791,35
4791,36
4791,37
4791,38
4791,39
4791,40
4792,2
4792,3
4792,18
4792,28
4792,30
4795,34
4795,37
4795,39
4795,40
4796,33
4796,35
4796,36
4802,40
4804,35
4804,39
4807,34
4807,36
4807,40
4811,40
4812,35
4814,33
4816,35
4816,39
4816,40
4821,35
4822,34
4822,40
4824,39
4828,35
4828,40
4829,36
4829,37
4833,33
4835,35
4836,40
4837,38
4839,39
4841,33
4843,40
4844,39
4846,34
4850,33
4850,36
4851,39
4852,35
4853,40
4858,39
4860,36
4860,40
4861,35
4861,37
4867,39
4868,35
4869,40
4870,36
4871,34
4876,34
4876,36
4878,39
4878,40
4883,34
4883,39
4884,40
4885,36
4889,39
4889,40
4891,33
4892,36
4892,37
4896,40
4899,39
4901,36
4902,35
4902,40
4905,37
4907,39
4908,33
4912,40
4913,38
4913,39
4918,33
4920,37
4921,34
4923,18
4923,36
4925,38
4925,40
4927,37
4929,35
4931,39
4935,28
4937,33
4937,35
4937,38
4938,22
4938,34
4938,36
4939,13
4939,16
4939,40
4940,2
4940,3
4941,39
4942,37
4943,32
4943,34
4943,35
4944,5
4944,22
4944,30
4944,33
4944,40
4945,14
4945,18
4945,24
4945,36
4946,10
4946,17
4946,38
4947,23
4947,27
4947,40
4948,2
4948,6
4948,34
4948,37
4948,39
4949,1
4949,3
4949,4
4949,9
4949,11
4949,20
4949,28
4949,29
4949,30
4949,33
4949,35
4950,18
4950,21
4950,26
4950,31
4950,36
4950,38
4950,40
4951,8
4951,15
4951,16
4951,22
4951,25
4951,30
4951,33
4951,35
4951,37
4952,3
4952,5
4952,7
4952,9
4952,12
4952,13
4952,14
4952,17
4952,19
4952,28
4952,29
4952,32
4952,34
4952,39
4953,2
4953,4
4953,6
4953,10
4953,11
4953,22
4953,24
4953,27
4953,33
4953,35
4953,36
4953,38
4953,40
4954,1
4954,3
4954,8
4954,14
4954,15
4954,16
4954,18
4954,20
4954,21
4954,23
4954,25
4954,26
4954,28
4954,30
4954,31
4954,34
4954,37
4954,39
4955,5
4955,9
4955,12
4955,13
4955,17
4955,19
4955,29
4955,33
4955,36
4955,38
4955,40
4956,1
4956,2
4956,3
4956,4
4956,7
4956,8
4956,10
4956,11
4956,14
4956,15
4956,16
4956,18
4956,22
4956,24
4956,26
4956,27
4956,28
4956,30
4956,31
4956,32
4956,34
4956,35
4956,37
4956,39
4957,3
4957,6
4957,20
4957,21
4957,23
4957,25
4957,33
4957,34
4957,36
4957,37
4957,38
4957,40
4958,1
4958,2
4958,4
4958,5
4958,7
4958,9
4958,10
4958,11
4958,12
4958,13
4958,14
4958,15
4958,16
4958,17
4958,18
4958,19
4958,22
4958,24
4958,26
4958,27
4958,28
4958,29
4958,30
4958,31
4958,35
4958,39
4959,2
4959,3
4959,8
4959,9
4959,13
4959,18
4959,22
4959,28
4959,30
4959,32
4959,33
4959,34
4959,35
4959,36
4959,37
4959,38
4959,39
4959,40
4960,1
4960,4
4960,5
4960,6
4960,7
4960,10
4960,11
4960,12
4960,14
4960,15
4960,16
4960,17
4960,19
4960,20
4960,21
4960,23
4960,24
4960,25
4960,26
4960,27
4960,29
4960,31
4961,1
4961,2
4961,3
4961,9
4961,13
4961,14
4961,18
4961,22
4961,28
4961,30
4961,33
4961,34
4961,35
4961,36
4961,37
4961,38
4961,39
4961,40
4962,4
4962,5
4962,6
4962,7
4962,8
4962,10
4962,11
4962,12
4962,15
4962,16
4962,17
4962,19
4962,20
4962,21
4962,23
4962,24
4962,25
4962,26
4962,27
4962,29
4962,31
4962,32
4963,3
4963,18
4963,22
4963,28
4963,30
4963,33
4963,34
4963,35
4963,36
4963,37
4963,38
4963,39
4963,40
4964,1
4964,2
4964,4
4964,5
4964,6
4964,7
4964,8
4964,9
4964,10
4964,11
4964,12
4964,13
4964,14
4964,15
4964,16
4964,17
4964,19
4964,20
4964,21
4964,25
4964,26
4964,27
4964,29
4964,31
4965,1
4965,2
4965,3
4965,9
4965,13
4965,18
4965,22
4965,23
4965,24
4965,28
4965,30
4965,32
4965,33
4965,34
4965,35
4965,36
4965,37
4965,38
4965,39
4965,40
4966,4
4966,5
4966,6
4966,7
4966,8
4966,10
4966,11
4966,12
4966,14
4966,15
4966,16
4966,17
4966,19
4966,20
4966,21
4966,25
4966,26
4966,27
4966,29
4966,31
4967,3
4967,22
4967,30
4967,33
4967,34
4967,35
4967,36
4967,37
4967,38
4967,39
4967,40
4968,1
4968,2
4968,9
4968,13
4968,14
4968,16
4968,18
4968,28
4969,12
4969,15
4970,34
4970,35
4970,40
4971,21
4971,33
4971,37
4971,38
4971,39
4972,11
4973,36
4975,18
4977,39
4978,35
4982,35
4984,39
4988,40
4989,34
4989,35
4989,39
4994,40
4995,39
4998,35
