7,14
8,20
8,24
8,26
9,1
9,4
9,12
9,15
9,17
9,22
9,29
9,38
10,3
10,5
10,9
10,10
10,11
10,13
10,16
10,21
10,27
10,28
10,32
10,33
10,34
10,36
10,37
10,40
11,2
11,6
11,8
11,18
11,19
11,23
11,30
11,31
11,39
12,7
12,14
12,20
12,22
12,25
12,26
12,35
12,37
12,38
13,36
14,1
14,3
14,4
14,11
14,21
14,24
14,33
14,34
14,39
14,40
15,16
15,17
15,29
15,32
16,10
16,22
16,26
16,38
17,18
17,35
17,37
18,13
18,14
18,25
18,30
19,2
19,34
19,40
20,33
20,36
22,22
22,35
22,37
22,38
22,39
26,40
27,37
27,38
28,33
30,35
32,37
33,40
34,33
36,35
37,37
37,38
38,40
40,33
41,34
41,37
42,35
43,38
43,40
45,12
46,37
48,33
48,34
48,38
51,37
52,33
52,35
52,40
53,39
56,36
56,38
57,33
58,37
58,40
61,33
62,35
63,40
64,33
65,37
67,40
68,33
68,34
72,33
72,40
76,38
77,33
77,39
77,40
78,34
78,35
78,37
81,30
81,33
81,40
82,37
83,35
84,33
85,40
86,34
86,36
87,37
88,15
88,38
89,33
89,40
90,7
91,34
91,35
91,39
93,33
95,40
96,34
96,36
96,37
98,33
98,38
100,40
102,34
103,22
104,27
104,33
104,38
104,40
105,35
106,2
106,36
106,37
108,6
108,21
108,33
108,40
109,28
109,30
109,35
110,11
111,37
112,33
112,35
113,4
113,19
113,26
113,32
113,34
113,36
113,38
114,1
114,40
115,5
116,20
116,33
116,39
117,35
117,37
118,3
118,22
119,12
119,25
120,18
120,23
120,33
121,34
121,38
122,14
122,16
122,37
122,40
123,8
123,10
123,13
123,31
123,35
124,24
125,22
125,33
125,36
125,38
125,40
126,1
126,26
127,35
127,37
128,17
128,21
129,11
129,30
129,33
129,39
130,34
131,40
132,35
133,38
134,36
135,29
136,33
137,30
137,35
137,38
139,37
140,40
141,33
142,35
143,38
144,34
147,33
148,35
148,40
149,36
149,37
152,38
154,35
155,9
158,33
158,34
158,37
159,35
160,36
160,40
161,38
163,35
164,33
167,35
167,37
169,33
169,40
173,35
174,38
175,33
177,7
177,35
177,40
178,37
179,36
181,27
181,35
182,34
183,37
183,40
186,33
186,38
187,35
188,39
188,40
189,37
191,40
192,33
192,34
192,35
195,22
196,40
197,35
197,37
198,26
200,22
200,40
202,2
202,4
202,12
202,23
202,32
203,13
203,19
203,21
203,33
203,35
204,6
204,22
204,28
204,30
204,34
204,37
204,38
205,1
205,11
205,14
205,16
205,18
205,20
205,24
205,31
205,36
205,40
206,3
206,5
206,8
206,17
206,25
206,26
207,7
207,15
207,29
207,32
207,33
207,35
207,37
207,39
208,10
208,14
208,22
208,36
208,38
208,40
209,16
209,21
209,34
210,4
210,11
210,23
210,26
210,30
211,25
211,35
211,38
212,2
212,33
212,37
212,40
213,20
213,22
213,36
214,39
215,27
215,34
215,38
216,35
217,40
219,38
220,33
220,34
221,37
222,40
223,36
223,38
226,40
227,35
227,38
228,34
228,37
230,40
232,35
232,38
233,37
233,40
236,34
237,35
237,40
240,33
240,38
240,40
241,37
244,35
244,40
245,37
246,33
248,40
251,35
251,37
251,38
254,33
254,34
254,40
255,37
259,36
260,35
261,34
261,37
261,39
261,40
266,37
268,33
269,34
269,35
269,40
270,38
271,37
273,36
274,40
277,39
278,22
278,34
279,36
280,40
281,37
282,6
282,33
282,35
282,38
284,2
286,19
286,40
287,33
287,37
288,26
288,38
290,35
291,34
292,3
292,12
292,36
293,23
293,33
293,40
294,37
296,24
296,38
297,33
297,34
298,37
298,40
299,21
299,22
299,28
299,35
300,36
300,39
302,30
302,37
303,1
304,11
304,15
304,32
305,8
305,33
305,35
306,4
306,9
306,16
306,38
306,40
307,13
307,14
307,18
307,34
307,36
307,37
308,5
308,20
308,25
308,26
308,39
309,7
309,17
309,33
310,29
311,10
311,22
311,31
311,35
311,37
311,38
312,36
312,40
313,27
313,33
314,30
316,37
317,2
317,33
317,35
317,38
317,40
318,26
320,34
323,33
323,36
323,37
323,40
324,38
327,35
330,40
331,33
331,34
332,37
333,38
337,35
338,33
338,34
338,37
338,38
340,40
345,38
347,33
347,34
347,35
350,36
350,40
353,37
355,12
355,33
355,35
358,34
358,37
360,24
360,33
363,37
364,39
364,40
365,22
366,35
368,38
369,21
369,37
372,34
372,40
373,16
373,30
373,33
374,37
375,35
376,36
377,3
377,40
378,37
380,7
381,33
381,35
382,14
382,15
383,4
383,18
383,34
383,39
383,40
384,11
384,23
384,28
384,37
384,38
385,36
386,22
386,25
387,1
387,5
387,35
388,20
388,27
388,30
389,17
389,33
389,40
390,2
390,31
390,32
390,37
391,6
391,8
391,14
391,16
391,26
391,35
392,10
392,13
392,19
392,21
392,34
392,39
393,9
393,29
393,37
393,40
394,11
394,22
394,33
394,36
395,1
395,38
396,3
396,24
396,26
397,37
398,33
399,35
400,25
400,36
401,34
401,37
401,40
402,39
405,33
405,38
406,35
406,37
407,40
409,33
409,36
410,34
411,39
412,37
414,33
415,40
417,34
418,35
418,37
419,33
419,36
423,33
424,37
424,38
425,40
426,34
426,35
428,33
430,12
431,34
432,33
433,37
433,38
435,40
437,33
439,40
440,34
440,36
442,35
443,30
443,40
444,38
445,37
447,33
447,35
448,34
448,40
451,33
454,40
456,33
456,35
456,37
456,39
460,40
461,33
464,35
464,36
467,21
467,33
467,34
467,37
469,40
471,2
472,33
472,38
473,26
473,40
475,7
476,33
476,37
476,39
477,22
477,32
477,35
477,36
478,40
481,5
481,11
481,34
481,38
482,17
482,23
482,40
483,4
483,16
483,27
483,30
483,33
484,39
485,14
485,20
485,21
485,22
485,25
485,28
485,35
485,37
485,38
486,31
486,34
486,36
486,40
487,13
488,1
488,3
488,18
488,24
488,33
488,37
489,2
489,6
489,10
489,38
489,40
491,8
491,11
491,30
491,34
491,35
492,26
492,33
492,39
492,40
493,38
494,19
494,22
494,36
496,34
496,37
497,25
497,33
498,40
500,38
502,33
502,35
502,40
503,15
504,34
505,38
506,40
507,36
508,37
509,40
510,38
512,33
512,35
512,40
514,34
516,37
517,38
517,40
520,35
522,33
523,38
523,40
524,36
525,12
527,32
527,35
527,37
527,38
528,33
528,34
531,40
533,37
535,35
535,40
536,33
536,38
537,29
539,34
540,40
541,37
542,38
543,26
543,39
544,33
544,35
544,36
544,40
546,14
548,37
548,38
549,40
550,35
553,33
553,34
556,38
557,20
557,33
558,36
558,40
559,18
559,35
560,39
561,30
562,34
563,2
563,37
563,38
564,33
565,40
567,4
567,27
567,35
569,31
569,33
569,37
570,9
570,34
570,40
571,7
571,22
571,36
571,38
572,21
573,35
574,19
574,24
574,33
575,34
575,37
576,17
577,16
577,35
577,38
578,33
578,39
578,40
580,1
580,6
580,11
580,37
582,3
582,33
582,35
583,30
584,5
584,32
584,36
585,26
585,35
586,33
586,37
586,38
586,40
587,8
587,13
587,34
588,15
589,22
590,23
590,33
590,35
590,36
592,39
593,37
594,25
594,33
595,36
596,35
597,37
597,40
599,33
603,33
603,40
604,28
604,37
605,35
605,36
609,12
609,37
610,33
610,39
612,34
613,35
613,36
613,38
614,33
615,40
617,37
620,33
620,35
622,40
624,36
625,33
625,35
626,22
627,34
628,37
631,33
632,35
633,26
633,40
634,38
636,34
636,36
636,37
638,33
639,35
641,37
641,38
644,33
646,35
646,36
646,37
646,38
647,20
647,40
648,3
648,33
648,39
649,18
649,34
650,37
651,2
653,38
653,40
654,29
654,33
654,37
655,35
656,27
658,11
658,33
658,37
658,38
659,32
660,4
660,7
660,40
661,14
661,17
661,30
662,21
662,22
662,33
662,35
662,38
663,26
663,36
664,16
664,24
664,37
664,39
664,40
665,5
665,12
665,20
665,31
665,34
666,28
666,38
667,1
667,14
667,25
668,33
668,37
669,8
669,10
669,23
669,30
669,34
669,36
669,38
670,15
670,22
670,35
670,40
671,11
671,21
671,39
673,13
673,33
673,36
673,38
674,34
674,37
676,19
678,37
678,40
679,33
680,35
680,38
683,37
686,40
687,34
688,37
688,38
691,33
691,40
692,37
695,35
696,40
697,37
702,35
702,38
702,40
703,26
703,33
703,37
707,9
707,24
707,37
709,6
709,34
710,33
710,40
711,37
712,16
712,22
712,25
712,39
713,35
715,33
715,37
716,18
717,40
719,7
719,32
720,33
720,37
722,4
722,36
723,38
724,34
724,35
724,39
724,40
725,37
728,33
729,37
730,34
731,35
732,33
734,37
734,40
737,33
737,34
740,37
741,35
742,40
743,33
746,35
747,33
747,37
748,17
749,12
749,34
749,36
750,3
750,26
750,33
751,40
753,22
753,37
754,33
755,2
755,23
755,27
756,1
756,20
756,24
756,39
757,33
757,35
757,40
758,8
758,13
758,21
758,37
759,11
759,15
759,22
759,28
759,32
760,5
760,10
760,34
760,36
760,38
761,16
761,25
761,31
761,33
762,7
762,26
762,30
762,35
763,14
763,29
763,37
763,40
764,21
764,22
764,33
764,39
765,4
765,19
765,36
765,38
766,2
767,18
767,35
767,37
769,38
769,40
770,33
771,36
773,37
774,38
775,33
777,36
777,38
779,37
780,40
781,38
784,36
785,35
785,38
785,40
787,33
788,37
788,38
789,40
791,34
793,36
793,38
793,40
797,33
797,34
797,35
797,38
797,39
798,40
800,37
802,38
803,36
804,30
806,38
806,40
808,6
808,33
808,34
808,35
810,36
811,37
811,40
814,38
815,40
816,35
818,26
818,33
818,40
819,39
820,36
821,34
821,35
821,38
822,22
823,33
823,40
827,40
828,33
829,35
830,38
831,40
832,33
833,30
834,35
834,40
836,33
836,36
836,38
837,12
839,40
840,3
840,33
840,35
840,38
842,37
843,34
844,22
844,33
844,35
844,40
847,20
848,11
848,27
848,38
849,14
849,33
850,24
850,26
850,32
850,35
850,37
850,40
851,2
851,21
851,34
852,17
852,23
852,36
853,22
853,28
853,33
854,9
854,38
854,39
855,4
855,19
855,31
855,37
855,40
856,1
856,8
856,10
856,29
856,35
857,5
857,21
857,33
857,36
858,3
858,16
858,25
858,34
859,11
859,13
859,37
859,38
860,2
860,35
860,40
861,7
861,18
861,30
862,14
863,33
863,36
864,35
864,39
864,40
865,38
866,34
866,37
867,12
868,40
869,33
870,6
870,15
870,35
870,37
873,40
874,33
875,37
876,38
877,35
878,40
880,26
880,36
881,37
882,33
884,35
885,40
887,37
889,33
890,34
894,37
895,40
896,34
896,36
897,33
898,35
902,36
902,38
904,35
904,37
905,39
906,33
908,40
910,35
911,34
912,33
915,37
916,33
916,36
916,40
917,30
919,35
920,33
921,21
922,40
924,32
924,33
924,36
924,37
925,22
925,35
925,38
928,20
929,34
930,33
930,35
930,40
931,37
933,16
934,22
934,28
935,26
935,33
935,39
936,18
936,30
936,35
937,1
937,7
937,37
938,2
938,12
938,23
938,33
938,34
938,40
939,3
939,11
939,13
939,27
939,36
940,8
940,14
940,25
940,31
940,35
941,22
941,33
941,39
942,21
942,30
942,38
943,4
943,10
943,15
943,17
943,24
943,36
943,37
943,40
944,5
944,29
945,9
945,26
946,19
946,22
946,33
946,34
947,16
947,38
948,39
949,32
949,37
949,40
950,14
950,20
950,35
950,36
952,25
952,33
952,38
953,40
954,6
954,26
954,37
956,36
958,33
958,35
958,38
959,40
960,37
964,36
965,38
966,37
966,40
967,33
967,35
971,40
974,33
975,35
975,38
976,34
978,22
978,37
979,36
979,40
981,33
981,35
983,38
985,33
985,35
986,34
986,36
986,40
988,37
990,38
991,35
992,33
994,34
994,40
996,35
997,38
999,33
999,39
1000,35
1000,37
1002,40
1004,35
1007,38
1008,12
1008,35
1010,33
1010,34
1010,40
1012,36
1012,37
1013,38
1014,35
1016,4
1016,27
1017,38
1018,35
1019,2
1019,33
1019,37
1020,34
1020,40
1021,26
1021,30
1022,5
1022,35
1022,36
1023,1
1024,11
1024,37
1024,38
1025,22
1025,31
1025,33
1026,21
1027,40
1028,14
1028,36
1029,13
1029,20
1029,32
1029,35
1029,37
1029,38
1029,39
1030,3
1030,17
1030,18
1030,26
1030,28
1030,34
1033,7
1033,8
1033,10
1033,22
1033,23
1033,33
1033,35
1033,37
1033,40
1034,16
1034,25
1034,36
1035,30
1036,14
1036,29
1036,34
1036,38
1037,40
1038,15
1038,35
1038,37
1039,33
1039,36
1039,39
1042,40
1045,36
1047,35
1048,37
1048,40
1049,38
1050,36
1051,24
1051,39
1053,40
1054,38
1057,6
1057,36
1058,19
1058,34
1058,37
1058,40
1059,33
1059,39
1061,38
1064,35
1064,36
1065,37
1065,40
1068,38
1070,36
1073,34
1073,35
1073,38
1074,33
1074,37
1075,36
1076,2
1076,22
1077,40
1078,4
1080,36
1081,38
1082,24
1082,39
1082,40
1083,22
1083,33
1083,37
1084,21
1086,11
1086,40
1088,35
1090,23
1090,34
1090,36
1091,28
1091,33
1091,38
1091,40
1092,26
1092,30
1094,12
1094,37
1095,32
1095,35
1095,39
1095,40
1096,34
1096,36
1098,33
1099,22
1100,35
1100,40
1102,33
1105,37
1105,40
1107,1
1107,33
1109,3
1109,35
1110,38
1111,18
1111,36
1111,40
1112,9
1112,33
1112,37
1113,34
1114,25
1114,39
1116,8
1117,35
1117,37
1118,33
1118,40
1119,31
1119,36
1120,7
1120,16
1120,17
1120,38
1122,20
1122,35
1123,33
1123,37
1124,15
1124,40
1125,27
1125,34
1126,14
1126,35
1127,29
1128,11
1128,36
1128,38
1128,39
1129,2
1129,5
1129,30
1129,40
1130,21
1130,26
1130,35
1130,37
1131,4
1131,34
1133,38
1134,22
1134,36
1134,39
1134,40
1136,35
1137,19
1137,37
1140,33
1141,35
1141,37
1142,40
1143,13
1145,22
1146,35
1147,38
1149,33
1150,10
1150,34
1150,35
1151,6
1151,37
1151,40
1152,36
1152,38
1154,32
1155,33
1156,35
1156,37
1156,40
1157,26
1161,33
1161,36
1161,38
1161,40
1162,34
1162,37
1163,35
1166,40
1167,33
1168,37
1171,33
1171,35
1171,40
1176,33
1177,35
1177,37
1177,38
1177,40
1178,34
1179,36
1182,33
1184,40
1185,38
1186,37
1187,25
1187,35
1189,3
1189,33
1189,36
1189,40
1190,12
1191,28
1193,35
1193,37
1194,21
1194,34
1194,39
1195,30
1195,40
1196,23
1196,33
1198,22
1198,35
1198,36
1199,7
1200,1
1201,33
1201,37
1201,39
1201,40
1202,14
1203,16
1203,17
1203,35
1204,8
1204,11
1204,20
1204,38
1205,22
1205,27
1205,34
1206,4
1206,33
1207,2
1207,18
1207,30
1207,37
1207,40
1208,24
1208,31
1208,35
1209,36
1210,14
1210,26
1210,32
1210,40
1211,19
1211,29
1212,5
1212,35
1212,38
1213,22
1213,26
1213,34
1214,9
1214,25
1214,33
1214,37
1214,39
1214,40
1215,13
1217,4
1217,15
1218,35
1218,40
1219,37
1221,33
1221,36
1222,35
1224,37
1225,38
1225,40
1227,35
1228,33
1229,6
1230,38
1232,37
1233,34
1233,40
1234,33
1235,35
1235,39
1238,38
1239,33
1239,40
1241,35
1244,33
1244,38
1245,36
1245,37
1247,35
1247,40
1252,37
1252,40
1253,35
1253,38
1254,33
1256,40
1258,36
1258,37
1259,38
1260,39
1260,40
1261,3
1261,22
1261,33
1264,35
1264,40
1265,2
1266,30
1266,34
1268,26
1268,37
1268,38
1269,12
1269,23
1269,40
1270,22
1270,33
1271,21
1272,27
1272,31
1272,35
1272,38
1273,28
1273,34
1274,1
1274,11
1274,30
1274,36
1274,37
1274,39
1274,40
1275,33
1276,20
1276,32
1277,10
1277,14
1278,35
1278,36
1278,38
1279,40
1280,16
1280,21
1280,37
1281,7
1281,24
1281,33
1281,34
1282,22
1283,38
1284,37
1285,40
1286,8
1286,17
1288,33
1288,36
1289,35
1290,38
1291,25
1291,37
1291,39
1291,40
1295,36
1296,33
1297,34
1297,35
1298,38
1298,40
1300,15
1300,37
1301,9
1301,35
1304,33
1304,36
1304,38
1304,40
1305,18
1307,26
1307,37
1308,35
1309,4
1309,40
1310,34
1311,33
1313,19
1315,35
1315,37
1317,39
1317,40
1318,6
1319,33
1320,35
1320,38
1322,37
1323,40
1324,29
1324,33
1325,5
1325,35
1328,37
1328,38
1328,40
1329,33
1329,34
1330,13
1330,14
1330,30
1330,35
1331,11
1332,36
1332,40
1333,3
1333,33
1333,35
1334,20
1334,37
1334,38
1334,39
1335,12
1337,33
1338,7
1338,22
1338,34
1338,35
1341,33
1341,40
1342,30
1343,37
1343,38
1344,27
1344,35
1346,33
1346,40
1347,21
1348,34
1350,40
1351,33
1352,32
1352,37
1353,35
1353,36
1355,40
1356,26
1359,2
1359,40
1360,23
1361,22
1362,31
1362,33
1362,34
1362,36
1362,37
1363,8
1363,24
1365,28
1365,35
1365,39
1365,40
1366,15
1366,33
1367,16
1367,37
1368,17
1368,25
1368,38
1369,1
1369,36
1369,40
1370,10
1370,21
1370,33
1371,34
1371,38
1372,18
1372,35
1374,33
1374,40
1376,37
1376,38
1379,40
1380,33
1380,35
1382,36
1384,34
1384,40
1385,33
1386,38
1389,37
1390,33
1390,40
1391,35
1391,38
1394,26
1394,34
1396,33
1396,38
1397,22
1398,40
1399,2
1400,33
1402,34
1402,35
1402,37
1403,36
1404,4
1404,20
1404,39
1404,40
1407,33
1407,38
1410,11
1410,22
1410,36
1411,33
1412,38
1413,30
1413,37
1413,40
1414,32
1414,33
1414,35
1415,21
1416,34
1416,36
1418,37
1418,40
1419,33
1419,39
1422,3
1423,34
1423,37
1424,33
1425,19
1425,35
1425,38
1425,40
1427,25
1429,33
1429,34
1430,40
1431,37
1432,38
1434,6
1434,36
1435,26
1435,27
1435,35
1436,33
1436,37
1436,40
1437,34
1438,7
1439,39
1440,38
1441,9
1441,37
1442,33
1443,36
1443,40
1445,34
1447,35
1447,38
1448,37
1448,40
1449,5
1449,33
1451,24
1453,2
1453,12
1453,37
1453,40
1454,22
1454,33
1455,15
1456,13
1456,28
1456,34
1456,38
1457,23
1457,30
1458,21
1458,35
1458,36
1458,37
1458,40
1459,16
1459,20
1460,1
1460,17
1460,33
1460,38
1460,39
1461,10
1461,14
1461,31
1462,29
1462,37
1463,3
1463,8
1463,11
1463,18
1463,25
1463,26
1463,32
1463,34
1463,40
1464,22
1464,33
1464,36
1464,38
1465,35
1466,4
1466,37
1467,26
1468,23
1469,33
1470,25
1471,37
1471,38
1471,40
1472,30
1472,33
1474,35
1475,27
1475,33
1476,38
1476,39
1477,37
1478,40
1480,33
1480,35
1482,36
1483,38
1485,37
1486,33
1487,40
1488,35
1488,38
1492,37
1492,38
1492,40
1493,33
1495,36
1496,35
1498,33
1499,38
1500,37
1500,40
1504,33
1505,35
1505,36
1505,40
1506,37
1506,38
1510,37
1512,35
1513,33
1513,40
1516,34
1517,35
1517,37
1517,38
1518,33
1521,40
1523,33
1523,34
1523,35
1523,36
1525,37
1528,39
1529,24
1529,33
1529,38
1530,34
1530,37
1530,40
1531,36
1532,22
1533,16
1533,35
1535,17
1536,37
1536,38
1537,2
1538,11
1538,33
1538,34
1539,1
1539,40
1540,7
1540,36
1541,5
1541,6
1541,14
1541,28
1542,12
1542,25
1542,32
1542,38
1543,3
1543,19
1543,21
1543,34
1543,35
1543,39
1544,4
1544,13
1544,20
1544,30
1544,33
1544,37
1545,10
1545,16
1545,26
1545,36
1546,14
1546,18
1546,22
1546,38
1547,29
1547,31
1547,35
1547,37
1547,40
1548,8
1548,15
1548,27
1548,33
1549,2
1549,7
1549,23
1549,34
1550,38
1550,39
1551,11
1551,33
1551,36
1551,37
1551,40
1552,21
1552,30
1552,35
1554,9
1554,17
1555,33
1555,37
1555,40
1556,34
1558,38
1559,33
1559,35
1560,22
1560,37
1560,40
1561,36
1564,33
1565,35
1566,37
1566,39
1567,40
1568,33
1569,38
1571,40
1572,35
1573,33
1573,36
1573,37
1576,40
1578,37
1579,35
1579,39
1580,33
1583,37
1583,40
1584,33
1588,40
1589,33
1589,35
1589,36
1591,37
1593,33
1593,34
1593,38
1593,40
1596,35
1597,36
1597,37
1598,33
1599,40
1600,34
1604,40
1605,33
1605,35
1605,37
1605,38
1606,36
1608,34
1610,40
1611,35
1612,33
1614,34
1615,40
1616,35
1618,39
1618,40
1621,36
1622,33
1622,38
1622,40
1623,34
1623,35
1625,12
1625,22
1627,2
1627,30
1627,33
1627,37
1627,40
1629,26
1629,38
1630,1
1630,20
1630,35
1631,28
1631,32
1631,40
1632,22
1632,24
1632,33
1633,3
1633,4
1633,5
1633,8
1633,11
1633,23
1633,34
1633,37
1634,13
1634,16
1634,21
1634,25
1635,10
1635,35
1635,36
1635,39
1635,40
1636,14
1636,19
1636,22
1636,26
1636,33
1636,37
1636,38
1637,6
1637,7
1637,18
1637,27
1637,30
1637,31
1637,34
1638,17
1638,40
1639,33
1639,37
1640,1
1640,15
1640,22
1640,29
1640,39
1641,20
1641,35
1641,36
1641,38
1642,40
1644,11
1645,26
1645,33
1645,35
1647,36
1647,40
1648,37
1652,33
1652,35
1654,40
1656,33
1657,39
1658,37
1659,34
1659,35
1661,40
1663,33
1665,36
1666,40
1668,33
1670,38
1670,40
1671,34
1671,35
1674,33
1674,40
1678,36
1678,39
1680,37
1680,40
1681,33
1681,35
1681,38
1685,40
1687,22
1688,34
1689,36
1690,40
1691,35
1692,21
1692,38
1693,33
1694,25
1694,40
1695,2
1695,34
1695,36
1696,37
1698,38
1698,40
1699,3
1700,35
1701,40
1702,16
1702,37
1702,39
1703,36
1704,26
1704,30
1704,33
1705,34
1705,40
1706,18
1707,37
1708,33
1709,35
1709,40
1712,9
1712,12
1714,23
1714,33
1714,34
1714,36
1714,40
1716,24
1716,38
1717,22
1717,28
1717,32
1717,39
1719,33
1719,37
1720,34
1720,35
1720,40
1721,10
1722,4
1722,5
1722,33
1723,36
1724,8
1725,7
1725,22
1725,40
1726,11
1726,33
1726,37
1727,17
1729,20
1729,21
1729,33
1729,34
1729,36
1730,39
1731,30
1731,37
1732,2
1732,25
1732,38
1734,1
1734,27
1734,33
1734,34
1734,40
1736,31
1736,35
1736,37
1736,38
1737,14
1737,36
1738,26
1738,33
1738,40
1739,15
1740,38
1742,34
1743,33
1743,36
1743,40
1744,37
1745,35
1745,38
1749,37
1749,40
1750,33
1750,38
1751,34
1754,35
1754,36
1755,33
1755,40
1756,34
1756,37
1756,38
1759,33
1762,36
1762,39
1762,40
1763,33
1763,34
1763,37
1767,38
1769,33
1769,34
1769,36
1770,35
1770,37
1770,40
1773,38
1774,33
1774,34
1776,36
1777,40
1779,33
1779,37
1779,39
1780,34
1782,36
1782,38
1783,6
1784,40
1785,3
1785,35
1786,33
1787,34
1787,37
1788,4
1789,36
1790,35
1790,38
1791,33
1793,25
1794,11
1794,34
1795,35
1795,37
1796,18
1796,33
1797,40
1798,26
1798,39
1799,16
1799,19
1799,34
1799,36
1800,30
1801,23
1802,35
1802,38
1803,7
1803,8
1803,22
1803,33
1803,37
1803,40
1804,14
1804,20
1804,29
1804,32
1804,36
1805,34
1807,17
1807,22
1807,33
1808,2
1808,35
1808,37
1808,38
1809,21
1809,27
1809,28
1809,31
1809,40
1810,34
1811,30
1811,33
1812,5
1812,10
1812,13
1812,35
1812,36
1812,39
1813,1
1813,37
1813,40
1814,24
1815,21
1815,33
1815,38
1816,35
1817,12
1817,36
1818,34
1819,33
1819,37
1820,35
1820,38
1824,33
1824,36
1825,35
1826,34
1826,38
1826,40
1829,33
1831,34
1831,35
1834,36
1834,37
1835,33
1835,40
1836,34
1837,38
1840,40
1841,34
1841,35
1842,33
1842,36
1842,38
1845,37
1845,40
1846,38
1847,35
1847,39
1848,34
1848,40
1849,36
1851,38
1852,40
1855,34
1855,35
1855,36
1856,33
1857,38
1857,40
1863,35
1863,37
1863,40
1864,34
1864,38
1865,26
1865,33
1865,36
1869,37
1869,40
1871,22
1871,34
1871,39
1874,35
1875,3
1875,33
1875,40
1876,30
1876,32
1877,18
1877,38
1878,15
1878,37
1879,11
1879,35
1879,36
1880,1
1880,9
1880,12
1880,27
1880,33
1880,34
1880,40
1881,22
1881,25
1881,26
1882,2
1882,4
1882,20
1882,23
1882,39
1883,33
1883,38
1884,7
1884,8
1884,14
1884,16
1884,21
1884,37
1885,1
1885,10
1885,22
1885,31
1885,34
1885,35
1885,36
1886,17
1886,24
1886,25
1886,28
1886,30
1886,38
1886,40
1887,11
1888,13
1888,16
1888,29
1888,33
1888,37
1889,5
1889,6
1889,19
1889,34
1889,36
1889,39
1890,21
1890,38
1890,40
1891,35
1891,37
1893,33
1895,34
1895,40
1897,33
1897,38
1900,35
1900,36
1901,37
1902,33
1902,34
1903,40
1905,38
1906,33
1908,37
1909,36
1910,33
1910,35
1911,34
1914,38
1915,33
1915,37
1917,34
1917,36
1918,40
1920,33
1921,38
1921,39
1923,35
1923,36
1923,37
1924,40
1926,33
1927,34
1927,35
1927,38
1928,36
1929,37
1931,40
1932,38
1933,33
1933,35
1933,39
1934,36
1935,37
1939,40
1940,35
1940,36
1941,33
1942,37
1942,38
1945,36
1946,24
1946,39
1946,40
1947,37
1947,38
1949,35
1951,15
1951,36
1952,37
1953,33
1954,22
1954,38
1954,40
1956,35
1957,4
1957,37
1958,33
1958,36
1959,32
1960,3
1960,35
1961,26
1961,37
1961,40
1962,33
1963,23
1963,34
1964,30
1965,22
1965,33
1965,35
1966,40
1967,27
1968,14
1968,36
1968,37
1969,2
1969,7
1969,40
1970,33
1970,35
1971,28
1972,37
1972,38
1973,21
1973,33
1973,34
1973,40
1974,31
1974,39
1976,38
1977,33
1977,36
1978,34
1978,35
1978,37
1978,40
1979,12
1981,17
1981,25
1982,33
1982,38
1984,34
1984,35
1984,40
1985,37
1986,18
1986,20
1987,33
1988,40
1989,36
1990,37
1992,22
1992,35
1992,40
1993,33
1993,38
1996,40
1997,33
1998,26
1998,34
1999,13
2000,11
2000,33
2000,36
2000,37
2002,19
2002,30
2002,35
2002,39
2002,40
2004,33
2005,37
2006,40
2007,29
2008,35
2010,33
2011,34
2011,37
2012,8
2012,40
2014,38
2015,6
2016,35
2016,40
2017,33
2017,34
2019,25
2020,40
2021,36
2021,39
2022,34
2022,37
2023,1
2024,40
2025,16
2027,33
2027,38
2028,36
2028,40
2029,3
2030,34
2030,35
2031,37
2033,10
2034,40
2035,39
2036,22
2036,30
2036,34
2036,38
2037,33
2038,36
2039,40
2040,23
2040,26
2041,2
2042,35
2043,22
2043,40
2044,21
2044,34
2045,27
2045,33
2046,5
2046,37
2046,38
2047,24
2047,31
2047,32
2047,36
2047,40
2048,35
2049,4
2049,8
2049,11
2049,15
2050,37
2050,38
2051,39
2052,20
2052,33
2052,34
2052,40
2053,17
2053,18
2053,36
2055,22
2055,35
2056,7
2056,37
2057,14
2057,34
2057,40
2058,33
2058,38
2059,28
2061,35
2061,37
2061,39
2062,30
2062,40
2063,33
2063,34
2063,36
2063,38
2068,36
2068,37
2070,33
2070,38
2070,40
2071,35
2076,33
2076,40
2077,34
2077,36
2077,38
2079,9
2079,37
2083,12
2083,35
2083,38
2084,33
2084,34
2086,37
2086,40
2091,34
2091,38
2094,13
2094,35
2094,40
2095,36
2095,37
2096,22
2096,33
2100,6
2100,40
2101,2
2101,26
2103,30
2103,34
2103,35
2104,32
2104,38
2105,1
2105,29
2105,39
2105,40
2106,11
2106,36
2107,14
2107,19
2107,34
2108,4
2108,35
2109,21
2109,38
2110,3
2110,16
2110,37
2111,25
2111,33
2111,34
2111,36
2112,40
2114,27
2114,31
2115,20
2117,18
2117,37
2118,23
2118,38
2118,40
2119,17
2119,24
2119,33
2119,34
2120,15
2120,22
2120,35
2120,36
2121,25
2122,8
2122,10
2122,39
2123,33
2123,37
2124,40
2126,7
2126,34
2126,38
2127,33
2130,36
2131,33
2131,34
2131,38
2132,35
2133,37
2134,40
2138,33
2138,35
2138,40
2139,34
2139,38
2143,30
2143,40
2144,38
2145,33
2145,34
2146,35
2147,36
2148,37
2149,40
2152,34
2153,33
2154,35
2156,26
2157,36
2158,33
2159,37
2159,40
2160,38
2161,35
2162,9
2164,40
2165,22
2165,33
2166,34
2169,36
2169,37
2169,39
2169,40
2170,28
2171,12
2171,13
2171,35
2171,38
2172,2
2172,14
2173,34
2174,36
2174,40
2175,5
2175,30
2175,37
2176,1
2176,33
2176,35
2177,38
2178,21
2178,32
2178,40
2179,11
2180,35
2180,37
2181,25
2182,3
2182,33
2182,34
2182,38
2182,39
2183,20
2183,36
2183,40
2185,35
2185,37
2188,16
2189,34
2190,26
2190,40
2191,33
2191,37
2191,38
2192,35
2193,4
2193,18
2193,36
2197,40
2198,6
2198,37
2198,38
2199,22
2199,34
2199,35
2200,7
2202,33
2203,34
2203,35
2204,27
2204,36
2204,38
2206,40
2208,35
2208,37
2209,34
2210,38
2212,40
2213,39
2214,33
2214,36
2215,34
2215,35
2215,38
2218,37
2220,33
2220,35
2220,40
2222,34
2226,36
2226,37
2227,17
2227,35
2227,38
2227,40
2229,33
2230,34
2233,33
2234,35
2235,36
2237,30
2237,34
2238,33
2239,38
2239,40
2241,12
2241,35
2241,37
2244,33
2245,26
2245,34
2246,8
2247,40
2248,1
2248,19
2248,22
2248,23
2249,33
2249,34
2250,11
2250,15
2250,24
2250,25
2250,28
2250,36
2251,2
2251,3
2251,16
2251,21
2251,35
2251,39
2252,10
2252,29
2252,31
2252,32
2252,37
2253,4
2253,9
2253,30
2253,33
2253,36
2253,38
2254,5
2254,13
2254,17
2254,18
2254,20
2254,22
2254,26
2254,34
2255,11
2255,14
2255,37
2255,40
2256,7
2256,22
2256,25
2256,33
2256,35
2257,27
2257,39
2258,16
2258,20
2258,23
2258,24
2258,36
2259,34
2260,26
2260,35
2260,37
2260,38
2260,40
2261,33
2265,34
2265,40
2267,33
2267,35
2268,38
2270,37
2271,40
2272,33
2272,34
2274,35
2275,38
2275,40
2276,33
2280,33
2280,34
2280,36
2280,37
2280,40
2281,35
2284,40
2286,33
2286,34
2286,35
2287,39
2288,38
2288,40
2290,33
2290,37
2293,35
2294,33
2294,36
2294,38
2294,40
2295,34
2298,33
2298,37
2299,38
2300,34
2300,40
2301,33
2305,35
2305,40
2306,33
2306,34
2306,38
2309,39
2309,40
2310,33
2310,38
2311,30
2312,6
2313,35
2313,40
2314,33
2314,36
2314,37
2316,12
2316,38
2319,33
2319,34
2320,38
2321,40
2322,37
2324,38
2325,35
2325,39
2327,21
2329,33
2329,38
2330,22
2330,35
2330,36
2330,37
2331,40
2333,31
2333,34
2335,29
2335,40
2336,4
2336,38
2337,33
2337,35
2339,2
2339,3
2339,11
2339,37
2340,40
2341,26
2341,32
2342,27
2342,35
2343,24
2343,33
2344,19
2344,30
2344,34
2344,37
2345,1
2345,9
2345,13
2345,22
2345,25
2346,14
2346,16
2346,36
2346,38
2346,40
2347,5
2347,7
2347,8
2347,26
2347,28
2347,35
2347,37
2348,18
2348,20
2348,23
2348,33
2349,10
2349,15
2349,17
2350,11
2350,22
2350,25
2350,30
2350,34
2350,39
2351,6
2351,37
2351,40
2352,14
2352,21
2352,33
2352,35
2352,36
2353,38
2354,26
2354,37
2356,2
2357,35
2359,33
2359,37
2359,40
2360,38
2362,35
2363,37
2367,34
2367,37
2367,38
2368,33
2369,40
2371,35
2371,37
2374,34
2375,33
2375,37
2378,40
2380,35
2381,37
2382,33
2382,38
2383,34
2383,36
2386,37
2386,39
2386,40
2387,33
2387,38
2391,33
2391,35
2392,34
2392,37
2394,22
2395,38
2397,33
2398,37
2399,34
2400,40
2401,12
2404,33
2404,38
2407,36
2408,22
2408,30
2408,34
2408,37
2409,32
2409,40
2410,38
2411,33
2412,39
2413,35
2415,40
2417,20
2418,34
2418,36
2418,38
2419,35
2419,37
2420,3
2423,4
2423,35
2424,16
2424,33
2424,40
2425,27
2425,36
2426,14
2426,18
2426,37
2426,38
2427,1
2427,26
2427,34
2428,5
2429,22
2429,35
2430,23
2431,25
2431,33
2431,36
2431,37
2432,7
2432,8
2432,38
2432,40
2433,11
2433,17
2433,35
2435,13
2435,33
2435,34
2436,21
2437,31
2437,35
2438,36
2438,39
2438,40
2439,30
2439,37
2439,38
2440,2
2440,33
2441,29
2442,35
2443,28
2445,34
2445,37
2445,40
2446,33
2446,35
2449,38
2451,35
2451,37
2453,33
2453,40
2455,35
2455,36
2456,38
2457,37
2458,19
2458,35
2460,40
2461,35
2462,33
2462,37
2463,6
2465,35
2466,26
2466,37
2467,40
2469,33
2469,38
2470,35
2470,37
2470,39
2472,32
2473,12
2474,35
2475,40
2476,34
2476,37
2477,22
2478,33
2481,37
2481,38
2481,40
2482,15
2482,35
2484,30
2484,36
2485,34
2485,39
2485,40
2486,24
2487,35
2488,38
2489,37
2490,4
2491,35
2491,40
2492,33
2493,37
2493,38
2494,34
2497,35
2498,38
2499,34
2499,37
2499,40
2500,33
2502,35
2503,38
2504,37
2505,33
2506,34
2507,35
2507,40
2509,3
2509,20
2509,33
2509,37
2509,38
2510,2
2511,34
2511,40
2512,33
2513,26
2513,37
2515,22
2516,11
2516,33
2516,35
2517,27
2517,36
2517,37
2517,40
2519,23
2519,38
2520,21
2521,33
2521,35
2522,28
2522,34
2522,37
2522,40
2523,17
2524,39
2525,36
2526,33
2526,35
2527,16
2527,22
2529,37
2530,30
2530,40
2531,7
2531,35
2532,1
2532,33
2532,38
2533,10
2533,13
2533,18
2534,40
2535,8
2535,14
2535,32
2535,35
2535,39
2536,5
2536,12
2536,25
2536,34
2537,26
2537,36
2538,33
2538,37
2538,38
2538,40
2539,29
2540,4
2540,22
2540,35
2541,31
2543,40
2544,34
2544,35
2544,37
2545,11
2545,14
2545,38
2546,6
2546,33
2548,40
2549,9
2549,35
2549,37
2549,39
2551,38
2554,36
2556,34
2556,35
2558,37
2559,33
2559,40
2562,35
2565,19
2566,24
2566,34
2567,35
2568,37
2568,40
2569,33
2571,35
2571,38
2572,34
2572,40
2576,35
2578,33
2578,34
2578,40
2581,36
2581,38
2582,2
2583,40
2584,33
2584,35
2586,34
2586,37
2588,30
2588,36
2588,40
2590,37
2591,33
2591,38
2592,34
2592,39
2592,40
2594,36
2595,40
2596,35
2597,37
2597,38
2598,33
2599,40
2602,33
2603,34
2603,36
2603,38
2604,40
2605,37
2606,22
2606,33
2608,40
2610,36
2610,38
2611,28
2611,33
2612,3
2612,37
2612,39
2613,21
2613,22
2614,15
2614,33
2614,34
2614,35
2615,40
2617,20
2617,32
2617,36
2618,1
2618,26
2618,27
2618,33
2619,30
2619,38
2620,10
2620,18
2620,23
2620,34
2620,37
2621,2
2621,7
2621,22
2621,33
2621,40
2622,9
2622,11
2622,16
2622,35
2623,4
2623,13
2623,25
2623,36
2623,39
2624,8
2624,14
2624,21
2624,29
2624,30
2624,31
2625,12
2625,17
2625,26
2625,37
2626,33
2626,36
2626,38
2626,40
2627,5
2627,6
2627,34
2627,35
2628,14
2628,20
2628,24
2628,32
2628,39
2629,37
2630,3
2630,22
2631,2
2631,7
2631,11
2631,34
2632,33
2632,35
2632,37
2633,26
2634,16
2634,40
2636,37
2639,33
2639,35
2640,37
2640,40
2641,19
2642,25
2643,33
2645,35
2645,37
2645,40
2646,36
2646,38
2648,33
2651,40
2653,37
2654,35
2656,33
2656,40
2660,37
2660,40
2662,33
2662,35
2663,34
2665,40
2667,38
2669,33
2671,37
2671,40
2672,35
2672,36
2673,34
2676,40
2677,33
2677,37
2682,40
2683,37
2684,26
2684,39
2685,38
2687,21
2687,36
2689,24
2689,35
2689,37
2690,22
2690,40
2692,34
2693,38
2694,28
2696,37
2696,40
2697,2
2697,8
2698,33
2698,35
2698,38
2699,34
2699,36
2701,5
2702,11
2703,4
2703,40
2704,33
2705,23
2705,30
2705,38
2705,39
2706,34
2706,37
2707,13
2707,25
2707,36
2708,35
2708,40
2709,22
2709,27
2709,32
2709,33
2710,20
2711,7
2711,39
2713,1
2713,12
2713,26
2713,35
2713,37
2713,38
2714,3
2714,17
2714,30
2715,16
2715,18
2715,33
2715,34
2715,40
2716,22
2717,14
2717,35
2718,9
2718,37
2720,30
2720,35
2720,38
2721,29
2721,36
2722,33
2722,40
2723,34
2723,35
2724,37
2727,39
2729,35
2729,38
2730,33
2733,35
2733,37
2734,40
2736,38
2738,6
2738,35
2739,33
2740,37
2740,38
2742,36
2744,35
2744,38
2745,40
2749,33
2749,38
2751,35
2752,22
2752,34
2753,31
2754,40
2756,37
2756,38
2756,39
2758,25
2758,36
2759,2
2759,10
2760,21
2760,35
2761,4
2761,38
2762,19
2762,37
2763,16
2763,33
2763,40
2764,24
2764,32
2765,14
2765,35
2765,36
2766,11
2766,15
2767,26
2768,3
2768,20
2768,22
2768,34
2768,37
2769,38
2769,40
2770,18
2770,23
2770,35
2770,36
2771,17
2771,33
2771,39
2772,26
2772,30
2772,37
2773,22
2773,27
2773,28
2775,8
2775,40
2776,21
2776,33
2776,35
2777,13
2777,34
2778,1
2778,36
2778,37
2778,38
2779,39
2779,40
2781,35
2782,7
2783,33
2784,40
2786,34
2786,35
2791,35
2791,38
2791,40
2792,37
2793,34
2794,33
2796,5
2796,39
2798,40
2800,35
2800,37
2801,33
2801,36
2802,34
2802,38
2803,12
2806,40
2808,33
2808,35
2808,38
2809,36
2810,34
2814,33
2815,40
2816,36
2817,37
2817,38
2818,35
2819,33
2823,33
2823,37
2824,40
2826,35
2828,34
2828,37
2829,33
2829,36
2834,33
2835,37
2837,6
2839,35
2840,25
2840,33
2840,37
2840,39
2841,26
2841,29
2841,40
2842,4
2844,1
2844,33
2844,35
2845,11
2846,23
2846,32
2846,34
2846,37
2847,3
2847,38
2848,14
2848,33
2848,35
2849,2
2849,9
2849,18
2849,19
2849,22
2849,30
2849,36
2849,39
2851,17
2851,20
2851,24
2851,27
2851,37
2851,40
2852,16
2852,34
2852,35
2853,10
2853,21
2853,22
2853,25
2853,26
2853,33
2854,8
2854,31
2855,5
2855,7
2855,28
2855,40
2856,13
2856,34
2856,37
2856,38
2857,15
2857,22
2857,33
2857,36
2857,39
2858,11
2858,21
2858,26
2858,30
2859,35
2859,40
2862,14
2862,33
2862,36
2863,2
2866,35
2866,37
2866,40
2867,33
2867,34
2870,40
2873,33
2873,39
2874,36
2874,38
2875,40
2877,34
2877,35
2879,37
2879,38
2880,40
2882,33
2884,36
2885,35
2885,38
2886,40
2887,34
2888,22
2888,37
2893,33
2893,37
2893,38
2894,40
2895,36
2898,35
2898,37
2900,38
2900,40
2901,34
2902,37
2903,39
2905,33
2905,40
2906,37
2907,35
2910,33
2912,37
2913,40
2915,33
2915,36
2915,38
2916,35
2918,37
2920,4
2920,12
2920,33
2923,36
2923,40
2924,32
2924,33
2924,38
2925,20
2925,25
2925,27
2925,34
2925,35
2925,37
2926,1
2928,7
2929,16
2929,18
2929,22
2929,23
2929,33
2929,36
2929,40
2930,17
2930,35
2931,38
2932,30
2932,37
2932,39
2933,11
2933,14
2933,28
2934,3
2934,22
2934,24
2934,26
2934,35
2935,33
2935,40
2936,8
2936,10
2936,21
2936,29
2936,36
2936,37
2936,38
2937,34
2939,2
2939,33
2939,35
2940,22
2940,31
2940,37
2940,38
2941,6
2941,13
2942,39
2943,33
2943,35
2943,40
2944,36
2945,5
2945,37
2948,26
2948,35
2949,33
2949,37
2950,15
2952,40
2953,34
2953,35
2953,38
2956,33
2956,37
2959,35
2959,39
2960,33
2960,36
2961,37
2965,33
2965,35
2966,37
2967,40
2970,35
2973,33
2974,34
2974,40
2975,14
2975,35
2978,33
2978,36
2978,37
2978,40
2979,19
2980,35
2980,38
2982,33
2982,40
2985,34
2985,37
2985,39
2986,33
2987,40
2988,35
2990,33
2990,36
2991,37
2991,40
2993,9
2995,33
2996,40
2997,37
2997,39
2998,36
2999,12
2999,33
2999,35
3001,20
3002,33
3002,40
3003,38
3004,34
3004,37
3005,22
3005,35
3005,40
3006,30
3006,33
3009,33
3009,36
3010,40
3012,21
3012,33
3012,34
3012,35
3013,37
3013,40
3016,33
3017,34
3017,35
3017,40
3018,17
3018,26
3018,36
3019,33
3019,37
3021,40
3022,33
3023,35
3024,1
3024,3
3024,11
3024,39
3026,2
3026,28
3026,33
3026,37
3027,18
3027,34
3027,35
3027,36
3028,4
3028,29
3028,32
3028,40
3029,14
3029,22
3029,24
3029,25
3029,30
3030,37
3031,5
3031,16
3031,27
3031,33
3031,34
3031,38
3031,40
3032,6
3032,7
3032,8
3032,13
3032,23
3032,35
3033,10
3033,15
3033,26
3033,39
3034,21
3034,22
3034,31
3034,36
3034,37
3035,20
3035,33
3035,34
3035,40
3036,30
3036,35
3036,38
3038,3
3038,25
3038,40
3039,33
3039,37
3040,34
3040,35
3041,2
3041,36
3042,38
3043,35
3043,40
3045,33
3045,37
3047,36
3047,40
3048,35
3050,37
3050,38
3052,34
3052,40
3053,35
3054,33
3054,38
3057,37
3057,40
3059,35
3060,38
3061,33
3061,40
3063,37
3064,35
3064,36
3065,38
3066,40
3068,35
3069,38
3070,12
3070,34
3071,37
3071,40
3072,33
3073,35
3073,36
3073,38
3077,37
3078,33
3078,35
3078,38
3078,40
3085,33
3085,35
3085,38
3086,34
3086,37
3086,40
3089,33
3093,35
3093,37
3094,19
3094,34
3094,38
3094,40
3095,26
3095,33
3095,39
3099,33
3099,40
3100,16
3100,36
3100,37
3100,38
3101,27
3102,11
3102,34
3103,35
3104,38
3105,37
3106,4
3106,33
3107,39
3107,40
3108,32
3109,18
3109,22
3110,36
3111,30
3111,34
3111,38
3112,37
3112,40
3113,14
3113,23
3113,33
3113,35
3115,8
3116,20
3116,34
3117,33
3117,35
3117,39
3118,17
3118,21
3118,22
3118,29
3118,36
3118,37
3118,40
3120,1
3121,7
3122,28
3122,35
3123,10
3123,24
3123,33
3123,34
3123,38
3124,40
3125,37
3126,3
3126,13
3126,15
3127,2
3127,5
3127,26
3127,38
3128,25
3129,31
3129,34
3129,35
3129,40
3130,33
3131,36
3131,37
3132,30
3132,38
3133,40
3135,11
3135,35
3136,38
3137,39
3137,40
3138,34
3139,6
3139,33
3140,38
3141,36
3142,40
3145,38
3146,35
3147,40
3148,36
3149,33
3149,34
3149,38
3153,38
3153,40
3154,37
3155,35
3155,36
3156,33
3160,37
3160,38
3160,40
3162,36
3165,35
3166,33
3166,40
3167,34
3167,38
3169,36
3169,37
3170,40
3173,34
3174,37
3175,38
3175,40
3176,36
3179,35
3181,2
3181,33
3181,38
3182,34
3182,37
3183,40
3188,22
3188,37
3189,16
3189,33
3189,34
3189,35
3189,36
3189,39
3189,40
3193,37
3194,38
3196,3
3196,36
3197,23
3197,40
3198,4
3198,35
3199,22
3199,32
3199,33
3199,34
3200,30
3200,37
3201,25
3202,1
3202,24
3202,36
3202,38
3203,7
3203,9
3203,11
3203,14
3203,20
3203,26
3203,39
3204,13
3204,19
3204,33
3204,35
3205,17
3205,21
3205,22
3205,27
3205,37
3205,40
3206,5
3206,8
3206,18
3206,28
3206,31
3206,34
3206,36
3207,10
3207,12
3207,16
3207,26
3208,29
3208,30
3208,32
3208,33
3208,35
3209,14
3209,20
3209,21
3209,22
3209,37
3209,38
3209,40
3210,2
3210,11
3210,23
3210,34
3211,25
3211,26
3211,39
3212,1
3212,15
3212,33
3212,36
3213,35
3213,37
3213,38
3215,40
3216,33
3216,37
3218,35
3221,33
3221,37
3221,40
3223,38
3225,35
3226,33
3226,37
3228,38
3228,40
3230,37
3231,35
3233,38
3234,33
3234,34
3234,37
3235,35
3236,6
3238,37
3238,40
3239,33
3241,35
3242,37
3242,38
3245,33
3246,37
3247,38
3247,40
3248,35
3249,33
3251,36
3251,37
3251,38
3254,35
3254,38
3255,33
3258,35
3258,38
3259,37
3260,40
3261,33
3261,34
3261,39
3263,35
3263,38
3265,37
3265,40
3266,3
3268,33
3268,35
3269,36
3269,38
3271,40
3273,38
3274,33
3275,35
3276,37
3277,2
3277,40
3278,33
3279,34
3279,36
3280,22
3281,35
3282,33
3283,38
3285,34
3286,33
3287,30
3287,38
3287,40
3291,7
3291,33
3291,37
3291,38
3292,25
3292,35
3293,40
3294,34
3295,12
3295,18
3295,27
3295,30
3296,38
3297,33
3297,36
3297,40
3298,26
3298,37
3298,39
3300,4
3300,8
3300,20
3300,21
3300,35
3302,23
3303,11
3303,14
3303,22
3303,24
3303,32
3303,33
3303,34
3303,37
3304,1
3304,38
3305,10
3305,17
3305,28
3305,35
3306,13
3306,19
3306,31
3306,36
3306,37
3306,39
3306,40
3307,16
3308,3
3308,22
3309,5
3309,25
3309,26
3309,29
3309,33
3309,34
3310,21
3310,35
3310,37
3310,38
3312,36
3313,2
3313,6
3313,40
3314,33
3314,37
3315,26
3315,34
3318,35
3318,37
3319,40
3323,37
3324,38
3324,40
3325,35
3326,34
3330,33
3330,37
3331,40
3336,33
3337,34
3338,15
3338,35
3339,12
3339,33
3339,40
3341,37
3341,38
3342,39
3344,33
3344,40
3345,9
3345,35
3345,36
3348,22
3348,30
3349,37
3350,33
3350,40
3352,35
3356,26
3356,33
3356,34
3357,38
3357,40
3359,37
3362,25
3363,33
3364,36
3364,40
3365,35
3365,39
3366,38
3367,27
3368,32
3371,17
3371,34
3371,35
3372,37
3373,40
3374,33
3374,38
3375,31
3376,18
3377,4
3377,22
3377,35
3378,37
3379,38
3379,40
3380,7
3380,20
3380,25
3380,33
3380,34
3380,36
3381,11
3381,35
3383,16
3383,37
3385,33
3386,30
3386,35
3386,38
3387,14
3388,37
3389,3
3389,28
3389,40
3390,33
3390,34
3391,35
3391,36
3392,29
3393,37
3393,39
3394,40
3395,2
3395,33
3395,35
3396,38
3398,24
3398,40
3399,35
3399,37
3401,33
3401,40
3402,34
3405,35
3405,37
3405,40
3406,38
3409,36
3409,40
3411,38
3412,33
3412,35
3412,37
3414,34
3416,33
3416,40
3419,37
3420,38
3421,8
3421,33
3422,35
3422,40
3423,36
3423,37
3424,26
3426,33
3427,23
3428,37
3429,1
3429,33
3429,34
3430,19
3430,21
3430,39
3431,35
3431,36
3432,37
3432,40
3434,33
3436,13
3438,37
3439,12
3439,33
3439,40
3440,22
3440,35
3441,6
3443,15
3443,30
3443,33
3444,3
3444,17
3444,32
3444,34
3444,37
3445,24
3445,26
3445,38
3446,35
3446,36
3446,40
3447,9
3447,22
3447,25
3447,33
3447,39
3448,5
3448,16
3448,20
3448,27
3449,4
3449,11
3449,14
3449,18
3449,31
3449,37
3450,33
3451,1
3451,7
3451,10
3451,25
3452,2
3452,21
3452,22
3452,28
3452,29
3452,38
3452,39
3453,23
3453,26
3453,36
3453,40
3454,20
3454,30
3454,33
3454,34
3454,35
3454,37
3455,8
3455,17
3455,32
3456,2
3456,11
3456,14
3457,33
3457,38
3458,37
3458,40
3459,35
3461,24
3461,33
3462,34
3464,37
3465,33
3465,38
3466,39
3469,35
3469,40
3471,33
3473,36
3474,37
3477,38
3478,33
3478,35
3480,37
3481,40
3483,33
3486,36
3486,40
3487,34
3488,38
3489,37
3492,33
3493,34
3494,35
3494,40
3496,36
3497,33
3497,37
3498,40
3501,22
3501,34
3503,35
3503,37
3504,33
3504,38
3504,40
3507,37
3508,33
3510,35
3511,40
3513,33
3513,34
3514,37
3517,33
3517,35
3518,40
3521,3
3521,38
3522,26
3522,35
3522,37
3522,40
3523,33
3524,34
3525,22
3525,30
3526,36
3526,39
3528,12
3528,33
3528,35
3528,40
3530,37
3531,38
3532,40
3533,34
3534,21
3534,22
3534,30
3535,33
3535,35
3537,4
3537,34
3537,40
3538,36
3538,37
3539,38
3541,6
3542,33
3544,35
3544,37
3545,11
3545,19
3545,34
3545,38
3545,39
3546,31
3546,33
3548,20
3548,40
3549,36
3550,7
3550,26
3550,32
3550,33
3550,37
3551,18
3551,34
3552,2
3553,25
3553,28
3553,40
3554,33
3554,38
3555,35
3555,39
3556,16
3556,27
3556,36
3556,40
3557,1
3557,15
3558,34
3560,8
3560,37
3560,38
3560,40
3561,5
3561,35
3563,21
3563,33
3563,34
3563,36
3564,9
3564,13
3564,40
3565,37
3567,17
3567,33
3568,40
3569,37
3570,23
3570,35
3571,24
3571,33
3572,38
3573,22
3573,37
3575,33
3575,40
3577,34
3578,29
3579,30
3579,37
3580,12
3581,33
3581,36
3581,38
3581,40
3582,39
3583,34
3583,35
3584,37
3589,34
3589,37
3590,40
3591,36
3592,33
3592,35
3592,38
3595,37
3597,34
3598,33
3599,39
3600,37
3601,40
3602,36
3604,34
3604,35
3605,33
3606,38
3607,37
3609,40
3610,36
3612,3
3613,34
3615,11
3615,37
3616,33
3616,35
3616,36
3617,2
3618,10
3618,26
3619,16
3620,30
3620,38
3621,4
3621,14
3621,18
3621,27
3621,32
3621,37
3622,22
3622,36
3622,40
3623,7
3623,20
3623,21
3623,25
3623,31
3623,33
3623,34
3623,35
3624,8
3624,23
3624,39
3625,6
3625,28
3625,37
3625,38
3626,1
3626,17
3626,24
3626,26
3626,33
3626,36
3628,35
3628,40
3629,5
3629,19
3629,37
3630,33
3630,34
3631,11
3632,35
3632,36
3633,37
3634,40
3638,35
3640,37
3641,38
3642,34
3643,33
3643,40
3644,22
3644,36
3645,38
3647,35
3647,37
3648,33
3649,39
3650,38
3651,33
3652,34
3653,37
3653,40
3655,33
3656,36
3657,35
3658,38
3660,33
3661,34
3662,37
3662,40
3663,35
3665,38
3666,33
3667,34
3667,36
3670,37
3671,12
3672,34
3672,40
3673,33
3673,38
3675,35
3677,36
3678,34
3678,37
3679,33
3679,40
3681,15
3681,22
3683,34
3684,40
3686,9
3686,36
3687,30
3687,33
3687,38
3688,3
3688,21
3688,26
3688,34
3688,35
3689,37
3689,40
3690,2
3693,34
3693,35
3693,40
3694,14
3694,36
3695,11
3695,13
3695,29
3695,39
3697,20
3697,23
3697,33
3697,37
3697,38
3698,34
3698,40
3699,10
3699,19
3699,35
3700,31
3700,36
3702,32
3702,33
3702,37
3702,38
3702,40
3703,4
3703,34
3703,35
3704,17
3704,18
3704,27
3705,22
3706,7
3706,37
3707,40
3708,5
3708,16
3708,24
3708,26
3708,33
3708,34
3708,35
3708,38
3709,25
3709,39
3711,8
3711,28
3711,33
3711,37
3712,22
3712,30
3712,40
3713,1
3714,36
3715,34
3715,35
3716,33
3717,38
3717,40
3718,21
3718,37
3720,25
3722,33
3722,38
3722,40
3724,36
3724,37
3725,34
3726,22
3728,33
3731,38
3731,40
3732,33
3732,37
3733,34
3735,12
3735,22
3736,38
3736,39
3736,40
3737,33
3737,35
3740,34
3741,33
3741,40
3742,36
3743,35
3743,37
3743,38
3745,14
3746,33
3748,35
3748,38
3748,40
3749,34
3749,37
3751,3
3751,33
3752,6
3752,40
3753,39
3755,35
3756,37
3756,40
3757,26
3757,33
3758,2
3759,35
3759,40
3760,18
3762,40
3764,33
3764,35
3765,38
3766,40
3769,22
3769,35
3770,30
3770,33
3771,40
3773,11
3773,37
3774,36
3775,20
3775,40
3776,33
3776,34
3777,15
3777,39
3778,38
3780,23
3780,26
3780,37
3781,33
3781,34
3781,40
3782,36
3783,35
3784,31
3785,28
3786,25
3786,27
3787,37
3787,38
3788,16
3788,17
3788,33
3788,34
3788,35
3788,40
3789,5
3789,29
3789,36
3790,13
3791,1
3792,4
3792,8
3792,21
3792,32
3792,33
3792,35
3792,37
3794,7
3794,40
3795,25
3795,33
3795,34
3796,19
3796,35
3796,38
3797,10
3797,37
3798,3
3798,30
3798,33
3799,40
3800,26
3800,35
3802,22
3802,33
3802,34
3802,38
3803,9
3803,36
3804,12
3804,37
3805,40
3806,38
3807,24
3807,33
3808,35
3810,34
3810,36
3810,40
3811,37
3811,38
3813,35
3814,39
3815,40
3816,33
3817,38
3818,35
3820,40
3821,37
3822,36
3824,33
3824,38
3824,40
3825,35
3829,40
3831,37
3831,38
3832,35
3833,33
3833,34
3834,40
3836,22
3836,37
3837,36
3838,38
3839,40
3841,2
3841,35
3842,37
3843,11
3844,40
3847,16
3847,34
3847,36
3847,39
3848,37
3849,35
3850,14
3851,40
3852,18
3852,38
3853,23
3854,33
3854,37
3855,22
3855,40
3856,30
3856,34
3856,35
3857,4
3858,39
3859,20
3860,40
3861,36
3862,37
3863,6
3863,33
3863,38
3864,8
3864,35
3866,34
3866,40
3868,7
3868,21
3869,33
3869,37
3870,26
3870,35
3872,17
3872,34
3872,40
3875,1
3875,32
3875,37
3876,33
3876,35
3876,38
3878,27
3878,28
3878,34
3878,40
3879,5
3879,36
3880,25
3881,35
3881,37
3882,34
3884,38
3884,40
3885,33
3886,13
3887,35
3888,34
3888,37
3890,15
3892,33
3892,36
3892,37
3892,40
3893,12
3893,38
3894,39
3896,19
3896,35
3897,37
3898,33
3899,26
3899,34
3899,38
3902,3
3903,33
3904,14
3904,18
3904,22
3904,37
3904,40
3905,36
3906,35
3906,38
3907,2
3908,22
3909,4
3909,34
3910,20
3910,31
3911,11
3911,30
3911,37
3912,24
3912,35
3912,40
3913,33
3913,38
3914,16
3914,39
3915,21
3915,34
3916,27
3917,36
3918,37
3919,1
3919,32
3919,38
3920,35
3921,33
3922,40
3925,38
3926,37
3928,40
3930,34
3930,36
3931,35
3933,33
3933,37
3934,40
3935,34
3937,35
3937,39
3939,33
3939,37
3940,40
3942,36
3944,33
3945,35
3945,37
3947,38
3948,34
3949,23
3949,33
3949,40
3951,36
3952,17
3953,33
3953,38
3954,35
3954,37
3955,39
3955,40
3956,22
3956,29
3956,33
3960,33
3960,38
3961,26
3962,2
3962,22
3962,37
3962,40
3963,33
3963,36
3964,34
3966,3
3966,35
3967,33
3967,37
3969,28
3969,40
3971,11
3971,33
3971,37
3971,38
3973,35
3974,36
3975,12
3975,30
3976,33
3976,34
3976,39
3977,7
3977,37
3979,21
3979,38
3980,22
3980,32
3980,35
3980,36
3981,33
3982,9
3983,37
3984,40
3985,25
3986,26
3986,33
3986,34
3986,36
3988,6
3988,37
3989,15
3989,35
3990,10
3990,24
3992,13
3992,33
3992,37
3993,4
3993,38
3993,40
3994,5
3995,8
3995,26
3995,39
3996,16
3996,19
3996,36
3996,37
3997,20
3997,38
3998,18
3998,27
3999,14
3999,22
3999,33
3999,37
4000,1
4000,17
4000,35
4001,11
4001,23
4001,25
4001,34
4002,40
4003,30
4003,33
4003,36
4003,37
4003,38
4005,3
4005,39
4006,34
4007,37
4008,33
4009,31
4009,36
4010,35
4011,37
4013,40
4014,33
4014,36
4017,39
4018,36
4018,37
4018,38
4019,33
4020,34
4021,35
4022,2
4022,37
4023,33
4025,40
4026,36
4027,35
4027,37
4030,33
4031,34
4031,37
4032,35
4033,40
4034,33
4035,36
4036,34
4037,35
4037,37
4039,33
4042,37
4043,35
4043,40
4044,33
4044,36
4045,34
4047,35
4049,37
4051,35
4051,38
4052,33
4055,18
4056,34
4056,40
4057,12
4057,35
4057,37
4058,14
4058,32
4059,33
4060,9
4060,22
4061,34
4062,7
4062,8
4062,20
4062,35
4062,37
4063,26
4063,36
4063,40
4064,16
4064,24
4064,28
4065,4
4065,30
4065,33
4065,39
4066,1
4066,2
4066,11
4066,38
4067,13
4067,17
4067,34
4067,35
4067,37
4068,10
4068,21
4068,25
4068,36
4069,5
4069,27
4069,33
4070,3
4070,6
4070,19
4070,22
4070,40
4071,14
4071,37
4071,38
4072,33
4072,35
4073,21
4073,23
4073,26
4073,31
4074,36
4074,39
4074,40
4075,22
4075,29
4075,34
4076,33
4076,37
4077,35
4078,30
4078,38
4078,40
4080,33
4081,37
4082,35
4082,40
4083,34
4084,33
4085,36
4085,40
4087,37
4089,40
4090,34
4090,35
4092,33
4094,40
4095,34
4095,37
4096,35
4097,39
4098,40
4099,36
4099,37
4102,35
4102,40
4103,33
4104,37
4105,34
4106,38
4107,40
4111,34
4111,37
4112,38
4112,40
4115,15
4115,33
4115,35
4115,36
4116,38
4116,40
4119,37
4121,40
4122,26
4122,38
4123,33
4123,35
4124,34
4124,37
4126,40
4128,33
4128,37
4128,39
4130,38
4131,37
4131,40
4132,33
4132,34
4135,37
4136,22
4136,36
4137,33
4137,35
4137,38
4140,30
4140,37
4140,40
4141,32
4144,13
4144,20
4144,33
4145,4
4145,12
4145,35
4145,39
4146,16
4146,34
4146,37
4146,38
4147,36
4147,40
4148,7
4148,22
4148,25
4148,27
4150,1
4150,8
4150,11
4150,14
4150,18
4150,38
4151,35
4152,2
4152,17
4152,23
4152,28
4152,33
4152,37
4153,21
4153,34
4153,38
4153,39
4154,5
4154,10
4154,24
4154,30
4154,36
4154,40
4155,31
4156,14
4156,22
4156,29
4156,37
4156,38
4157,3
4157,40
4159,21
4159,33
4159,34
4159,39
4160,25
4160,35
4160,38
4161,26
4161,36
4161,37
4162,40
4163,11
4164,38
4167,22
4167,33
4167,37
4167,40
4168,35
4168,38
4170,36
4171,38
4173,40
4175,37
4175,38
4176,26
4176,34
4176,35
4178,33
4179,40
4180,37
4181,38
4183,36
4184,40
4185,37
4186,6
4186,35
4186,38
4189,19
4189,37
4189,40
4190,36
4190,38
4192,33
4192,35
4193,37
4195,34
4195,38
4195,40
4197,35
4198,37
4199,38
4200,36
4201,34
4201,40
4203,33
4203,35
4203,38
4204,37
4205,34
4207,36
4209,34
4209,37
4209,38
4209,39
4210,33
4210,40
4212,35
4214,33
4214,36
4216,40
4217,35
4217,37
4217,38
4218,34
4219,33
4222,37
4222,40
4223,34
4224,35
4225,33
4226,2
4226,36
4226,39
4228,34
4228,40
4230,37
4232,35
4233,33
4234,34
4235,38
4235,40
4236,15
4237,33
4237,35
4238,34
4238,37
4240,30
4241,18
4241,38
4241,40
4242,20
4242,26
4242,33
4244,4
4244,32
4244,34
4244,35
4244,37
4245,12
4245,22
4245,23
4245,39
4246,27
4246,28
4246,33
4247,7
4247,8
4247,14
4248,1
4248,11
4248,31
4248,35
4248,36
4248,37
4249,16
4249,21
4249,22
4249,29
4249,33
4249,34
4250,3
4250,13
4250,17
4250,25
4250,30
4250,38
4250,40
4251,4
4251,10
4251,24
4251,39
4252,2
4252,5
4252,35
4252,37
4253,33
4253,36
4253,40
4254,22
4254,26
4254,34
4255,20
4257,6
4257,35
4258,19
4258,33
4258,37
4260,21
4260,40
4262,11
4262,33
4262,35
4263,34
4266,36
4266,37
4267,9
4268,33
4269,40
4270,35
4270,38
4273,33
4273,37
4275,35
4277,33
4277,34
4279,37
4280,40
4281,38
4282,33
4284,35
4285,40
4286,33
4288,34
4289,38
4291,33
4291,40
4292,35
4292,37
4293,36
4295,26
4295,39
4296,35
4297,33
4297,37
4299,40
4301,33
4302,35
4303,37
4305,33
4307,38
4308,37
4309,40
4310,33
4310,36
4311,16
4311,35
4312,37
4315,33
4316,40
4317,37
4317,38
4319,35
4321,33
4321,37
4323,34
4324,40
4327,33
4327,37
4327,38
4331,35
4332,33
4332,37
4332,39
4333,40
4334,26
4334,32
4336,30
4336,34
4337,15
4337,35
4338,38
4338,40
4339,8
4339,33
4339,37
4340,23
4340,27
4340,36
4341,7
4341,12
4341,25
4341,34
4343,1
4343,3
4343,17
4343,22
4343,31
4343,35
4343,40
4344,13
4344,29
4344,33
4344,37
4344,39
4345,11
4345,34
4345,38
4346,2
4346,4
4346,5
4346,10
4346,16
4346,20
4346,21
4346,25
4346,40
4347,14
4347,18
4347,24
4347,28
4347,30
4347,36
4348,26
4348,33
4348,35
4348,37
4348,38
4349,19
4349,22
4349,34
4350,6
4350,11
4350,21
4350,32
4350,39
4350,40
4352,33
4353,36
4354,37
4354,38
4355,35
4358,33
4360,40
4362,33
4364,40
4365,38
4367,33
4367,35
4367,37
4368,34
4369,40
4373,33
4376,40
4377,9
4377,34
4378,33
4378,36
4378,37
4378,38
4382,35
4383,22
4384,38
4384,39
4384,40
4386,33
4387,35
4388,34
4388,37
4392,38
4393,33
4393,34
4394,35
4394,37
4394,40
4399,30
4399,33
4399,35
4400,38
4400,39
4401,40
4402,34
4405,14
4405,35
4405,37
4406,40
4409,33
4409,35
4409,36
4410,38
4411,37
4411,40
4414,12
4414,34
4415,35
4416,3
4416,40
4418,34
4419,33
4419,37
4420,27
4420,35
4420,38
4421,2
4423,36
4423,40
4424,18
4424,24
4425,7
4425,35
4425,37
4426,4
4427,1
4427,39
4428,32
4428,34
4429,16
4429,17
4429,25
4429,26
4429,33
4430,8
4430,38
4430,40
4431,5
4431,23
4431,36
4432,11
4432,19
4432,20
4432,22
4432,33
4432,37
4433,6
4433,14
4433,34
4434,35
4435,15
4435,30
4435,40
4436,21
4436,26
4436,28
4436,31
4436,33
4436,37
4436,39
4437,29
4438,13
4438,34
4438,36
4439,35
4439,37
4440,2
4440,22
4440,33
4440,40
4441,38
4443,10
4444,33
4444,40
4445,35
4445,37
4447,36
4448,33
4448,38
4448,40
4452,37
4453,33
4453,34
4454,35
4454,40
4456,22
4458,33
4458,36
4460,34
4460,37
4460,40
4461,35
4463,38
4465,33
4467,40
4469,34
4469,35
4469,37
4469,38
4471,33
4474,39
4475,38
4475,40
4476,35
4476,37
4477,36
4481,38
4483,37
4483,40
4484,26
4485,35
4486,33
4488,34
4488,40
4490,22
4490,38
4491,36
4492,35
4493,37
4494,30
4494,40
4495,38
4497,35
4499,40
4500,22
4502,34
4502,37
4503,38
4504,16
4504,33
4506,12
4506,36
4507,2
4507,38
4507,40
4509,3
4509,21
4510,35
4511,38
4512,4
4512,11
4512,34
4512,36
4512,37
4512,40
4514,23
4514,32
4515,27
4515,30
4515,35
4515,38
4515,39
4516,14
4516,26
4517,20
4517,33
4517,37
4518,7
4518,19
4518,31
4518,35
4518,40
4519,1
4521,22
4521,25
4521,28
4521,33
4521,35
4521,36
4521,38
4522,17
4522,18
4522,26
4522,34
4523,13
4523,29
4523,37
4525,38
4526,5
4526,33
4526,39
4526,40
4527,35
4527,37
4530,8
4531,6
4531,35
4532,38
4533,33
4533,34
4533,40
4534,37
4536,36
4537,35
4538,38
4539,40
4542,37
4543,40
4544,35
4544,38
4547,33
4547,36
4548,37
4548,40
4551,38
4552,24
4552,34
4552,40
4553,35
4557,33
4557,40
4558,34
4559,37
4560,38
4561,39
4562,40
4563,33
4563,35
4564,34
4565,36
4566,30
4568,37
4568,40
4569,15
4570,33
4571,35
4572,7
4572,34
4573,38
4573,40
4574,39
4577,36
4577,37
4578,35
4578,40
4579,33
4580,25
4580,34
4582,26
4584,40
4585,18
4585,33
4585,38
4586,35
4587,3
4588,22
4588,34
4588,37
4588,40
4589,12
4591,40
4592,36
4593,11
4593,20
4593,23
4593,30
4593,33
4593,35
4593,38
4594,4
4594,10
4594,14
4594,37
4595,34
4596,39
4596,40
4597,2
4597,21
4597,22
4597,27
4598,24
4598,32
4598,33
4598,35
4598,38
4599,37
4599,40
4600,8
4600,9
4600,31
4600,36
4601,1
4601,26
4602,13
4602,33
4602,34
4603,16
4603,21
4603,40
4604,35
4604,37
4605,38
4606,25
4606,33
4608,28
4608,40
4609,36
4610,37
4611,33
4611,35
4611,38
4613,40
4614,34
4615,33
4617,35
4617,40
4621,33
4621,38
4622,35
4622,37
4622,40
4623,34
4628,34
4628,35
4629,33
4629,37
4629,40
4630,36
4631,6
4632,19
4632,38
4635,33
4635,35
4635,39
4636,34
4636,37
4636,40
4637,38
4638,26
4640,35
4641,33
4641,40
4643,34
4643,38
4645,35
4648,37
4648,39
4649,12
4649,34
4649,35
4650,14
4650,30
4650,38
4650,40
4651,36
4652,5
4653,33
4653,34
4653,35
4653,37
4654,17
4654,38
4655,22
4657,20
4657,37
4658,35
4659,3
4659,33
4659,34
4659,38
4659,40
4660,36
4660,39
4661,37
4663,11
4663,35
4664,16
4664,38
4664,40
4665,34
4666,37
4668,40
4669,38
4670,34
4670,35
4670,36
4672,37
4673,7
4673,40
4675,34
4676,35
4676,38
4678,33
4679,37
4679,40
4681,34
4681,35
4681,39
4683,4
4683,40
4686,30
4686,37
4687,34
4688,35
4688,38
4689,25
4689,29
4689,40
4690,24
4691,33
4692,31
4693,27
4693,34
4693,40
4694,36
4694,37
4694,38
4695,8
4695,15
4695,32
4695,39
4696,18
4696,28
4697,6
4697,17
4697,33
4697,35
4697,40
4698,21
4699,2
4699,13
4699,36
4700,22
4701,34
4701,37
4702,40
4703,11
4703,33
4703,35
4703,38
4704,10
4704,26
4706,37
4707,33
4707,36
4708,23
4708,35
4709,20
4709,40
4710,1
4710,33
4711,37
4713,33
4713,35
4714,3
4714,22
4715,36
4716,38
4717,33
4717,37
4719,35
4721,2
4721,40
4722,22
4722,33
4724,35
4724,37
4726,33
4727,39
4728,4
4728,40
4729,33
4730,30
4730,35
4731,36
4731,37
4732,33
4733,12
4736,33
4736,35
4737,40
4739,37
4740,33
4742,35
4743,33
4743,40
4745,36
4745,39
4747,37
4750,33
4752,35
4752,37
4754,19
4754,33
4754,40
4756,26
4756,35
4757,7
4758,33
4759,16
4759,37
4760,34
4761,5
4761,35
4762,18
4762,40
4763,28
4764,37
4765,33
4766,25
4766,30
4766,34
4767,35
4767,40
4768,8
4768,11
4768,39
4769,36
4770,13
4770,14
4770,33
4770,38
4771,37
4772,20
4772,40
4774,17
4774,27
4774,35
4775,33
4776,32
4776,34
4777,24
4777,37
4777,40
4778,35
4778,36
4779,22
4780,2
4782,31
4782,37
4782,40
4783,4
4783,21
4783,33
4783,35
4785,40
4786,37
4787,26
4787,38
4789,33
4789,36
4789,39
4789,40
4790,34
4793,3
4793,22
4793,37
4794,40
4795,33
4796,23
4797,35
4799,9
4799,33
4799,37
4800,26
4800,36
4801,12
4801,29
4801,34
4802,1
4802,33
4802,37
4802,40
4805,33
4805,38
4807,15
4807,35
4807,37
4807,40
4810,33
4811,36
4811,40
4814,37
4815,33
4815,35
4817,40
4820,33
4822,38
4822,39
4823,37
4824,33
4825,40
4826,36
4830,22
4830,33
4831,35
4831,37
4833,6
4833,38
4834,33
4835,21
4835,26
4835,40
4836,32
4838,30
4838,37
4839,33
4839,34
4839,36
4840,35
4840,38
4841,40
4842,2
4842,19
4843,25
4844,33
4844,37
4845,39
4846,7
4846,34
4846,35
4847,16
4847,27
4848,18
4848,38
4849,8
4849,33
4849,40
4850,36
4850,37
4851,5
4851,24
4853,11
4853,30
4854,20
4854,34
4855,17
4855,22
4855,33
4855,35
4855,37
4855,38
4855,39
4856,40
4857,10
4857,36
4859,14
4859,23
4860,33
4861,38
4862,34
4862,35
4863,4
4863,22
4863,28
4863,29
4863,36
4863,40
4865,37
4866,33
4866,38
4867,11
4868,1
4869,13
4869,35
4870,36
4871,33
4871,38
4872,37
4872,40
4873,3
4875,26
4876,37
4878,9
4878,34
4879,33
4879,35
4879,40
4881,37
4881,38
4886,33
4886,40
4887,37
4888,31
4888,38
4891,34
4892,33
4892,39
4893,12
4893,37
4894,25
4894,40
4895,15
4898,33
4898,38
4899,36
4899,40
4900,39
4901,34
4901,35
4901,37
4903,38
4905,40
4906,35
4907,37
4907,38
4909,30
4911,35
4911,38
4911,40
4912,33
4913,26
4915,34
4915,39
4916,35
4916,38
4916,40
4917,37
4920,36
4920,40
4921,35
4922,37
4923,33
4924,34
4924,38
4924,40
4927,22
4928,37
4929,33
4929,35
4929,40
4931,34
4931,38
4932,6
4933,37
4934,40
4935,2
4935,27
4935,32
4935,33
4936,35
4938,34
4938,37
4938,40
4939,5
4939,7
4939,38
4940,4
4942,20
4942,30
4942,33
4942,34
4942,40
4943,24
4943,35
4943,37
4944,25
4945,13
4945,14
4945,18
4945,38
4945,40
4946,16
4946,33
4946,37
4946,39
4948,28
4948,34
4948,35
4948,40
4949,12
4949,17
4949,36
4949,37
4952,11
4952,22
4952,33
4952,40
4953,8
4954,21
4954,35
4954,37
4955,34
4956,3
4956,19
4956,23
4956,36
4957,40
4958,2
4958,30
4958,33
4958,35
4958,37
4958,39
4961,40
4962,1
4962,22
4962,26
4962,34
4963,35
4964,33
4964,37
4965,31
4965,36
4968,40
4969,37
4969,38
4970,35
4971,33
4974,40
4975,34
4975,35
4977,15
4977,37
4978,40
4979,36
4979,39
4980,33
4983,35
4984,37
4985,36
4985,40
4991,35
4991,40
4992,38
4993,34
4993,37
4995,14
4996,29
4996,36
4998,35
4998,40
4999,37
4999,38
5000,33
