10,6
11,5
11,9
12,2
12,7
13,1
13,8
13,10
15,4
17,3
19,10
20,9
22,2
24,4
26,9
27,10
32,9
33,10
36,9
39,10
40,9
44,9
44,10
50,10
51,9
57,9
58,10
63,9
64,10
67,9
72,9
73,10
76,9
78,10
79,8
82,9
84,4
84,10
88,2
88,9
89,10
91,5
92,9
94,6
95,1
95,7
95,10
96,9
101,2
101,9
103,4
105,10
106,8
106,9
109,10
112,9
114,10
117,9
120,10
121,3
123,4
123,9
126,10
129,2
129,9
133,10
136,9
142,10
146,9
147,10
151,9
154,10
157,9
161,10
163,1
165,9
167,4
167,6
170,5
170,10
171,9
172,2
173,8
176,9
177,10
180,4
186,9
188,7
188,10
192,9
196,9
199,9
200,3
200,10
203,9
206,9
210,9
212,10
213,4
215,9
221,9
223,10
224,4
227,9
229,1
233,9
236,10
239,9
240,8
246,9
246,10
247,5
248,2
252,10
255,9
260,9
262,6
265,10
266,9
269,4
272,9
274,10
278,2
279,9
280,10
282,1
285,3
285,10
291,9
292,10
293,8
295,9
298,10
300,5
302,9
303,10
306,9
307,4
307,10
310,9
312,7
313,10
314,9
315,2
317,10
319,9
322,10
324,9
328,9
328,10
332,9
334,10
337,9
339,10
342,9
344,10
345,6
349,9
350,8
350,10
353,9
353,10
357,10
358,9
363,10
364,9
365,1
366,4
369,9
371,10
374,3
374,9
375,2
378,5
378,9
378,10
382,4
383,9
387,7
390,10
392,9
400,9
400,10
408,9
413,1
414,10
418,9
421,2
421,8
422,10
426,9
429,10
431,6
433,10
435,9
437,4
438,2
438,10
439,9
443,10
446,9
449,10
450,9
454,10
456,9
457,3
459,5
460,9
460,10
465,9
470,10
472,4
473,1
473,9
477,9
479,10
480,9
484,9
486,10
487,9
490,10
491,9
492,8
495,9
496,10
498,7
498,9
502,4
502,9
503,10
506,6
506,9
508,10
512,9
512,10
517,9
518,10
523,9
524,10
528,2
528,10
529,9
532,10
535,9
538,10
541,4
542,10
546,9
549,10
550,9
552,5
553,10
554,9
558,1
559,9
560,10
563,9
564,8
567,9
568,10
573,9
573,10
577,3
577,9
579,4
581,10
582,2
582,9
585,10
586,7
587,9
588,4
590,10
591,9
596,9
596,10
602,9
605,10
609,9
613,10
617,10
619,9
620,6
622,10
624,5
627,9
627,10
630,1
631,10
633,9
638,2
638,10
639,4
639,8
639,9
642,10
644,9
648,10
649,2
651,9
653,10
657,10
658,9
662,10
666,9
668,4
668,10
671,9
674,9
675,7
676,10
678,9
680,3
680,5
683,9
683,10
686,4
688,9
692,2
693,9
694,10
699,8
701,9
702,6
704,1
704,10
707,9
713,9
713,10
719,9
721,2
722,10
724,9
728,9
731,10
733,9
737,9
737,10
741,5
742,9
742,10
744,4
746,10
748,9
751,10
755,9
757,10
761,8
762,9
763,10
767,1
768,9
770,3
773,10
775,9
776,2
780,10
781,7
781,9
787,4
789,9
790,10
791,2
794,9
795,5
796,10
799,9
804,9
804,10
809,10
813,9
813,10
818,9
819,6
819,10
823,9
825,10
829,10
830,9
832,10
835,9
836,10
839,8
840,10
841,9
842,4
845,10
847,9
849,10
854,9
854,10
861,7
861,10
862,9
866,9
867,2
867,4
869,10
870,9
871,3
874,9
876,10
878,5
879,9
880,4
883,10
884,1
887,9
888,6
891,9
891,10
899,8
899,10
901,9
904,10
906,9
911,9
911,10
915,9
918,10
920,9
921,4
924,10
926,5
926,9
929,2
932,10
934,9
938,7
939,10
942,9
945,6
946,9
946,10
950,1
951,9
955,8
956,9
956,10
960,9
962,10
964,3
964,4
964,9
967,10
968,9
973,10
974,9
980,9
982,10
983,2
986,9
989,10
990,4
991,9
996,5
998,9
999,10
1004,1
1005,9
1010,9
1012,10
1013,7
1014,4
1017,10
1019,2
1019,9
1022,10
1024,8
1026,9
1026,10
1030,9
1030,10
1034,10
1035,9
1037,10
1039,9
1040,10
1042,4
1044,9
1045,10
1046,2
1048,10
1050,9
1053,10
1056,6
1057,9
1059,10
1062,9
1063,10
1068,10
1069,9
1073,10
1078,9
1080,4
1081,10
1085,5
1085,9
1088,10
1089,3
1089,4
1090,8
1091,9
1094,10
1095,4
1098,1
1098,2
1098,9
1101,10
1102,7
1102,9
1108,9
1108,10
1112,9
1115,10
1117,9
1122,9
1126,10
1129,9
1134,10
1136,9
1143,10
1145,9
1146,2
1152,2
1152,8
1153,9
1153,10
1157,9
1161,9
1164,3
1164,5
1165,4
1167,9
1167,10
1170,1
1172,9
1173,10
1174,6
1177,10
1178,9
1182,10
1183,9
1186,9
1186,10
1190,9
1191,10
1194,9
1197,10
1199,9
1204,10
1206,9
1212,7
1214,9
1214,10
1217,8
1218,9
1223,9
1224,4
1224,10
1226,2
1226,5
1230,10
1232,9
1234,1
1234,4
1234,6
1235,10
1236,9
1241,10
1242,9
1249,10
1251,9
1258,10
1260,2
1261,9
1265,10
1266,3
1270,9
1272,10
1277,10
1281,4
1283,9
1283,10
1288,9
1291,7
1291,10
1295,9
1299,8
1301,9
1303,10
1304,1
1304,6
1305,9
1306,5
1308,10
1309,9
1310,2
1313,9
1317,9
1319,10
1320,4
1321,9
1326,9
1327,10
1332,9
1334,3
1337,9
1338,10
1343,9
1343,10
1347,9
1350,10
1351,9
1353,4
1354,9
1358,9
1359,5
1360,10
1362,9
1367,10
1368,9
1370,2
1374,9
1375,10
1376,8
1380,1
1380,10
1381,9
1383,6
1385,7
1386,10
1387,9
1388,2
1392,10
1395,9
1396,10
1402,10
1403,4
1404,9
1409,10
1411,9
1417,10
1421,9
1424,10
1426,5
1428,9
1430,10
1434,9
1438,9
1440,10
1441,3
1441,8
1443,9
1444,4
1446,2
1446,10
1448,9
1451,10
1455,9
1456,10
1457,1
1460,7
1462,10
1463,6
1463,9
1467,10
1469,9
1470,4
1473,10
1476,9
1477,10
1482,9
1482,10
1488,10
1490,5
1491,9
1494,10
1496,9
1502,10
1503,9
1508,2
1510,10
1511,8
1513,9
1518,4
1518,10
1519,9
1521,3
1524,10
1526,9
1527,4
1529,1
1531,10
1535,9
1539,10
1540,2
1541,7
1544,9
1544,10
1548,4
1549,10
1552,9
1555,10
1561,10
1563,5
1563,9
1564,6
1566,10
1567,8
1568,9
1569,10
1572,9
1573,10
1577,10
1578,9
1584,9
1584,10
1588,10
1589,1
1590,9
1591,2
1593,10
1597,9
1597,10
1601,4
1601,9
1602,10
1606,9
1607,10
1608,2
1610,9
1611,10
1614,9
1615,10
1617,9
1618,10
1621,9
1621,10
1624,9
1625,10
1628,9
1630,10
1631,9
1635,7
1635,9
1635,10
1638,9
1641,10
1642,9
1643,4
1646,9
1647,5
1647,8
1648,3
1649,10
1650,9
1655,10
1656,9
1658,2
1662,10
1663,9
1666,10
1667,9
1669,6
1669,10
1671,9
1672,10
1676,10
1677,9
1681,9
1681,10
1684,4
1686,9
1686,10
1690,10
1691,1
1692,9
1696,10
1698,9
1699,4
1702,10
1706,9
1707,10
1709,2
1710,8
1711,10
1713,9
1714,10
1718,10
1720,5
1722,10
1724,9
1728,7
1728,10
1729,9
1734,3
1734,10
1735,9
1736,4
1740,6
1743,9
1743,10
1744,2
1749,10
1751,9
1755,10
1756,9
1761,10
1762,9
1765,4
1765,10
1768,9
1768,10
1772,10
1773,9
1777,10
1778,9
1782,2
1783,9
1785,10
1789,4
1789,9
1790,10
1793,9
1794,10
1798,1
1798,9
1798,10
1799,8
1803,10
1805,5
1806,9
1808,6
1809,10
1812,9
1813,4
1814,10
1817,9
1818,10
1820,9
1824,9
1824,10
1830,9
1830,10
1834,9
1835,2
1836,10
1839,7
1839,9
1841,3
1842,1
1842,10
1843,9
1845,4
1848,10
1850,9
1853,10
1858,9
1859,10
1861,8
1865,9
1865,10
1870,5
1871,9
1872,10
1878,9
1880,10
1883,9
1888,4
1888,10
1890,9
1894,2
1894,10
1898,10
1899,9
1900,6
1902,9
1902,10
1903,8
1904,2
1906,9
1906,10
1910,9
1912,10
1917,9
1918,10
1921,9
1923,10
1927,9
1928,1
1928,10
1932,9
1933,10
1935,3
1935,9
1936,7
1939,9
1939,10
1940,2
1940,5
1941,4
1943,9
1943,10
1946,9
1950,9
1950,10
1953,9
1956,10
1957,4
1957,9
1961,9
1961,10
1966,9
1968,10
1970,9
1971,10
1974,9
1975,10
1979,8
1979,9
1979,10
1983,9
1987,10
1991,9
1995,10
1996,9
1999,2
2000,4
2000,10
2003,9
2007,9
2007,10
2008,6
2011,7
2013,9
2013,10
2014,3
2015,5
2018,9
2019,10
2021,8
2023,10
2024,9
2025,1
2030,10
2031,2
2031,9
2035,10
2038,9
2044,10
2046,4
2047,9
2051,2
2051,9
2051,10
2055,9
2060,9
2060,10
2067,9
2069,10
2074,9
2078,10
2082,3
2082,4
2083,9
2084,10
2086,8
2088,9
2089,1
2090,5
2092,10
2093,9
2095,6
2098,9
2100,10
2103,9
2106,2
2107,10
2109,1
2109,9
2114,7
2115,9
2120,4
2123,9
2123,10
2130,10
2132,9
2135,10
2142,9
2143,10
2146,2
2146,4
2147,10
2151,10
2152,9
2155,5
2157,9
2157,10
2162,9
2164,10
2165,1
2165,8
2167,3
2167,9
2169,10
2175,10
2176,9
2177,4
2181,2
2182,10
2184,9
2190,9
2192,10
2197,9
2198,10
2201,6
2203,4
2204,9
2204,10
2209,10
2210,9
2213,10
2214,9
2218,10
2220,9
2222,7
2224,9
2225,10
2226,8
2228,5
2228,9
2232,10
2234,9
2241,10
2242,9
2248,1
2249,9
2252,10
2256,4
2256,9
2260,10
2261,2
2261,6
2261,9
2266,3
2266,9
2266,10
2273,8
2273,9
2275,4
2275,10
2278,9
2281,10
2284,5
2285,9
2287,10
2289,9
2292,10
2294,9
2298,10
2300,9
2305,9
2308,10
2309,7
2310,9
2314,10
2315,4
2317,9
2319,2
2320,10
2324,2
2326,8
2326,9
2326,10
2332,9
2335,10
2341,9
2344,1
2344,10
2348,10
2349,9
2350,6
2353,4
2353,10
2354,9
2359,5
2360,9
2362,10
2364,3
2365,9
2366,10
2369,2
2371,9
2371,10
2375,9
2380,10
2382,9
2390,9
2391,1
2393,10
2395,7
2395,9
2398,8
2401,9
2404,9
2404,10
2408,4
2408,9
2411,2
2411,10
2413,9
2419,9
2419,10
2423,9
2424,10
2428,9
2429,5
2429,10
2434,10
2435,9
2441,9
2443,10
2445,4
2448,9
2450,10
2455,10
2456,9
2457,6
2461,10
2463,9
2465,10
2467,9
2469,8
2470,10
2472,9
2475,7
2476,9
2477,10
2478,2
2478,4
2481,9
2482,10
2486,9
2486,10
2488,2
2491,10
2492,9
2495,10
2497,9
2499,10
2501,9
2503,10
2506,10
2507,9
2510,10
2515,10
2516,9
2517,1
2517,4
2517,5
2519,3
2521,10
2524,9
2525,2
2525,4
2526,10
2528,6
2528,9
2529,8
2530,10
2532,9
2537,10
2538,9
2542,9
2547,9
2548,7
2549,10
2551,9
2553,10
2555,9
2558,10
2559,9
2563,9
2565,10
2570,9
2576,4
2576,10
2578,3
2578,9
2581,10
2582,5
2583,1
2583,2
2584,10
2585,9
2586,4
2588,10
2591,8
2591,9
2592,10
2596,9
2597,10
2601,2
2601,9
2601,10
2604,10
2607,10
2608,9
2612,10
2615,10
2617,9
2619,6
2619,10
2623,9
2623,10
2629,10
2632,9
2636,10
2638,9
2642,1
2644,7
2644,10
2645,2
2645,9
2648,10
2653,4
2653,9
2653,10
2657,10
2659,5
2660,9
2661,10
2665,8
2665,9
2668,10
2670,4
2670,9
2672,10
2676,9
2677,10
2682,10
2683,2
2684,9
2687,3
2687,10
2691,9
2692,10
2696,10
2698,6
2700,9
2701,10
2706,4
2706,9
2706,10
2710,10
2712,9
2714,10
2718,10
2722,8
2722,9
2722,10
2726,10
2728,9
2731,10
2734,1
2736,10
2738,5
2739,9
2740,10
2743,4
2745,2
2745,9
2746,10
2750,10
2753,7
2754,9
2755,10
2761,9
2761,10
2768,10
2769,9
2772,9
2777,9
2779,4
2779,10
2782,9
2784,8
2786,9
2790,10
2791,9
2793,3
2795,9
2797,10
2798,4
2800,6
2800,9
2801,10
2802,2
2802,5
2803,9
2805,10
2806,1
2807,9
2812,9
2813,10
2816,9
2820,9
2821,10
2823,9
2826,9
2826,10
2830,9
2835,9
2838,10
2839,9
2842,9
2843,7
2845,10
2846,9
2849,2
2850,8
2851,4
2851,9
2855,9
2855,10
2859,9
2862,1
2864,10
2865,9
2866,5
2871,10
2873,9
2879,9
2881,10
2884,3
2885,6
2886,9
2887,10
2888,2
2892,9
2893,4
2894,10
2898,9
2901,10
2903,9
2905,10
2908,9
2910,4
2910,10
2912,8
2913,9
2915,10
2919,9
2921,10
2926,10
2928,7
2928,9
2932,10
2935,9
2936,5
2937,4
2937,10
2939,2
2941,10
2943,1
2944,9
2946,10
2950,9
2950,10
2955,10
2956,9
2961,9
2961,10
2965,10
2968,9
2971,10
2972,6
2972,9
2977,9
2978,2
2978,8
2978,10
2980,9
2985,4
2985,9
2988,3
2990,9
2992,10
2994,9
2995,4
2997,1
2997,9
2999,10
3000,5
3000,9
3004,9
3007,10
3008,9
3012,9
3017,9
3020,10
3021,7
3023,9
3029,9
3029,10
3031,6
3033,8
3033,10
3034,9
3035,2
3038,10
3040,9
3043,10
3048,9
3048,10
3053,9
3053,10
3058,10
3059,9
3064,9
3065,4
3066,10
3069,9
3074,3
3075,9
3076,10
3081,5
3083,9
3084,1
3084,10
3089,10
3092,9
3093,2
3095,10
3096,4
3097,9
3100,10
3102,8
3105,9
3105,10
3110,1
3111,7
3112,9
3112,10
3118,10
3121,6
3122,9
3123,10
3128,10
3129,9
3132,10
3133,4
3135,10
3136,2
3136,9
3138,10
3143,10
3144,9
3150,3
3150,10
3153,9
3157,2
3158,9
3159,5
3159,10
3163,8
3163,9
3164,10
3168,4
3169,9
3171,10
3179,9
3180,1
3185,10
3186,9
3189,10
3193,9
3193,10
3200,10
3201,7
3201,9
3203,2
3205,6
3207,10
3208,9
3212,10
3214,4
3216,10
3217,9
3221,9
3223,10
3226,9
3227,8
3230,9
3230,10
3233,9
3236,9
3236,10
3237,5
3240,9
3240,10
3245,9
3248,10
3251,9
3255,10
3256,2
3257,3
3257,9
3258,4
3261,10
3265,1
3265,9
3268,10
3269,9
3273,9
3274,2
3274,10
3277,9
3279,10
3284,10
3285,8
3285,9
3290,9
3294,10
3296,7
3296,9
3297,6
3302,10
3303,4
3303,9
3306,5
3311,10
3312,9
3317,9
3319,1
3319,10
3320,9
3324,9
3328,10
3329,9
3335,4
3335,9
3336,2
3336,10
3341,9
3343,10
3348,9
3351,10
3353,9
3354,8
3357,9
3359,3
3359,10
3364,9
3365,10
3369,2
3370,9
3372,10
3376,9
3378,4
3379,10
3382,9
3383,5
3387,10
3390,7
3390,9
3394,10
3396,6
3397,1
3397,9
3400,10
3407,9
3407,10
3409,4
3414,10
3415,9
3421,8
3421,9
3421,10
3427,9
3430,10
3431,4
3433,9
3434,3
3436,2
3440,9
3440,10
3446,5
3446,9
3446,10
3450,9
3455,9
3455,10
3456,4
3460,9
3462,2
3464,10
3468,9
3468,10
3473,10
3476,9
3477,10
3480,6
3480,8
3481,10
3482,9
3485,1
3485,10
3488,9
3491,10
3496,10
3497,9
3502,10
3504,9
3509,4
3509,5
3509,7
3511,9
3511,10
3512,2
3516,9
3518,10
3522,3
3522,9
3526,10
3528,9
3533,10
3535,8
3535,9
3537,10
3539,9
3541,10
3544,9
3546,10
3548,9
3553,9
3553,10
3559,10
3560,9
3562,6
3564,9
3566,10
3567,4
3569,2
3569,9
3572,10
3573,9
3575,5
3577,10
3579,9
3582,1
3585,9
3587,10
3592,10
3593,7
3594,9
3597,8
3598,4
3598,10
3601,9
3602,2
3603,10
3607,9
3608,10
3611,9
3615,9
3616,3
3616,10
3620,9
3624,4
3624,10
3626,9
3631,9
3634,10
3636,9
3640,10
3642,9
3647,9
3647,10
3652,6
3655,9
3656,10
3657,5
3659,2
3660,9
3662,4
3663,8
3664,10
3666,1
3666,9
3674,9
3674,10
3684,9
3684,10
3687,7
3690,4
3691,10
3692,9
3694,2
3695,3
3698,10
3699,9
3706,9
3707,10
3710,9
3711,10
3714,9
3715,10
3719,9
3719,10
3724,9
3726,10
3730,9
3732,10
3734,8
3736,9
3741,1
3742,9
3742,10
3743,4
3744,6
3746,5
3748,10
3750,9
3752,2
3753,10
3757,10
3758,9
3762,10
3763,9
3767,9
3767,10
3770,9
3774,9
3776,10
3777,9
3780,9
3782,10
3784,7
3784,9
3786,4
3787,9
3787,10
3791,9
3792,10
3794,2
3796,9
3796,10
3799,3
3800,8
3801,9
3801,10
3802,2
3805,4
3806,9
3808,10
3813,9
3817,10
3818,9
3822,9
3826,9
3828,5
3828,10
3830,9
3831,1
3834,9
3834,10
3838,9
3840,10
3843,9
3848,9
3851,10
3855,9
3859,6
3860,2
3861,9
3862,4
3862,8
3862,10
3866,7
3869,10
3870,9
3877,10
3878,9
3884,3
3887,1
3887,9
3887,10
3894,2
3895,9
3897,10
3898,4
3902,10
3904,9
3912,9
3913,5
3917,10
3919,9
3922,4
3923,10
3926,9
3930,10
3933,2
3933,9
3939,8
3939,10
3942,9
3947,9
3948,6
3949,10
3951,9
3956,7
3956,9
3957,1
3960,9
3961,4
3964,10
3966,5
3966,9
3971,9
3976,9
3980,10
3981,3
3982,9
3984,2
3989,9
3989,10
3997,9
3998,10
4005,10
4007,9
4008,1
4009,10
4012,4
4013,10
4014,8
4015,6
4016,9
4017,10
4022,10
4025,9
4025,10
4027,2
4027,4
4030,9
4030,10
4034,9
4035,10
4040,9
4042,10
4046,9
4046,10
4047,7
4050,10
4051,9
4055,9
4056,10
4059,9
4061,10
4064,9
4067,10
4068,4
4070,9
4073,2
4073,5
4074,10
4075,9
4076,4
4081,9
4081,10
4082,8
4086,9
4092,3
4093,10
4094,9
4096,1
4096,6
4099,10
4101,2
4103,9
4103,10
4107,4
4111,10
4112,9
4116,10
4118,9
4121,10
4122,4
4124,9
4126,10
4132,9
4134,10
4139,9
4141,10
4144,9
4145,7
4145,10
4150,10
4151,4
4151,9
4152,2
4155,9
4156,5
4156,8
4157,10
4159,9
4163,9
4165,10
4166,9
4169,1
4170,9
4173,10
4174,9
4178,10
4180,9
4184,4
4184,9
4184,10
4186,2
4189,9
4191,10
4193,3
4193,9
4196,9
4199,10
4200,9
4204,9
4209,9
4209,10
4213,6
4213,9
4216,10
4217,9
4219,8
4220,7
4221,9
4225,10
4226,9
4231,9
4234,5
4235,10
4237,9
4238,4
4240,1
4243,9
4246,10
4249,2
4250,9
4251,10
4254,10
4257,9
4258,10
4263,10
4266,9
4272,10
4276,9
4280,4
4280,10
4281,3
4285,5
4285,9
4287,8
4290,10
4291,6
4293,2
4293,9
4295,1
4295,10
4297,4
4302,10
4304,9
4313,10
4315,9
4318,4
4320,9
4324,7
4324,10
4327,9
4331,9
4336,10
4337,9
4342,10
4343,9
4349,8
4349,10
4351,9
4356,10
4357,9
4363,10
4365,9
4368,2
4370,10
4375,9
4376,6
4376,10
4377,3
4377,4
4378,5
4380,9
4380,10
4384,1
4385,10
4386,9
4389,10
4394,10
4395,2
4396,9
4397,10
4402,10
4403,9
4408,10
4409,9
4411,4
4412,10
4415,10
4417,2
4417,9
4419,10
4422,8
4422,9
4424,7
4424,10
4427,10
4428,9
4431,4
4432,10
4434,9
4436,10
4441,10
4442,9
4445,10
4448,2
4449,9
4449,10
4455,8
4456,10
4458,9
4463,10
4464,1
4464,9
4469,10
4470,5
4470,9
4474,4
4474,10
4478,6
4478,9
4481,10
4482,2
4483,9
4485,3
4486,10
4488,9
4491,9
4492,10
4495,9
4499,10
4500,9
4505,9
4507,10
4512,9
4514,10
4516,4
4516,7
4516,9
4519,8
4521,9
4522,4
4523,2
4525,1
4525,9
4527,5
4527,10
4529,9
4535,9
4537,10
4539,9
4542,4
4542,9
4544,10
4545,9
4548,9
4552,9
4553,10
4558,9
4561,2
4562,9
4563,10
4566,6
4566,9
4568,10
4571,9
4574,10
4575,9
4578,9
4581,4
4581,10
4582,7
4582,9
4585,9
4588,10
4589,9
4590,8
4593,9
4595,10
4596,3
4598,9
4600,10
4602,9
4603,10
4606,9
4607,10
4611,5
4611,9
4612,10
4615,4
4616,9
4617,2
4617,10
4622,9
4623,10
4628,9
4629,10
4632,9
4637,9
4639,10
4641,9
4643,2
4647,9
4648,1
4648,4
4648,10
4652,9
4654,8
4658,4
4658,9
4661,10
4664,6
4665,10
4667,9
4668,2
4669,10
4674,10
4675,9
4678,10
4682,9
4682,10
4686,10
4688,9
4689,3
4691,10
4692,9
4695,9
4696,10
4698,5
4698,9
4700,10
4701,4
4702,9
4703,10
4707,9
4707,10
4708,8
4711,7
4712,10
4714,1
4714,9
4716,2
4716,6
4717,10
4719,9
4722,2
4723,10
4726,10
4727,9
4731,10
4734,9
4735,10
4737,4
4739,9
4742,10
4744,9
4749,9
4749,10
4754,9
4756,10
4760,4
4762,9
4762,10
4769,10
4770,9
4773,8
4774,2
4776,9
4778,10
4785,1
4786,4
4786,9
4786,10
4787,7
4788,5
4792,10
4793,4
4794,9
4795,6
4799,10
4803,10
4805,2
4807,9
4808,10
4811,9
4811,10
4815,10
4816,9
4820,10
4821,3
4821,9
4826,10
4827,9
4830,8
4833,9
4833,10
4840,10
4843,9
4844,10
4847,9
4850,10
4851,9
4855,5
4856,1
4856,9
4857,10
4859,4
4860,9
4863,2
4863,10
4866,9
4868,10
4873,9
4873,10
4878,9
4879,10
4884,9
4885,10
4889,7
4890,10
4891,9
4892,6
4893,8
4894,4
4895,10
4896,9
4898,2
4900,9
4900,10
4904,9
4904,10
4910,10
4913,9
4914,3
4916,10
4917,9
4918,5
4921,4
4923,9
4923,10
4929,9
4930,10
4932,2
4935,9
4935,10
4936,1
4938,9
4939,10
4942,9
4945,10
4947,9
4950,10
4955,9
4958,10
4961,9
4962,8
4963,10
4967,9
4967,10
4971,10
4972,9
4973,6
4976,9
4976,10
4977,7
4978,4
4979,9
4982,10
4983,9
4987,9
4987,10
4991,9
4993,10
4997,9
4997,10
