NaN,0.00257026732779331,6.52810755119582e-07,0.00395237309912566,0.00120107392433888,0.000945564413165623,0.00113268222527474,0.00356414352601697,0.000608112736276034,0.00382621433805175,0.00273546345830511,1.38481267453194e-07,4.65176638907439e-05,0.000388574209180093,0.00548138084070982,9.32153523535706e-05,0.0147793375109025,0.0134717216610156,0.0208330753158564,0.0167350002495378
5.9676737726444e-06,NaN,0.000157244521433286,0.0103951970133198,0.00215458829643267,0.000513225057021116,0.000669650157034352,0.00900262524719742,0.000849813843112168,0.000939891269188586,8.15622876963462e-05,0.00442911623814235,0.00559989778483916,0.00129401770290821,0.000428189450679517,0.000243961341174881,0.00803186753642282,0.000331230073967737,0.0253651271241428,2.17260851783641e-05
0.00527103281936525,0.0033162914697929,NaN,0.00018034694727731,0.0045963132110739,0.00235712166000779,5.50043227302566e-05,0.00181606789555377,0.00399702331303509,0.000538005706454847,0.00112812634699666,2.36037589639304e-05,0.00135102491142802,0.00207905038188699,0.00120685723706754,0.00148584238268668,0.000468663659307089,0.00796183797585892,0.018338387410113,0.0112339164911185
0.000660614208484733,0.00109550456160712,0.00413034316203609,NaN,0.000143981521215253,0.0122878381371905,0.00230817440626385,0.00141811186486707,0.00709030133366029,0.000142219732246651,0.0017064084556182,7.04691942327029e-06,0.000173066760622287,0.00441930340135677,0.00294421066924633,0.000157178882006226,0.0158333181952067,0.00769102675073929,0.0248168389489379,0.0252598778260485
0.000156413456226745,5.9853250202746e-06,6.85543524627796e-05,0.0009981428773016,NaN,0.000391353840235975,0.00586767750121697,0.0096573191853343,0.000884366381971258,0.00127591809053929,0.00551490510855923,0.000117801592882216,0.000105404607569137,0.00348088354207543,0.00100168334579542,0.00474767119575653,0.000325243607662506,0.0107728944667952,0.000293721701255856,0.0132681276130686
0.000355903905291333,0.000928575054414904,0.00373020350801762,0.00147561710731547,0.000990129741092638,NaN,0.000105165433207433,0.00360055647752894,0.00356856961632562,9.97519684153847e-06,0.00217996810344506,0.00184057343861449,0.000168284992127343,0.00331502632220293,0.00241116143913739,0.000334398648584588,0.00080812911132816,0.0122831971781114,0.0211656775746604,0.0160744458220951
0.00156696916872834,0.00100551878680233,0.00304529441935669,8.25210992427827e-07,0.00770557976027758,0.000564535906808272,NaN,0.000160906021257123,0.00214657862843637,0.005988317862202,0.00236716308686563,0.000236237360113356,2.31374399010109e-05,0.00218823972802895,0.000132318417282007,0.00239437839225232,0.000866116891639734,0.0135565816565665,0.000629577383470359,0.0180739071235616
7.40132790677528e-06,0.00288378440245418,0.000315119311848189,3.32444363843054e-06,0.00106207939246999,0.000890234052125904,0.000696634140173513,NaN,0.00177115017747748,0.000928548298851584,0.000294299324663183,8.97798350131818e-05,0.00619245727853823,0.00192261097977747,0.000314062058355713,0.000632980053379084,0.000846537800934299,0.0125523355186462,0.0163555076046656,7.07291310021452e-05
0.000201621719741085,0.000224458881828871,5.5259995328516e-05,3.1439110450393e-05,0.00231013400546426,0.00328001675261269,0.000148232236414803,3.42036856060268e-07,NaN,0.000711755998539343,0.000359226957421244,0.00412258287859185,0.00229283080310877,6.39591875223333e-06,0.000264403553012493,0.00327224064086468,4.85666524108197e-07,6.9884759251293e-05,0.0151622688047859,0.000454262697528907
0.00242184738726986,3.25916107013491e-06,0.000216164691887732,0.000504874963563995,0.00210494420719537,0.00511215004318755,0.000118024801775252,0.000119696987771867,0.00179785878187277,NaN,0.00197923489988761,0.000314110125665734,7.45969942613223e-05,1.97525752221317e-06,0.00373714194623798,1.755897482969e-08,0.0115578711121656,0.000323555604174186,0.000284109423999257,0.0168404492008805
7.08628434834546e-05,0.000367222309768378,0.000991210604468384,0.000352446373676985,0.00183108971244972,0.00113762326174005,0.00205396513762529,0.0019865835526981,0.00263893914652069,3.06463038129978e-05,NaN,0.00126192734796926,0.00180706914679329,0.00147705797685199,0.000396781795395762,0.00318286096565684,0.000164060203398431,0.00411891410692095,0.000763977891961809,8.79989943671777e-05
0.000117250155941051,0.00020703945884426,0.000651187106433082,9.11428709746698e-05,0.000363790863549429,8.46751615369845e-05,0.00017754076649712,0.0001981143117607,0.000977532823504601,0.00362370480684548,0.000552516426663652,NaN,0.000893869563353744,0.00160751818444793,3.47810811807125e-06,0.00145965949243504,5.32780039141922e-07,7.82383821928967e-06,0.0119806668514034,0.000509189490661976
0.000108131937699485,0.000137971162105621,5.88677045698649e-06,0.00189845656537618,0.000155074980953573,0.000827947355012348,0.00252004256237531,0.000478254157963487,0.00350716710760957,0.00119887325759882,0.00131594092969434,0.00100467548554245,NaN,0.00258336857676827,0.0002729850475367,0.00205469042659767,3.60126947424044e-05,0.000254756383608779,0.00053509196110596,9.42403076914511e-06
5.67162459608195e-07,0.00193228367711734,0.000865984483105764,2.56616771368567e-05,0.00167375076560222,0.00239865326107735,0.00267652860894274,0.00245488870804467,0.000583920170851848,0.000823824663783612,0.0017043427267433,0.00225388968743689,0.000459330147422998,NaN,0.00164685907861178,0.00212508937271533,0.0126583651148879,0.00492301443602827,0.000230081229166068,0.000156707316954996
0.00702393651378713,0.000891164425164459,0.000275916418596867,0.00350360153873736,0.00053119426832543,6.8598357941263e-06,0.00564969371992879,0.00225914326801152,0.00144226859437374,0.00283051261325784,1.48018682871731e-06,0.000546760688238446,2.44190111670095e-05,0.000404557132390293,NaN,0.000289497891726276,0.000245499502712243,0.0100956058729715,0.0260846699324717,0.022271790207375
0.00039793510261682,4.90921765071706e-05,0.00547266024894727,0.00837071435082437,0.00115717131463067,0.00441872527948228,0.00196716171508632,7.13379268286185e-05,4.57747959259347e-07,0.00101754116283576,0.0043024855432594,0.000841633466353187,0.000141104143283166,0.00110104317769472,0.000102399225621608,NaN,0.00313926639282552,0.0106916687300469,0.00439178077523517,0.00045790992927508
0.000190763053059637,0.000100822755111224,3.84970448004673e-05,0.00177335892818173,2.43878905889505e-06,0.000411978772844261,0.000251927179696854,0.00094425478919466,1.90836899837676e-05,0.00117019867781856,1.29389521471013e-05,0.000213228337903888,1.59249150692709e-07,5.87689637191607e-06,0.0014742454383609,0.000672171837357731,NaN,0.000577783554169896,4.79057425797069e-05,0.00025674122006409
0.000225552383602196,0.000963152957264457,0.000183210981905713,0.000663596390369559,5.37060962528813e-05,0.000713778349436506,4.19372815257946e-06,2.32362420297949e-05,0.000166038210761305,0.000128118870156874,8.90678801884759e-06,6.97971273743714e-05,0.00100338125685026,5.19412565408439e-06,0.000758339954856468,0.000220972503126721,4.02911866999867e-05,NaN,0.000703487082264781,0.000526874409536388
0.00083749646311496,7.67384598471983e-05,0.000700333149459963,0.00114089693311827,5.54934291421144e-05,0.00146634216354651,5.98380974255047e-05,2.90281263898642e-06,8.14132868008355e-05,6.92970572060275e-07,2.53050046336578e-06,0.000116921137077588,8.75958498570834e-05,3.15395249157538e-05,0.000603211279629014,3.09549604178908e-06,0.000263078886539193,0.000678123641280295,NaN,0.000582386611514722
0.0015366363185537,2.83590679666934e-05,9.93969207861017e-06,0.000548819144156519,0.000916411659722505,4.24753781853165e-05,9.34333936097806e-05,0.000183270403126296,9.92911771136584e-05,0.000338574841373035,0.00082729486472978,0.000332487307112557,8.62383562887092e-07,8.51833642318001e-07,0.000923026290003945,0.000210261176945677,2.37087955136384e-06,0.000126004599515277,0.000171495687548352,NaN
