NaN,0.00226725187555621,0.00148225099844357,0.0111492146634802,0.00483979413207347,0.009801137860878,0.0107968359619529,0.000719660418924462,0.00356549732059974,0.00487272900366464,0.00452561940202778,0.00282266803691567,0.00529387890670652,0.00156955488796717,0.00866881108753836,0.00430422759009141,0.0243838810318272,0.0126204346012999,0.0189295924977957,0.0195049718275526
0.0023068307066233,NaN,0.00490296579482469,0.00721422000829414,0.00241487002029872,0.00295722956591549,0.00306933584172586,0.00185019410641629,0.00195279576515495,0.00273252631486259,0.00685929488353648,0.00279144840090495,0.00195779958585096,0.00139465118430565,0.00338114261743577,0.000827422260967769,0.0115756096189809,0.0012867535545914,0.0182116750745175,0.000554389424405111
0.000397123953430278,0.00296730139185875,NaN,0.000522828946664999,0.000181290577404347,0.0019107517574703,0.00225831018730671,0.000410072949112328,0.00445579896298381,0.00501426412308237,0.000818880780076414,0.00318729035794374,0.00555598366553023,0.00120901058791156,0.00204615733243252,0.000170563101355659,0.00140020656755113,0.00139775022458999,0.00597756887299083,0.00844419031017579
0.0139715414455671,0.0115798261668353,0.00572808381909917,NaN,0.00108523928318072,0.00685936739256399,0.00080805942003459,0.000881158018590567,0.0112746581262756,0.00132575488609055,0.0208082833414085,0.00022711742987247,0.00405739005485928,0.0154420987836567,0.00127831693174707,0.010564466965183,0.0210783832420436,0.0227933278730574,0.0182946141960059,0.0204711790988181
0.0289472931751342,0.00633852437600047,0.00117194031730483,0.00124339055189759,NaN,0.00606448365935508,0.0057758922785186,0.00681561123124019,0.000677315149542279,0.00781843615767575,0.0111848927832887,0.00205524588268613,0.00227409558093306,0.00813716541190102,0.010047587344855,0.0034095157426719,0.0146874717625325,0.0167844268787953,0.017410619049555,0.0200947301711342
0.019758751636295,0.00286674255256802,0.01191881078142,0.00404226411850273,0.000504207410987556,NaN,0.00654782526221676,0.00376364618625658,0.0126423651504659,0.0141222884011817,0.00416587656462153,0.00406266406948597,0.0110934186134602,0.00517777172861855,0.00174412256064349,0.0159198067602736,0.0224965382886889,0.0199887022637651,0.0237108918945567,0.0154095273052446
0.00331422835643225,0.00237890810901809,0.00186245039669641,0.00695777867167247,0.001834530097373,0.00188840058411643,NaN,0.0044052004960391,0.00456401703950715,0.00732467157728733,0.00277542525664032,0.00422010761255154,0.00194656682094818,0.00349301783498412,0.00104116495078832,0.0102476025264125,0.011383869273606,0.00365739975564594,0.0180301781289067,0.0207019704877478
0.00431561965875638,0.00173349742964224,0.000774205987836063,0.00150773163971651,0.000119982493343662,0.00132054892606137,0.000892108759930399,NaN,0.0209230319936375,0.00261877693499846,0.000508905594894249,0.00506069227935813,0.00312182664532645,0.00311271725556661,0.00459599973657931,0.000905366112837092,0.00217193020128537,0.0155764919168807,0.0169800880973843,0.00869469252504429
0.00112249530288966,0.00212499876356664,0.0106014057551267,0.0035682999495662,0.00615774318077456,0.00558539980822115,0.00038203131252057,0.00673554676288735,NaN,0.0116108255246483,0.00482957753345592,0.00324548078654419,0.0028820587489109,0.00755737545119417,0.0113744358085001,0.00138661080433788,0.0194509741227418,0.0115100473339299,0.00128126551095964,0.0234960031096164
0.00111351893922285,0.00468055649651777,0.00165200257601661,0.00142037509701115,0.000879612086237325,0.000176320420208764,0.00191699279074242,0.00137977930871702,0.00233652735857748,NaN,0.000673644410183916,0.0017433273351814,8.24523269761235e-05,0.00153696830300365,0.000374107089260001,0.00485017136007332,0.0181354098396571,0.016434782975029,0.0138916293623623,0.000103992964612942
0.00150511067497017,0.00448925311393811,0.00224812710099576,0.0206964795464146,0.00501944380237318,0.0196030317875687,0.00801933810503441,0.00858421381438035,0.0107069401001064,0.000790426703266678,NaN,0.00371253017024598,0.0142308291420261,0.00894987543897729,0.00168156818419263,0.0108336806153294,0.027409776736592,0.0230089837364672,0.013308751713118,0.0269210758994823
0.0024502460205269,0.00497392684702813,0.00317878973467756,0.00501342069714217,0.00339902270358117,0.00700114122810591,0.00501480178522185,0.000770331808009228,0.00601694199159331,0.00316418362695658,0.00698602174450846,NaN,0.00578880000590298,0.00147453276142928,0.00395366046370815,0.00343805926041119,0.00150902920280871,0.0096670828778409,0.00979006062863275,0.00885868616191954
0.00112778923731066,0.0025859677415413,0.00240692098667683,0.00242326524478997,0.00266398446360322,0.00111822450314497,0.00301653740075103,0.000272233927733678,0.000775788437818892,0.000526422455394471,2.8591282026813e-05,0.00936300568728943,NaN,0.00622352556145572,0.00212170210737817,0.00691184679277057,0.000562406506684265,0.00458594827026648,0.00617118075423279,0.000563546554420924
0.00332884627413288,0.0125010414771017,0.00663567862762104,0.000946385579549625,0.00198887079463383,0.000673114917109419,0.00167158982982973,0.0146403955082404,0.00244641133241585,0.00615879716538248,0.00116457975768358,0.00242089394091816,0.00521109201227954,NaN,0.00290606388835435,0.00392248037076837,0.0161272425855146,0.014846347220255,0.00217671396884234,0.0171217540011089
0.00188072181984589,0.0103473489276507,0.00133839637884015,0.0110495078538916,0.00266452920135374,0.00190644799633366,0.00611822157738962,0.0022934034422033,0.000272900696368317,0.00130527199063302,0.00546749152702031,0.0105761969240163,0.00360392222119688,0.00128547763265585,NaN,0.00343378800526484,7.48234634863065e-05,0.0109577371770448,0.00286834155079396,0.00999123857782913
0.00269423664399349,0.00211271907035482,0.00646096606966962,0.00312719553911378,0.00322374641023437,0.00333424353787615,0.00857131587670457,0.00472817555706095,0.00960998554421855,0.000582717917887998,0.00164495915483853,0.00394502242517636,0.000509303138207184,0.00238893161587272,0.00225747871463,NaN,0.0144879872535818,0.0112029273352935,0.0176339007154263,0.0165898399537002
0.000792376326499561,0.000770364843345944,0.00179424738241737,0.000496552347555579,0.00152090167910993,0.00439785020138689,0.00288656285329258,0.000761436422954037,0.0020401769551216,0.00189087642334138,0.00139593928213413,0.00199662260419808,0.00221670959210507,0.00625925449349682,0.00164333791239349,0.0014595063412324,NaN,0.00335212577582905,0.00826436121440499,0.00705596899337005
0.000346493901726808,0.0020819181515995,0.00161333121374588,0.00103640850811521,0.000249261317293831,0.00230547293470812,0.000618449618501327,0.00332910442747161,0.00157693994049254,0.00216951474201874,0.000675011596307645,0.00303997964679215,0.0016842744262632,0.000286565126253496,0.00162405509297003,0.00412791249969482,0.00533316000502415,NaN,0.00536301367102868,0.007943017669059
0.000690328821848274,0.00307713479410041,0.000297467426814746,0.00255832133691283,0.00126446123205642,0.000175357732168507,0.00148231925034659,0.00106672616543255,0.000230243028064236,0.00321822137813155,0.00305064560783108,0.00152033837959442,0.00234295887501179,0.00160752911980955,0.000553983848001094,0.00195516837636309,0.00436047167012113,0.00121652325412583,NaN,0.000800246627391865
0.00152262269529121,0.000864927204791838,0.00177832308486764,0.00207607476252003,0.000828540247703513,0.0029820624784809,0.00127378530252953,0.00107942958561705,0.00201100423195466,0.00199060410388074,0.00236181980778544,0.00137042343169633,0.00208190482436332,0.00287738345014105,0.00356640073270453,0.00264228799353317,0.00332236339472425,0.0063850919659475,0.00716961274863603,NaN
