NaN,0.00144870647328577,0.00123440498054961,0.00916151157433787,0.00334984359438739,0.00943914691982406,0.0102723012296219,0.000649946254719702,0.00299895213536228,0.00353282455978465,0.00315364774858062,0.0030631595295918,0.00391353667438021,0.00084188721517231,0.00634515347992115,0.00352929174510708,0.0224353721334348,0.012268479912659,0.0192002622633404,0.0190334879366372
0.00214623092377647,NaN,0.00494810068845253,0.00604118378386936,0.000627527313090848,0.00173533305466017,0.00140970257299361,0.00202210459429036,0.00179935171108975,0.00250818465652985,0.00623189689495152,0.00143826399032809,0.0021855732417605,0.001001873750685,0.00305184951755605,0.000349897869277971,0.0113956660779841,0.000775883711234215,0.0174331872231379,0.0006575421753095
0.000316865525693988,0.00307734336270454,NaN,0.000297505149751354,0.000153192571444027,0.00118946256348412,0.00260171362193706,0.000365141478199604,0.00533141905102208,0.00331871231170799,0.000669648274919776,0.00373427895443568,0.00627884678087237,0.00129004187565018,0.00101783001080047,5.84910169318942e-05,0.00151654803494028,0.000363532688104518,0.00595152484414618,0.00781596413718011
0.0113703795479758,0.0104768936431634,0.00530455432407984,NaN,0.000806001514276233,0.00586553644179011,0.000775937424197237,0.00116502161312504,0.0114516514992195,6.74840813561506e-05,0.0192477617685077,0.00016697122710474,0.00300069481232268,0.0153838903559465,0.000663075551430636,0.0092910462205239,0.0201563555557422,0.0216042272395638,0.0174167647112881,0.0203104815925447
0.014161773644874,0.000172245797263493,0.000558803066732283,0.00109648193800971,NaN,0.00644719380258529,0.00516807266243569,0.00695815815581347,0.000839758140177893,0.00435204120077937,0.00663667654487976,0.000964668462838492,0.000878180217708135,0.00485030047305568,0.00699884651949645,0.000870352315976763,0.0149114005444737,0.0162918055962115,0.016366446902049,0.0190580518715959
0.0192737142120807,0.00166392366363621,0.0123356658962019,0.000483189242632243,0.000215921283921228,NaN,0.00549575595805851,0.00156061654137629,0.00900447049416331,0.0129946016000381,0.00468278422836232,0.00396196674869886,0.00971712031216498,0.0041620043095657,0.00243740948231097,0.0154249238249311,0.0193019168232299,0.0171165616510246,0.0205346294007405,0.012783608839226
0.000410051562704128,0.00244608532550206,0.000864208810044675,0.00674464032076649,0.00216671303815075,0.00160644096234108,NaN,0.00482406727162399,0.00125164107079989,0.00681269125829242,0.00191965908809655,0.0035795852825673,0.00192996738086626,0.00333086886937317,0.000782290007363406,0.0100143273435468,0.0107260189926395,0.00328889605688076,0.0170393637788602,0.0199070237725049
0.0037973367871742,0.00136848359182873,0.000679325968850009,0.000847690841477955,0.000245605986381126,0.00110203408850706,0.000887606859306445,NaN,0.0196161490190118,0.00227857472220894,0.000498627599551882,0.00441969110634588,0.00233516744043416,0.00147779988730723,0.0017890164754617,0.000336431762287814,0.000953053810241578,0.0147643500803148,0.0167082602720849,0.00752952407941776
0.0013548610732812,0.00120437420259345,0.0094327709144777,0.00363293634449857,0.0045159147342424,0.0058403861787395,0.000124031290262727,0.00586832982990948,NaN,0.0107475961298378,0.00200888222908435,0.00256060437437111,0.00231582467970548,0.00701369827386877,0.00971303222224973,0.00098998809776385,0.0192442863756546,0.0115320074285721,0.00112509700550067,0.0238145458976997
0.000109199753749956,0.00452537541589199,0.0018101176661442,0.00125705275671795,3.25927810187476e-05,7.73318870213036e-05,0.00217050101010263,0.00184578134348518,0.00122654236448688,NaN,0.00113600323534691,0.00135091269986232,0.000141967429625578,0.00151201241298599,0.000183285518148835,0.00499353915745376,0.0164145644047227,0.015269717898089,0.013439316021732,3.80712186051069e-05
0.00070001273414888,0.00344752627417988,0.00223004559249618,0.0146854768883458,0.00487645197988085,0.0197798656440101,0.00728505844650273,0.00841050504224561,0.00700913191317709,0.000587328537967169,NaN,0.0041838549377351,0.00892767048759546,0.00765028570736936,0.000331686383283292,0.0101756426874261,0.0275580825007393,0.021726281058407,0.0128860115463473,0.0281015404343961
0.00443239084475899,0.00283148967439018,0.00193497636349982,0.00367205825472827,0.00207567405615761,0.00237885691474604,0.00495215814868621,0.000548399201824701,0.0069815793990049,0.0030494581234507,0.0023191548334125,NaN,0.00483092860471168,0.0022371195421399,0.00361987623066273,0.00184793352564672,0.000738974923257807,0.00694978376333766,0.00690637105040015,0.00687929147995758
0.000354073055907955,0.000298342081927139,0.00224285543040165,0.00346675275313391,0.00142063606378701,0.00131798737647404,0.00270081732394822,0.000574961148152975,0.000521636119604318,0.000728312541528109,0.000195180012922069,0.0110567721310936,NaN,0.00146856250180211,0.00242367718330516,0.00689521967456586,5.32917740559413e-05,0.00446321131139593,0.0061933165052015,0.000507426551557055
0.00354627540699504,0.00983028188697088,0.00274886750760006,0.000751229789189622,0.00164663239985874,0.000265130556153625,0.000476739254223646,0.0112631815034341,0.00211891457388247,0.00528838529852227,0.000748528658725212,5.31902258166239e-05,0.00321161278633131,NaN,0.00168345838890804,0.00372467347700733,0.0173691656177655,0.0150067143317978,0.00123339404438094,0.016852176567636
0.00135281923260588,0.00638882941128338,0.00148736895688195,0.0129038130769277,0.00316944568930322,0.000527267982542212,0.00272071643215632,0.000935084903432859,0.000254937183910009,0.000842941325256086,0.00527651465641643,0.0114870687034891,0.00484040798893171,0.00144764270359354,NaN,0.00226646917139528,9.24451066476317e-05,0.0105467639895526,0.00199561806341852,0.0095613833941498
0.00204242601996318,0.00206889410796152,0.00600637462393272,0.00249887521929981,0.00232276918839347,0.00265956021513114,0.00234048412223875,0.00579166442341772,0.00380579617344623,0.000443335968141834,0.000396684844837125,0.00403590254558772,0.000310954707436695,0.00232218981980914,0.0014656842497669,NaN,0.0131284571741009,0.0100374701507723,0.0176440313427952,0.015266460500079
0.000529832112772993,0.00116418909522589,0.00233578595950232,0.000321609397096134,0.00160275312374245,0.00434284647541588,0.00259280610591173,0.00049512699784382,0.00131370641390063,0.00189564673142634,0.0018620480120958,0.00164964368767542,0.00180466847467811,0.00591221794143937,0.00155671350442377,0.00127360273593879,NaN,0.0041774268058751,0.00853031639682805,0.00853084114675587
0.000635657509237414,0.00191848678969092,0.00178907284199781,0.000652596203816053,0.000378524002934366,0.00220980903920884,0.00111597394579521,0.00425337835099099,0.00235671207703542,0.0022039709584751,0.00117867805693081,0.0029162621252011,0.00206747034338467,0.00036908656387602,0.00166459179911752,0.00491911817796994,0.00637408375210813,NaN,0.00693797402111726,0.00778864618050448
0.000884284100778926,0.00408689791069661,0.000456290105188717,0.00156641247659581,0.00133064179610137,0.000265145378882281,0.00211538680012779,0.00114944795164185,0.000221136784531645,0.00197321179746859,0.00318137665785978,0.00164061561452536,0.00227222978089503,0.00167349212082704,0.000363558130289265,0.00197313444331562,0.0041994400237087,0.00126317062037348,NaN,0.00102647057600078
0.00130986194023514,0.00121952759264535,0.00208834090818841,0.00255214104420134,0.000737862603386763,0.00446720628896385,0.00136459233472874,0.00159241225678561,0.0022873468414559,0.0010072835419532,0.00268262512090614,0.0011510247945446,0.00145897596258426,0.00259203318246232,0.00356062969471879,0.00194936114325328,0.00357487484609187,0.00508177661032058,0.00750432953896052,NaN
