10,2
10,9
11,5
13,4
13,7
14,1
14,3
14,6
14,8
14,9
16,5
16,10
17,2
17,4
19,7
20,9
20,10
27,10
38,5
38,9
40,10
50,10
56,9
56,10
63,9
64,10
71,10
77,5
78,6
78,9
78,10
83,2
86,4
86,10
87,1
87,9
91,3
95,7
95,8
95,9
97,10
103,5
105,9
106,10
117,5
117,10
120,9
126,10
134,9
140,10
141,6
142,4
143,2
145,3
145,10
146,5
147,7
147,9
150,8
151,10
156,5
157,1
157,9
161,10
164,9
172,9
174,10
182,9
188,10
191,9
194,10
201,9
201,10
209,9
211,2
212,10
216,4
219,10
220,3
222,9
224,6
224,10
225,5
227,7
229,10
231,8
232,5
234,10
235,1
236,9
239,10
245,9
245,10
252,10
253,9
260,9
264,2
265,4
266,10
269,9
270,3
272,5
273,10
280,9
280,10
286,10
292,10
296,10
298,7
300,9
301,10
304,5
306,10
309,2
309,9
310,6
310,10
314,1
315,4
315,10
319,10
326,10
327,3
328,9
331,8
331,10
335,10
340,10
346,10
353,10
354,5
355,9
358,10
359,7
364,10
371,10
373,6
378,4
378,9
379,10
380,2
382,5
385,10
390,10
392,3
394,9
395,10
398,1
402,10
403,8
404,5
408,10
409,9
412,2
413,10
415,9
418,10
423,10
430,10
433,9
440,10
442,9
443,6
445,4
447,10
450,7
451,3
454,9
454,10
455,5
465,9
465,10
475,10
479,2
479,9
482,1
487,5
487,9
487,10
489,4
490,8
493,10
495,5
495,7
496,6
496,9
500,5
500,10
502,2
503,9
509,3
510,9
511,10
517,9
526,9
529,10
533,9
539,9
544,10
549,10
550,9
556,10
560,9
564,10
566,5
570,9
571,8
572,4
572,10
574,1
574,2
576,3
576,7
577,10
578,9
580,5
581,6
582,4
583,10
585,9
590,10
592,5
596,9
596,10
602,9
603,10
605,5
609,9
610,10
616,10
622,10
625,9
631,10
632,9
639,9
639,10
650,9
650,10
651,2
656,9
657,10
658,1
663,10
664,9
665,4
669,7
669,9
672,10
673,3
674,9
676,5
678,2
678,8
678,10
679,9
682,6
684,9
685,10
686,4
691,9
692,10
698,9
705,9
706,10
707,5
713,5
713,10
714,9
720,10
727,5
728,9
733,10
734,9
741,5
741,9
743,1
745,7
745,10
747,2
747,9
748,3
748,4
749,8
752,5
752,9
752,10
757,6
759,10
765,10
766,9
772,10
779,9
780,10
785,10
789,9
791,10
801,9
802,5
803,10
808,9
810,10
817,10
818,9
825,1
826,2
826,10
827,3
827,4
828,7
830,5
830,8
830,9
831,6
831,10
834,2
840,5
841,9
843,10
849,9
855,10
862,9
863,10
869,10
875,9
877,10
878,4
885,10
893,9
895,10
897,5
898,6
901,10
902,3
903,7
905,9
907,2
907,10
909,8
910,4
913,9
914,5
914,10
915,1
918,10
921,9
930,10
938,9
941,10
944,5
949,9
949,10
950,2
954,10
957,9
962,10
967,9
970,10
971,6
972,5
975,4
976,3
976,10
977,7
977,9
979,5
980,10
984,9
985,1
986,10
987,8
990,10
996,10
1002,9
1003,10
1008,10
1014,10
1021,2
1022,10
1026,4
1026,7
1026,9
1029,3
1031,9
1031,10
1032,6
1037,5
1039,9
1042,10
1045,9
1053,9
1056,10
1060,9
1066,10
1068,9
1074,1
1076,10
1078,9
1080,5
1083,4
1083,10
1084,9
1086,5
1089,3
1089,10
1090,2
1090,9
1095,10
1100,9
1102,7
1105,10
1107,5
1108,8
1110,6
1111,9
1111,10
1115,4
1119,10
1120,2
1120,5
1120,9
1127,9
1128,10
1134,9
1137,10
1144,9
1148,10
1156,9
1158,10
1164,5
1166,7
1168,1
1168,3
1168,9
1168,10
1170,2
1170,4
1170,8
1173,9
1173,10
1178,10
1179,6
1181,5
1182,9
1184,10
1189,9
1196,9
1197,10
1203,10
1207,9
1214,10
1219,9
1223,10
1229,5
1229,10
1230,2
1231,7
1233,4
1233,10
1234,3
1234,9
1236,6
1237,10
1243,9
1244,10
1247,1
1251,10
1252,9
1256,8
1258,9
1259,10
1266,10
1269,9
1270,2
1275,9
1275,10
1282,9
1283,5
1283,10
1288,9
1289,4
1290,10
1294,9
1296,10
1301,9
1303,10
1310,9
1315,1
1317,5
1317,10
1319,7
1319,9
1323,4
1323,8
1323,10
1324,2
1325,9
1327,3
1327,6
1327,10
1330,5
1332,9
1332,10
1342,10
1343,9
1353,9
1353,10
1359,10
1367,10
1369,9
1373,10
1376,7
1377,10
1379,2
1381,3
1382,9
1382,10
1385,4
1387,10
1388,9
1390,1
1392,10
1395,9
1396,10
1400,5
1401,10
1405,9
1408,10
1413,9
1416,10
1421,10
1426,10
1427,6
1430,10
1432,5
1432,8
1433,2
1434,4
1434,10
1436,3
1436,7
1436,9
1437,5
1438,10
1441,1
1442,9
1444,10
1449,10
1453,10
1457,9
1457,10
1462,10
1465,9
1466,10
1472,10
1478,10
1481,9
1487,10
1492,10
1497,10
1499,9
1501,5
1504,2
1504,10
1506,9
1508,10
1509,4
1510,6
1513,3
1513,8
1513,10
1514,7
1516,5
1517,2
1518,10
1520,9
1522,1
1524,10
1528,9
1530,10
1538,10
1540,9
1545,10
1549,9
1554,10
1562,10
1564,9
1567,5
1567,6
1571,4
1572,3
1572,10
1577,5
1577,7
1578,9
1581,2
1581,8
1581,10
1588,1
1589,9
1589,10
1598,10
1605,10
1606,9
1612,10
1621,10
1629,9
1631,5
1631,10
1632,2
1635,4
1635,9
1635,10
1639,3
1641,9
1641,10
1644,7
1646,10
1648,9
1650,5
1652,10
1655,9
1662,10
1664,6
1667,9
1668,10
1671,2
1674,4
1674,9
1676,8
1677,5
1677,10
1682,1
1684,9
1684,10
1692,9
1692,10
1698,5
1698,10
1701,9
1706,3
1706,10
1711,10
1712,9
1718,10
1720,7
1724,10
1726,9
1728,5
1729,2
1730,4
1733,6
1733,9
1733,10
1735,8
1740,10
1746,10
1749,1
1755,10
1756,5
1756,9
1761,10
1765,9
1767,10
1773,10
1778,9
1780,10
1788,2
1789,10
1791,3
1791,7
1791,9
1793,4
1794,10
1796,9
1800,5
1803,10
1804,9
1805,6
1808,10
1815,10
1822,9
1824,10
1828,1
1828,4
1831,10
1832,5
1832,9
1841,10
1843,8
1848,2
1848,10
1849,3
1849,9
1855,10
1861,9
1866,10
1872,9
1874,5
1878,9
1880,10
1881,4
1884,9
1886,6
1888,10
1889,7
1891,5
1892,2
1892,9
1895,10
1901,9
1908,9
1908,10
1918,10
1919,3
1923,9
1924,1
1927,8
1930,5
1930,10
1933,7
1935,6
1938,4
1938,10
1939,9
1943,2
1948,10
1953,10
1955,9
1961,10
1963,9
1972,10
1973,9
1983,10
1988,9
1993,5
1993,10
1995,2
1998,10
1999,3
1999,7
2000,9
2001,4
2002,10
2003,1
2006,8
2008,10
2009,5
2010,6
2011,9
2014,10
2021,10
2026,9
2026,10
2033,10
2044,2
2044,10
2046,9
2050,5
2054,10
2056,9
2057,4
2058,7
2063,5
2063,9
2064,3
2064,10
2065,2
2066,1
2068,8
2069,10
2070,9
2078,10
2080,9
2087,10
2100,5
2102,6
2102,9
2103,10
2118,10
2120,9
2123,5
2127,7
2128,9
2129,10
2130,3
2132,4
2135,2
2135,9
2136,10
2138,1
2142,5
2143,10
2145,9
2157,9
2158,8
2162,10
2163,9
2173,9
2175,10
2180,9
2186,4
2186,9
2191,5
2191,10
2192,9
2197,3
2198,7
2200,10
2201,2
2201,9
2203,6
2209,5
2210,10
2213,9
2224,9
2227,10
2231,1
2234,10
2243,8
2245,9
2246,4
2246,5
2246,10
2249,3
2250,2
2251,9
2254,6
2254,10
2256,7
2259,10
2262,9
2274,9
2275,10
2287,10
2291,5
2295,2
2297,4
2297,9
2297,10
2303,6
2307,10
2308,9
2309,5
2314,1
2314,9
2316,10
2317,3
2323,7
2325,5
2326,9
2326,10
2334,10
2336,8
2340,10
2344,2
2349,10
2353,9
2355,10
2361,10
2369,9
2369,10
2376,4
2378,10
2379,9
2380,5
2384,6
2384,10
2386,3
2388,9
2390,2
2390,10
2392,7
2395,9
2395,10
2398,1
2400,9
2400,10
2405,10
2406,9
2411,10
2414,9
2419,10
2423,9
2429,10
2430,9
2431,4
2438,9
2441,10
2445,5
2449,8
2450,6
2451,10
2452,3
2454,5
2454,9
2455,2
2456,10
2460,4
2462,7
2463,10
2464,1
2467,5
2470,10
2475,10
2482,10
2487,10
2488,9
2491,10
2495,10
2500,10
2504,9
2510,10
2514,10
2517,9
2521,10
2527,10
2528,4
2531,3
2532,10
2533,5
2533,7
2535,2
2535,8
2535,9
2536,10
2537,6
2538,1
2540,10
2544,9
2547,10
2554,9
2557,10
2562,10
2563,9
2569,10
2573,9
2573,10
2577,10
2583,10
2587,9
2588,10
2597,5
2597,10
2599,9
2600,3
2602,2
2602,7
2603,4
2604,10
2605,1
2605,5
2606,6
2606,9
2608,10
2609,8
2614,9
2615,2
2620,10
2621,9
2630,9
2630,10
2635,10
2642,10
2643,9
2651,10
2653,5
2656,10
2658,9
2660,3
2660,7
2664,4
2664,10
2665,2
2665,9
2667,5
2670,10
2673,9
2682,9
2684,1
2686,10
2696,10
2700,9
2704,10
2705,5
2712,9
2713,8
2714,4
2714,5
2714,10
2715,2
2716,6
2718,3
2718,10
2720,9
2721,7
2723,10
2726,5
2728,10
2732,9
2735,10
2741,10
2749,10
2752,9
2758,10
2766,9
2770,1
2770,5
2770,10
2774,4
2774,9
2776,7
2776,10
2781,9
2784,10
2786,5
2787,2
2789,10
2791,3
2791,9
2792,6
2795,10
2796,9
2799,5
2801,10
2803,9
2808,10
2814,8
2815,10
2820,9
2822,10
2830,10
2831,4
2832,5
2834,9
2835,10
2836,7
2843,10
2844,9
2853,10
2857,9
2864,10
2867,1
2869,9
2869,10
2876,3
2876,10
2877,6
2879,2
2880,5
2881,9
2881,10
2884,4
2888,5
2889,10
2894,9
2895,10
2896,8
2905,9
2905,10
2907,7
2910,10
2917,10
2919,5
2919,9
2923,10
2924,2
2924,9
2930,10
2937,6
2937,9
2937,10
2947,10
2951,1
2954,10
2956,4
2957,5
2958,3
2960,9
2960,10
2962,7
2966,10
2967,9
2974,2
2974,9
2976,5
2978,10
2979,8
2982,9
2987,9
2989,5
2992,10
2997,9
3005,9
3010,10
3015,2
3018,9
3019,3
3019,10
3024,1
3026,5
3028,4
3029,6
3029,10
3030,8
3030,9
3031,7
3033,5
3035,10
3037,4
3040,9
3047,10
3050,9
3056,10
3063,9
3072,9
3072,10
3073,5
3077,2
3079,3
3082,9
3082,10
3091,10
3102,7
3103,10
3104,6
3104,9
3106,5
3108,1
3108,10
3109,4
3113,9
3113,10
3116,2
3120,9
3121,10
3123,8
3127,9
3127,10
3135,10
3136,9
3146,9
3146,10
3153,10
3155,5
3157,9
3160,10
3166,9
3169,10
3173,2
3173,9
3175,10
3180,9
3181,3
3185,1
3185,4
3185,10
3188,6
3188,7
3188,9
3189,5
3191,10
3194,9
3201,10
3204,9
3212,10
3220,5
3221,8
3223,9
3224,4
3225,10
3226,2
3228,3
3229,10
3231,7
3232,5
3232,9
3234,10
3239,9
3244,10
3248,9
3251,10
3256,9
3261,10
3262,1
3263,9
3269,2
3271,6
3271,9
3274,10
3280,10
3286,5
3289,9
3289,10
3292,8
3296,10
3298,4
3301,7
3304,9
3304,10
3305,3
3306,2
3312,10
3313,9
3314,5
3321,10
3328,10
3334,9
3343,9
3343,10
3354,9
3355,10
3356,6
3359,2
3360,4
3360,5
3362,1
3362,10
3363,3
3363,8
3363,9
3364,7
3368,10
3369,5
3379,10
3386,9
3390,10
3397,10
3403,10
3408,10
3412,2
3412,9
3414,10
3421,9
3422,10
3423,4
3427,9
3427,10
3431,3
3433,10
3434,5
3435,9
3438,1
3438,2
3438,7
3440,10
3441,8
3442,5
3442,9
3443,4
3445,10
3448,6
3449,9
3451,10
3459,10
3467,10
3473,9
3473,10
3479,10
3486,10
3487,9
3489,5
3494,10
3496,9
3502,10
3508,9
3509,10
3512,6
3513,2
3515,4
3516,10
3517,3
3517,9
3518,1
3518,7
3519,5
3521,10
3522,8
3522,9
3531,9
3533,5
3533,10
3541,9
3542,10
3546,10
3551,9
3553,10
3560,10
3567,5
3570,9
3570,10
3572,6
3573,2
3575,4
3576,10
3577,3
3578,9
3579,1
3584,9
3584,10
3586,5
3589,7
3592,9
3593,10
3598,10
3599,9
3605,9
3606,10
3612,10
3618,10
3621,8
3623,9
3625,10
3628,5
3629,10
3631,4
3632,2
3634,10
3635,9
3636,6
3638,7
3639,3
3639,10
3642,5
3645,10
3647,9
3650,2
3650,10
3655,10
3657,9
3660,10
3667,10
3669,9
3675,9
3680,1
3681,9
3682,10
3683,4
3686,10
3688,9
3692,10
3697,9
3700,10
3701,5
3704,9
3707,5
3712,8
3713,6
3714,2
3714,3
3714,10
3716,5
3716,7
3716,9
3718,10
3720,4
3725,10
3726,9
3732,10
3733,5
3737,10
3744,9
3744,10
3750,10
3755,10
3759,7
3762,10
3764,5
3764,9
3768,10
3769,2
3772,1
3772,6
3772,9
3773,10
3777,3
3777,4
3778,10
3781,9
3784,10
3791,10
3794,9
3796,5
3798,10
3804,10
3808,9
3811,8
3812,10
3817,10
3818,6
3820,5
3822,9
3822,10
3829,7
3830,9
3830,10
3833,4
3836,2
3836,10
3838,9
3844,10
3845,1
3851,3
3852,9
3852,10
3853,5
3862,10
3863,2
3863,9
3870,10
3878,5
3878,10
3880,9
3882,8
3886,10
3887,7
3890,4
3890,9
3892,10
3898,2
3898,9
3899,10
3906,9
3910,5
3911,6
3913,9
3913,10
3914,1
3917,3
3921,10
3927,10
3930,9
3937,10
3943,9
3945,10
3949,9
3955,10
3956,9
3960,5
3962,2
3963,10
3964,9
3965,4
3965,8
3966,6
3968,7
3969,10
3970,3
3971,1
3971,9
3972,5
3974,10
3977,9
3980,10
3986,10
3990,9
3995,9
3995,10
3997,5
4000,10
4002,9
4006,10
4007,9
4019,9
4020,4
4020,10
4024,2
4025,10
4028,9
4030,3
4031,10
4032,5
4034,7
4035,9
4037,6
4037,10
4041,1
4042,9
4043,5
4044,10
4049,9
4050,10
4057,9
4057,10
4064,10
4071,9
4074,10
4076,8
4077,2
4077,4
4080,10
4081,5
4081,7
4081,9
4082,3
4085,9
4086,10
4092,9
4096,10
4099,9
4105,5
4105,9
4109,10
4111,1
4114,9
4115,5
4118,2
4118,10
4120,6
4122,9
4123,4
4124,5
4127,10
4128,9
4130,3
4140,10
4141,9
4149,9
4151,10
4157,10
4160,7
4163,10
4164,9
4165,5
4169,10
4170,2
4170,9
4171,8
4178,10
4179,4
4180,1
4182,9
4183,10
4189,10
4194,9
4195,10
4204,9
4204,10
4210,3
4212,10
4214,6
4214,9
4219,5
4221,9
4221,10
4225,2
4229,10
4230,7
4231,9
4232,5
4238,4
4238,10
4245,10
4249,9
4257,5
4257,10
4261,1
4261,8
4262,3
4262,9
4262,10
4268,2
4269,7
4273,9
4274,10
4284,10
4291,9
4293,10
4296,6
4300,10
4301,4
4303,5
4304,9
4308,10
4314,2
4315,10
4322,10
4325,9
4331,10
4337,3
4338,5
4341,7
4341,9
4341,10
4342,1
4342,8
4345,4
4345,5
4346,10
4349,6
4351,9
4354,10
4361,10
4364,9
4371,10
4374,2
4377,10
4384,9
4385,10
4396,5
4397,10
4398,9
4405,7
4407,10
4408,9
4413,4
4414,10
4418,3
4420,10
4421,2
4421,5
4423,6
4423,9
4425,1
4425,8
4425,10
4434,10
4443,9
4451,10
4454,9
4464,10
4466,4
4469,2
4469,5
4470,10
4472,7
4472,9
4473,6
4474,3
4477,10
4478,5
4479,1
4479,4
4481,9
4482,10
4483,8
4485,5
4487,10
4488,9
4493,10
4499,10
4505,10
4510,9
4511,10
4518,9
4519,10
4524,9
4530,2
4531,9
4531,10
4539,10
4545,9
4549,10
4550,7
4551,5
4553,9
4554,3
4554,6
4556,4
4557,10
4558,5
4559,2
4560,9
4562,1
4564,10
4565,8
4571,5
4571,10
4577,9
4577,10
4586,10
4587,9
4595,9
4598,10
4605,9
4606,10
4615,9
4618,5
4620,4
4621,9
4622,10
4624,1
4624,2
4624,6
4625,7
4627,3
4627,9
4627,10
4629,5
4630,4
4632,9
4640,8
4640,9
4641,10
4646,10
4653,10
4657,9
4659,10
4665,10
4667,9
4673,10
4678,10
4680,9
4684,10
4688,2
4690,10
4694,3
4695,7
4697,5
4697,10
4698,9
4700,4
4702,2
4703,6
4704,10
4706,1
4706,9
4714,9
4715,10
4722,9
4722,10
4725,5
4729,9
4730,10
4734,8
4735,10
4739,9
4740,10
4746,10
4748,9
4757,10
4758,5
4762,7
4764,3
4764,4
4764,9
4764,10
4767,6
4768,2
4768,5
4769,10
4775,9
4781,10
4782,9
4787,10
4788,9
4794,9
4795,10
4797,1
4799,10
4803,5
4804,9
4805,10
4812,10
4815,2
4817,9
4821,5
4821,8
4821,10
4823,3
4827,9
4827,10
4828,7
4830,4
4835,6
4835,9
4839,10
4847,10
4855,10
4860,9
4863,10
4864,5
4867,10
4868,9
4875,4
4875,10
4878,1
4880,2
4881,9
4881,10
4884,7
4889,9
4889,10
4899,9
4899,10
4901,5
4906,3
4906,10
4907,9
4908,8
4911,10
4917,10
4918,6
4923,10
4928,9
4930,10
4936,10
4940,9
4941,2
4942,10
4947,4
4947,5
4948,10
4951,1
4951,7
4952,5
4952,9
4952,10
4954,3
4957,10
4962,10
4967,9
4970,10
4977,10
4987,10
4988,8
4993,6
4995,4
4995,10
4996,9
