9,1
9,25
9,31
10,3
10,7
10,15
10,18
10,22
10,34
10,39
11,5
11,12
11,13
11,23
11,24
11,26
11,28
11,33
11,35
11,37
11,38
11,40
12,2
12,6
12,8
12,9
12,10
12,11
12,16
12,17
12,20
12,21
12,27
12,29
12,32
12,36
13,1
13,4
13,7
13,14
13,19
13,30
13,39
14,3
14,5
14,6
14,11
14,12
14,15
14,18
14,20
14,22
14,23
14,24
14,26
14,28
14,29
14,32
14,33
14,34
14,35
14,37
14,38
14,40
15,2
15,9
15,10
15,13
15,16
15,17
15,21
15,27
15,31
15,36
16,1
16,4
16,7
16,8
16,14
16,20
16,23
16,25
16,32
16,35
16,37
16,39
16,40
17,3
17,5
17,11
17,12
17,15
17,18
17,19
17,22
17,24
17,28
17,29
17,30
17,33
17,34
17,38
18,2
18,6
18,9
18,16
18,27
18,35
18,36
18,39
19,1
19,13
19,17
19,20
19,21
19,23
19,32
19,37
19,38
19,40
20,4
20,7
20,8
20,11
20,34
21,3
21,22
21,26
21,31
21,33
21,36
22,5
22,14
22,20
22,35
22,37
22,38
22,39
22,40
23,27
24,32
24,34
26,40
27,33
27,37
27,38
30,35
31,36
32,38
33,40
37,36
38,38
39,40
40,33
43,37
44,34
44,38
49,37
49,38
50,33
51,36
57,37
58,36
58,38
58,39
59,33
60,35
60,40
61,34
65,38
69,33
69,37
70,38
71,40
72,36
77,14
78,38
79,33
79,40
83,34
83,39
85,36
86,35
90,40
95,35
95,37
95,38
98,36
99,32
99,33
100,34
102,37
105,39
105,40
107,33
108,37
110,38
114,35
117,36
117,37
118,13
118,38
119,34
120,40
122,33
126,38
126,40
127,36
128,30
130,2
130,37
131,34
131,38
132,22
132,33
132,40
134,1
134,7
134,39
136,5
136,23
136,27
136,38
137,3
137,37
137,40
138,16
138,35
139,4
139,9
139,10
139,14
139,28
139,29
139,36
140,7
140,20
140,39
141,3
141,6
141,11
141,12
141,17
141,21
141,24
141,32
141,38
141,40
142,1
142,15
142,18
142,19
142,26
142,31
142,33
142,34
142,35
143,2
143,4
143,8
143,20
143,22
143,25
143,27
143,32
143,37
144,3
144,5
144,11
144,14
144,16
144,23
144,24
144,28
144,29
144,30
144,36
144,39
144,40
145,6
145,7
145,9
145,10
145,12
145,13
145,15
145,17
145,18
145,20
145,21
145,33
145,34
145,35
145,37
145,38
146,1
146,2
146,11
146,22
146,27
146,32
146,39
146,40
147,3
147,4
147,8
147,19
147,26
147,31
147,35
147,36
148,5
148,14
148,16
148,20
148,23
148,24
148,37
148,38
149,7
149,12
149,17
149,28
149,29
149,33
149,34
149,39
149,40
150,1
150,13
150,18
150,30
150,32
150,35
151,3
151,36
151,38
152,15
152,21
152,33
152,37
152,39
152,40
153,27
155,34
155,38
158,33
158,37
160,39
160,40
161,38
165,37
167,33
169,38
169,40
171,37
172,36
173,33
174,34
175,38
175,39
179,37
180,33
183,38
186,33
186,40
188,37
190,36
193,33
193,40
194,39
196,37
199,40
200,37
200,38
201,36
204,33
206,40
207,37
208,36
210,38
213,33
213,35
214,38
215,40
217,37
220,38
220,40
224,37
225,33
226,40
227,38
229,36
230,33
230,40
236,38
236,40
237,33
237,37
238,1
239,36
241,38
242,33
243,37
244,39
246,5
246,40
247,33
247,38
248,37
249,34
250,36
250,39
251,33
253,40
254,37
256,33
257,36
259,37
259,38
262,33
262,40
265,37
266,20
266,36
268,33
269,38
269,39
271,1
271,40
273,28
274,16
274,21
274,33
275,12
275,36
275,37
276,4
276,7
276,9
276,22
276,34
276,35
277,2
277,20
277,25
277,39
278,11
278,27
278,30
278,32
278,38
278,40
279,5
279,6
279,15
279,17
279,23
279,24
279,29
280,3
280,7
280,8
280,10
280,13
280,18
280,19
280,22
280,26
280,31
280,33
280,35
280,37
280,39
281,1
281,2
281,4
281,11
281,14
281,16
281,20
281,21
281,27
281,32
281,34
281,36
281,38
281,40
282,5
282,6
282,9
282,12
282,15
282,17
282,23
282,24
282,28
282,29
283,3
283,7
283,18
283,20
283,22
283,30
283,32
283,33
283,35
283,37
283,39
284,4
284,8
284,10
284,11
284,13
284,19
284,23
284,25
284,26
284,27
284,31
284,34
284,36
284,38
284,40
285,1
285,2
285,9
285,14
285,16
285,21
285,24
285,37
286,3
286,5
286,12
286,15
286,17
286,20
286,28
286,29
286,32
286,35
286,39
286,40
287,6
287,7
287,11
287,18
287,22
287,27
287,30
287,33
287,34
287,36
287,37
287,38
288,13
288,35
288,39
289,8
289,14
289,23
289,40
290,1
290,3
291,10
291,20
291,32
291,36
291,37
291,38
292,35
292,39
293,33
294,40
295,7
296,37
298,38
299,36
300,34
300,40
301,37
306,37
306,38
306,40
308,36
309,39
315,37
316,36
316,39
316,40
317,33
322,36
324,40
325,33
325,37
330,36
330,40
331,38
332,35
334,37
338,33
338,38
339,36
339,37
342,40
345,38
346,37
347,33
350,40
351,39
353,36
353,37
354,34
355,33
357,35
357,38
358,40
360,36
362,33
364,39
364,40
365,38
366,36
368,33
370,37
371,38
372,36
372,40
376,33
378,38
378,40
381,36
382,1
383,39
384,33
384,37
386,14
386,40
387,38
389,37
391,40
392,38
395,33
397,37
398,36
399,38
401,33
401,40
402,5
402,35
404,34
405,36
405,37
407,33
410,38
411,36
411,37
412,7
413,2
414,34
415,33
416,27
416,40
417,39
418,4
418,17
418,22
418,23
418,38
419,36
420,16
420,37
421,10
421,11
421,18
421,21
421,40
422,9
422,20
422,32
422,34
422,39
423,3
423,7
423,12
423,13
423,28
423,33
423,35
423,38
424,2
424,5
424,6
424,19
424,24
424,26
424,36
425,15
425,22
425,29
425,30
425,31
425,37
425,39
426,1
426,8
426,11
426,23
426,27
426,32
426,34
426,35
426,40
427,4
427,7
427,9
427,12
427,13
427,16
427,17
427,20
427,21
427,25
427,36
427,38
428,3
428,14
428,18
428,28
428,33
428,35
428,37
428,39
428,40
429,6
429,24
429,26
429,29
429,32
429,38
430,2
430,5
430,7
430,10
430,11
430,19
430,20
430,22
430,23
430,30
430,34
431,4
431,15
431,27
431,32
431,35
431,36
431,39
432,1
432,8
432,12
432,14
432,16
432,21
432,29
432,37
432,38
432,40
433,3
433,7
433,13
433,17
433,18
433,20
433,22
433,23
433,24
433,31
433,33
434,2
434,5
434,9
434,28
434,34
434,35
434,36
434,38
434,39
435,3
435,11
435,32
435,37
435,40
436,1
436,7
436,14
436,20
437,6
437,13
437,21
437,27
438,22
438,23
438,36
438,37
438,38
438,39
439,33
439,35
440,1
440,14
440,30
440,40
441,3
441,20
441,38
443,37
444,33
445,1
445,36
445,40
446,38
450,36
450,38
452,33
455,36
455,38
459,37
460,34
461,36
461,38
461,40
465,33
466,38
470,36
470,40
472,38
473,37
474,39
475,33
482,38
482,39
483,33
484,36
488,33
488,36
489,37
491,40
492,34
492,38
493,39
498,33
498,38
500,36
500,40
505,37
508,39
509,33
509,35
509,38
510,40
514,36
515,38
519,34
519,39
520,38
521,33
522,37
525,35
526,39
526,40
529,38
533,4
533,33
533,39
534,37
536,38
539,10
539,34
541,22
541,33
542,25
542,38
543,20
543,37
543,40
544,8
544,36
544,39
545,5
546,38
547,12
547,16
547,35
548,1
549,39
549,40
550,17
550,27
550,38
551,2
551,33
551,36
552,7
552,18
552,24
552,32
552,34
552,37
553,35
554,9
554,15
554,21
554,40
555,3
555,11
555,38
556,20
556,23
556,29
557,5
557,6
557,28
557,32
557,33
557,35
557,37
558,13
558,19
558,30
558,31
558,39
558,40
559,1
559,4
559,7
559,22
559,26
559,27
559,36
559,38
560,2
560,12
560,16
560,37
561,3
561,9
561,10
561,14
561,20
561,21
561,34
561,35
561,40
562,11
562,17
562,18
562,22
562,32
562,33
562,38
562,39
563,8
563,15
563,23
563,29
563,36
564,3
564,7
564,24
564,35
564,37
564,38
565,6
565,13
565,28
565,40
566,5
566,33
566,39
567,1
567,20
567,34
568,27
568,38
569,37
570,33
570,35
572,36
573,14
575,38
575,39
578,33
578,35
579,37
580,38
585,36
587,33
587,37
587,38
589,35
589,40
595,36
596,37
598,39
599,38
601,33
603,35
604,40
605,38
610,37
610,38
611,34
612,35
612,36
613,33
613,40
618,36
618,40
619,37
619,38
624,37
624,40
625,33
629,36
629,38
630,34
631,37
633,40
637,33
637,38
638,37
641,34
641,39
644,1
645,38
646,40
648,35
649,29
649,33
649,34
649,36
650,24
652,30
652,32
652,37
652,38
655,40
656,5
656,22
657,20
657,26
657,38
657,39
659,7
659,33
659,36
660,2
660,6
660,17
660,21
660,23
660,34
660,37
661,1
661,4
661,16
661,40
662,3
662,27
662,35
662,38
663,9
663,10
663,11
663,12
663,13
663,14
663,18
663,28
663,36
664,5
664,15
664,20
664,22
664,24
664,32
664,33
664,37
664,39
665,3
665,7
665,8
665,31
665,38
665,40
666,2
666,11
666,19
666,23
666,25
666,27
666,29
666,34
666,35
666,36
667,1
667,4
667,12
667,14
667,16
667,17
667,21
667,30
667,37
667,39
668,6
668,9
668,18
668,28
668,32
668,36
668,40
669,7
669,10
669,13
669,20
669,26
669,33
669,35
669,37
669,38
670,3
670,11
670,15
670,22
670,23
670,24
670,34
671,5
671,31
671,39
672,2
672,8
672,27
672,36
672,40
673,7
673,14
673,19
673,20
673,21
673,32
673,35
673,37
673,38
674,1
674,33
675,36
675,39
676,34
677,3
677,35
677,37
677,38
678,4
679,29
680,40
682,36
682,37
683,38
684,35
686,40
687,33
687,36
690,34
691,37
694,36
695,38
698,33
700,34
700,36
700,37
702,40
707,40
708,36
710,35
710,38
712,33
713,37
714,40
719,40
720,38
721,36
722,33
724,40
727,37
728,35
728,36
729,40
732,33
733,36
733,38
733,40
738,37
738,40
739,33
742,40
743,36
744,35
745,37
745,38
746,34
747,39
749,40
751,33
754,1
754,38
755,37
757,35
757,36
759,40
762,33
764,38
765,36
768,34
768,40
769,37
770,32
770,33
771,11
771,39
772,5
773,36
774,37
775,27
775,38
776,12
776,40
777,30
777,39
779,28
779,36
780,3
780,7
780,19
780,33
781,2
781,18
781,37
781,38
781,39
783,9
783,10
783,17
783,20
783,22
783,35
783,40
784,11
784,15
784,23
785,1
785,7
785,16
785,26
786,3
786,5
786,6
786,8
786,13
786,21
786,34
786,36
786,38
786,39
787,2
787,4
787,12
787,20
787,22
787,24
787,25
787,27
787,29
787,31
787,32
787,35
787,37
787,40
788,14
788,18
788,23
788,28
788,33
789,1
789,7
789,9
789,10
789,11
789,15
789,16
789,17
789,21
789,30
789,37
789,39
789,40
790,2
790,3
790,6
790,8
790,20
790,24
790,29
790,32
790,34
790,35
790,36
790,38
791,4
791,5
791,7
791,12
791,13
791,19
791,22
791,27
791,31
792,1
792,11
792,14
792,23
792,26
792,32
792,33
792,37
792,39
792,40
793,3
793,16
793,17
793,18
793,20
793,21
793,28
793,34
793,35
793,36
793,38
794,7
794,9
794,15
794,29
794,30
795,6
795,10
795,22
795,24
795,39
796,13
796,32
796,33
796,34
796,35
796,37
796,38
796,40
797,4
797,20
798,5
798,23
798,36
800,7
800,39
800,40
801,37
802,33
802,36
803,3
803,35
803,38
804,40
808,36
808,40
812,39
813,37
813,40
818,36
818,40
820,38
821,37
823,33
825,39
829,37
831,36
832,38
833,33
834,40
835,34
837,37
839,40
840,38
845,35
845,40
846,33
846,37
851,36
851,40
854,39
855,33
855,38
856,37
857,40
863,37
864,33
864,40
865,34
866,36
867,38
872,40
873,33
873,37
875,36
875,39
879,37
881,35
882,38
882,40
884,39
886,36
887,13
888,33
889,37
890,36
891,39
891,40
893,26
896,36
897,33
898,37
899,39
900,38
901,22
902,40
903,19
905,36
905,37
906,5
906,40
907,7
907,39
908,2
908,34
908,38
910,1
910,35
911,27
912,4
912,11
912,33
912,37
913,3
913,39
914,16
914,18
914,24
914,29
914,32
914,40
915,8
915,36
916,6
916,9
916,12
916,20
916,23
916,35
917,3
917,7
917,10
917,14
917,15
917,21
917,28
917,30
917,34
917,37
917,38
917,39
917,40
918,2
918,11
918,17
918,31
918,32
918,33
919,1
919,5
919,22
919,25
919,27
919,29
919,35
920,4
920,7
920,9
920,12
920,13
920,18
920,20
920,24
920,36
920,38
920,39
920,40
921,8
921,15
921,16
921,23
921,26
921,28
921,32
921,37
922,2
922,3
922,6
922,10
922,14
922,19
922,21
922,30
922,33
922,34
922,35
922,40
923,1
923,11
923,17
923,20
923,22
923,27
923,29
923,31
923,38
923,39
924,5
924,7
924,13
924,23
924,32
924,36
924,37
925,12
925,16
925,24
925,35
926,3
926,4
926,9
926,14
926,18
926,33
926,38
926,39
926,40
927,15
927,20
927,34
927,36
928,1
928,11
928,28
928,37
929,21
930,33
930,39
931,35
931,40
933,36
937,33
938,36
938,39
939,40
943,36
943,38
945,33
947,39
948,36
952,40
953,36
955,33
956,37
956,38
957,40
958,36
963,40
964,36
965,33
965,38
965,39
967,37
971,36
972,38
972,40
974,39
976,36
977,37
977,38
981,36
982,38
983,39
985,37
985,40
986,33
987,36
989,38
990,34
992,33
993,36
993,37
994,38
996,39
997,33
999,37
999,38
1002,40
1004,38
1005,33
1005,36
1005,37
1011,38
1012,34
1013,33
1013,40
1014,36
1015,35
1019,36
1019,40
1020,38
1021,39
1022,37
1024,33
1025,35
1026,40
1027,7
1029,36
1030,1
1031,2
1031,5
1031,38
1031,40
1032,14
1033,26
1033,37
1034,4
1034,27
1034,33
1034,34
1035,12
1035,16
1035,17
1035,20
1035,23
1035,32
1035,39
1036,1
1036,15
1036,18
1036,35
1036,36
1037,3
1037,9
1037,10
1037,11
1037,21
1037,22
1037,24
1037,29
1037,30
1037,37
1037,38
1037,40
1038,2
1038,6
1038,13
1038,19
1038,20
1038,34
1038,39
1039,5
1039,7
1039,8
1039,12
1039,27
1039,28
1039,31
1039,32
1039,33
1039,35
1039,36
1040,1
1040,3
1040,4
1040,11
1040,17
1040,22
1040,23
1040,25
1040,37
1040,40
1041,9
1041,14
1041,15
1041,16
1041,21
1041,29
1041,30
1041,38
1041,39
1042,2
1042,7
1042,18
1042,20
1042,24
1042,26
1042,27
1042,32
1042,34
1042,35
1042,36
1042,40
1043,3
1043,6
1043,8
1043,10
1043,13
1043,22
1043,23
1043,33
1043,37
1043,38
1044,1
1044,5
1044,11
1044,12
1044,19
1044,28
1044,39
1045,4
1045,14
1045,31
1045,32
1045,35
1045,36
1045,40
1046,20
1046,29
1046,37
1046,38
1046,39
1047,3
1047,7
1047,16
1047,17
1047,18
1047,22
1047,24
1047,34
1048,21
1048,33
1049,38
1049,39
1049,40
1050,20
1050,34
1050,35
1050,36
1051,7
1052,32
1054,37
1054,39
1055,33
1056,40
1057,38
1061,36
1062,33
1062,38
1062,39
1062,40
1069,38
1069,39
1070,36
1074,33
1076,38
1079,39
1081,40
1082,38
1083,36
1087,33
1087,34
1091,37
1094,39
1095,40
1096,33
1097,38
1101,36
1103,37
1104,34
1104,38
1106,33
1108,40
1111,38
1112,33
1113,36
1118,33
1118,34
1118,39
1119,35
1119,38
1121,36
1126,40
1127,36
1127,37
1127,38
1128,33
1128,35
1135,33
1135,37
1138,7
1139,38
1140,5
1140,36
1140,39
1142,14
1142,37
1143,32
1143,40
1145,2
1145,26
1145,33
1145,34
1145,38
1145,39
1146,28
1146,35
1147,37
1149,10
1149,36
1150,27
1152,39
1153,23
1154,11
1154,24
1154,38
1154,40
1155,13
1156,15
1156,33
1156,35
1156,36
1156,37
1157,1
1157,7
1158,3
1158,12
1158,20
1158,30
1158,39
1159,6
1159,19
1159,40
1160,4
1160,8
1160,16
1160,37
1160,38
1161,1
1161,9
1161,17
1161,18
1161,21
1161,31
1161,33
1161,35
1161,36
1162,3
1162,5
1162,22
1162,29
1162,40
1163,23
1163,32
1163,34
1163,39
1164,7
1164,11
1164,20
1164,27
1164,36
1164,37
1164,38
1165,14
1165,15
1165,25
1165,35
1165,40
1166,2
1166,6
1166,13
1166,21
1166,33
1167,28
1168,12
1168,29
1168,32
1168,35
1168,36
1168,37
1168,39
1169,4
1169,26
1170,1
1170,7
1170,16
1170,22
1170,38
1170,40
1171,3
1171,10
1171,20
1171,34
1172,24
1172,35
1173,33
1174,39
1175,18
1175,36
1175,40
1176,5
1176,37
1176,38
1180,40
1182,39
1183,33
1183,37
1184,38
1190,37
1191,40
1195,38
1195,40
1197,36
1197,37
1199,40
1204,37
1204,40
1206,36
1206,38
1208,33
1208,35
1211,37
1212,36
1212,40
1218,40
1219,36
1219,38
1219,39
1220,33
1220,34
1221,37
1225,37
1227,36
1227,40
1230,38
1234,37
1235,36
1237,33
1237,40
1240,7
1240,38
1242,37
1243,30
1243,39
1244,27
1246,22
1246,34
1246,35
1247,36
1247,37
1247,39
1248,33
1248,38
1249,7
1249,14
1249,40
1250,32
1251,8
1253,33
1254,5
1254,9
1254,29
1254,35
1254,38
1254,40
1255,2
1255,4
1255,17
1255,20
1255,25
1255,37
1255,39
1256,14
1256,19
1256,23
1256,36
1257,1
1257,21
1258,15
1258,16
1258,18
1258,32
1258,38
1258,40
1259,3
1259,5
1259,6
1259,10
1259,11
1259,12
1259,13
1259,20
1259,26
1259,27
1259,28
1259,34
1259,35
1259,37
1259,39
1260,22
1260,24
1260,33
1260,36
1261,2
1261,7
1261,9
1261,17
1261,31
1261,32
1261,35
1261,38
1261,39
1261,40
1262,3
1262,4
1262,8
1262,11
1262,14
1262,18
1262,21
1262,23
1262,29
1262,37
1263,20
1264,1
1264,7
1264,12
1264,15
1264,16
1264,27
1264,30
1264,32
1264,33
1264,35
1264,38
1264,39
1264,40
1265,2
1265,3
1265,5
1265,13
1265,19
1265,22
1265,26
1265,28
1265,34
1265,36
1265,37
1266,9
1266,10
1266,23
1266,24
1267,6
1267,20
1267,21
1267,35
1267,39
1267,40
1268,7
1268,11
1268,17
1268,29
1268,31
1268,32
1268,33
1268,38
1269,1
1269,13
1269,14
1269,36
1269,37
1270,22
1271,7
1271,8
1271,16
1271,34
1271,35
1271,38
1271,40
1272,3
1272,4
1272,39
1273,20
1273,24
1273,33
1274,32
1275,36
1276,38
1276,40
1278,35
1278,37
1278,39
1281,33
1285,38
1286,33
1288,36
1288,40
1292,33
1293,37
1293,38
1293,40
1295,34
1299,33
1299,38
1301,40
1304,34
1304,36
1305,33
1306,40
1307,38
1312,40
1313,33
1313,36
1313,38
1320,38
1321,39
1321,40
1323,33
1324,37
1325,36
1326,38
1329,33
1333,34
1333,36
1333,37
1333,38
1334,33
1338,33
1339,40
1340,36
1340,38
1343,33
1345,38
1345,39
1347,40
1348,37
1349,33
1349,34
1352,38
1357,34
1357,40
1358,33
1358,36
1359,39
1360,35
1366,5
1366,36
1366,37
1366,38
1367,34
1367,40
1368,35
1369,33
1370,39
1371,13
1374,12
1374,36
1375,38
1376,37
1376,39
1377,40
1378,34
1379,35
1380,7
1382,10
1382,33
1384,1
1384,38
1385,36
1385,40
1386,2
1386,14
1387,18
1387,22
1387,26
1387,30
1387,32
1387,35
1388,27
1388,33
1388,37
1389,15
1389,20
1389,23
1389,28
1389,31
1389,38
1389,39
1390,3
1390,4
1390,8
1390,9
1390,14
1390,16
1390,17
1390,21
1390,29
1390,34
1391,6
1391,7
1391,11
1391,19
1391,22
1391,24
1391,32
1391,40
1392,1
1392,2
1392,3
1392,5
1392,10
1392,12
1392,13
1392,20
1392,23
1392,25
1392,33
1392,35
1392,36
1392,37
1392,38
1392,39
1393,4
1393,14
1393,15
1393,16
1393,17
1393,18
1393,26
1393,27
1393,29
1393,31
1393,34
1394,7
1394,9
1394,21
1394,28
1394,30
1394,32
1394,35
1394,39
1394,40
1395,1
1395,6
1395,8
1395,11
1395,13
1395,20
1395,22
1395,24
1395,34
1395,37
1395,38
1396,2
1396,3
1396,5
1396,12
1396,14
1396,19
1396,23
1396,29
1396,33
1396,36
1397,10
1397,16
1397,17
1397,27
1397,32
1397,35
1397,39
1397,40
1398,4
1398,7
1398,15
1398,20
1398,26
1398,37
1398,38
1399,1
1399,18
1399,30
1399,33
1399,34
1399,36
1400,9
1400,11
1400,21
1400,22
1400,40
1401,35
1401,38
1401,39
1402,3
1402,33
1402,36
1402,37
1405,24
1407,36
1407,38
1407,40
1408,33
1411,36
1416,36
1416,38
1417,39
1417,40
1419,33
1422,36
1422,38
1426,36
1426,38
1429,33
1430,39
1431,36
1431,38
1434,40
1435,38
1437,36
1438,38
1439,33
1442,38
1444,36
1445,37
1446,38
1451,38
1452,40
1454,34
1455,33
1455,37
1458,36
1460,38
1463,36
1465,38
1465,39
1466,33
1469,34
1470,37
1471,7
1471,33
1472,38
1475,36
1475,39
1478,33
1478,40
1479,38
1480,37
1483,33
1485,36
1485,38
1486,5
1486,39
1487,33
1489,37
1490,38
1492,33
1492,40
1497,36
1498,33
1499,1
1499,37
1499,38
1499,40
1500,39
1503,34
1504,27
1504,38
1505,37
1506,40
1507,36
1508,35
1508,38
1509,33
1511,40
1512,37
1515,38
1515,40
1518,36
1519,33
1519,37
1520,40
1521,38
1522,12
1522,30
1524,40
1525,2
1525,33
1525,38
1526,36
1526,39
1528,11
1528,15
1528,28
1530,3
1531,7
1531,21
1531,31
1531,34
1531,35
1531,38
1531,40
1532,4
1532,13
1532,19
1532,20
1532,23
1532,24
1532,25
1532,26
1532,39
1533,9
1533,17
1533,32
1533,33
1533,37
1534,1
1534,3
1534,6
1534,8
1534,10
1534,11
1534,16
1534,18
1534,22
1534,27
1534,29
1534,35
1534,36
1534,39
1535,5
1535,13
1535,20
1535,21
1535,23
1535,24
1535,30
1535,38
1535,40
1536,2
1536,6
1536,7
1536,12
1536,14
1536,15
1536,19
1536,28
1536,32
1536,34
1536,35
1536,37
1536,39
1537,1
1537,3
1537,4
1537,8
1537,9
1537,11
1537,16
1537,18
1537,22
1537,26
1537,27
1537,33
1537,36
1538,10
1538,17
1538,20
1538,23
1538,29
1538,31
1538,35
1538,38
1538,40
1539,3
1539,5
1539,7
1539,21
1539,24
1539,32
1539,34
1539,37
1539,39
1540,1
1540,2
1540,11
1540,13
1540,14
1540,15
1540,22
1540,33
1540,36
1541,6
1541,12
1541,16
1541,18
1541,25
1541,27
1541,35
1541,38
1541,40
1542,7
1542,9
1542,20
1542,28
1542,30
1542,37
1542,39
1543,4
1543,32
1543,33
1543,34
1543,36
1544,5
1544,8
1544,29
1544,40
1545,1
1545,22
1545,37
1545,38
1546,3
1546,35
1547,33
1547,39
1548,14
1549,37
1549,40
1554,33
1554,37
1555,40
1557,39
1559,36
1559,37
1562,33
1564,38
1565,40
1566,37
1570,33
1570,38
1572,37
1574,33
1574,40
1577,37
1578,33
1580,38
1581,37
1584,33
1584,36
1586,37
1586,38
1588,40
1591,33
1591,37
1596,36
1596,37
1597,40
1598,33
1599,38
1601,34
1603,33
1606,36
1608,37
1609,33
1609,40
1610,39
1613,38
1615,33
1618,37
1620,33
1622,36
1624,33
1625,38
1625,39
1630,33
1630,34
1630,40
1631,39
1634,37
1635,35
1635,38
1636,36
1637,33
1637,39
1642,33
1642,36
1642,40
1645,37
1646,38
1647,33
1647,39
1647,40
1648,5
1648,36
1653,33
1653,39
1654,36
1654,37
1654,40
1657,38
1659,7
1660,40
1662,2
1662,28
1662,33
1662,36
1662,38
1663,32
1664,34
1664,35
1665,12
1665,37
1665,39
1666,1
1666,17
1666,22
1667,38
1668,20
1668,33
1668,40
1669,4
1669,7
1670,13
1670,15
1670,36
1670,37
1671,21
1671,27
1672,1
1672,3
1672,9
1672,16
1672,18
1672,24
1672,35
1673,5
1673,7
1673,11
1673,19
1673,22
1673,26
1673,30
1673,34
1673,38
1673,40
1674,4
1674,6
1674,8
1674,10
1674,14
1674,20
1674,23
1674,29
1674,32
1674,33
1674,37
1674,39
1675,2
1675,3
1675,13
1675,16
1675,27
1675,28
1675,31
1675,35
1675,36
1676,1
1676,7
1676,9
1676,12
1676,15
1676,17
1676,18
1676,21
1676,24
1676,25
1676,38
1676,39
1676,40
1677,5
1677,11
1677,14
1677,20
1677,22
1677,23
1677,32
1677,34
1677,37
1678,3
1678,6
1678,8
1678,13
1678,19
1678,26
1678,27
1678,29
1678,30
1678,33
1678,35
1678,36
1678,38
1679,4
1679,10
1679,39
1679,40
1680,1
1680,2
1680,7
1680,12
1680,16
1680,20
1680,23
1680,31
1680,32
1680,37
1681,17
1681,18
1681,21
1681,24
1681,28
1681,33
1681,35
1681,36
1682,9
1682,14
1682,15
1682,22
1682,34
1682,37
1682,38
1682,39
1682,40
1683,1
1683,7
1683,11
1683,20
1684,3
1684,5
1684,32
1685,35
1685,37
1686,33
1686,36
1686,39
1686,40
1687,1
1687,20
1687,23
1687,29
1688,7
1688,38
1690,36
1690,37
1690,40
1691,33
1692,35
1697,36
1697,37
1697,38
1700,40
1702,33
1702,39
1704,35
1704,38
1705,37
1710,37
1710,39
1711,38
1713,40
1714,33
1716,39
1717,37
1719,36
1719,38
1721,40
1723,39
1725,38
1726,36
1728,33
1728,34
1729,37
1729,39
1734,33
1735,36
1735,40
1736,39
1737,38
1739,37
1740,36
1742,34
1742,38
1746,33
1747,36
1748,37
1749,38
1750,40
1753,33
1754,36
1755,38
1755,39
1757,40
1759,38
1762,36
1763,40
1764,38
1766,3
1766,33
1767,35
1770,38
1770,39
1770,40
1772,1
1772,33
1776,36
1776,37
1778,2
1778,38
1780,40
1781,33
1781,39
1782,36
1783,5
1786,37
1786,38
1787,16
1787,40
1788,34
1788,36
1789,39
1790,30
1791,33
1792,10
1792,40
1793,36
1794,37
1794,39
1795,35
1796,38
1797,15
1798,11
1800,36
1800,40
1802,4
1802,28
1802,37
1802,39
1803,12
1803,19
1803,20
1803,32
1804,7
1804,8
1804,33
1804,35
1805,22
1805,26
1805,27
1806,3
1806,6
1806,9
1806,17
1806,18
1806,23
1806,37
1806,38
1806,39
1806,40
1807,1
1807,2
1807,13
1807,16
1807,20
1807,21
1807,29
1807,31
1807,32
1807,36
1808,5
1808,11
1808,14
1808,34
1808,35
1809,4
1809,7
1809,12
1809,15
1809,20
1809,22
1809,24
1809,25
1809,27
1809,28
1809,30
1809,33
1809,37
1809,38
1809,39
1809,40
1810,1
1810,3
1810,6
1810,9
1810,10
1810,13
1810,18
1810,21
1810,29
1810,32
1810,36
1811,8
1811,17
1811,23
1811,26
1811,35
1811,37
1811,38
1811,40
1812,2
1812,5
1812,7
1812,11
1812,15
1812,16
1812,19
1812,20
1812,22
1812,27
1812,31
1812,32
1812,34
1812,39
1813,1
1813,3
1813,12
1813,14
1813,24
1813,28
1813,30
1813,33
1814,4
1814,7
1814,9
1814,13
1814,18
1814,20
1814,21
1814,29
1814,32
1814,35
1814,36
1814,37
1814,38
1814,39
1814,40
1815,2
1815,6
1815,11
1815,16
1815,17
1815,22
1815,23
1815,34
1816,1
1816,3
1816,5
1816,10
1816,27
1817,7
1817,8
1817,24
1817,25
1817,31
1817,32
1817,33
1817,35
1817,38
1817,40
1818,14
1818,20
1818,36
1818,37
1818,39
1819,34
1820,12
1820,26
1821,11
1821,40
1822,29
1822,33
1823,37
1823,39
1825,36
1826,35
1828,38
1831,36
1831,40
1834,33
1836,39
1837,36
1838,37
1841,33
1842,36
1846,40
1847,36
1847,39
1848,33
1851,38
1853,33
1853,37
1857,34
1857,36
1860,33
1860,40
1865,36
1865,37
1867,33
1867,40
1872,38
1873,33
1874,36
1874,37
1876,39
1877,34
1879,33
1885,33
1885,36
1885,39
1888,34
1888,37
1888,38
1893,39
1895,40
1896,33
1896,35
1896,37
1901,38
1902,36
1903,33
1903,39
1904,40
1909,38
1909,39
1910,40
1912,36
1913,33
1917,38
1919,37
1920,34
1920,39
1921,33
1921,40
1922,4
1922,38
1924,32
1927,35
1927,37
1928,38
1928,39
1928,40
1929,22
1929,34
1930,25
1930,33
1931,5
1931,17
1931,23
1933,7
1933,40
1934,2
1934,10
1934,11
1934,21
1934,37
1934,38
1935,9
1935,12
1935,13
1935,24
1935,35
1935,36
1936,1
1936,3
1936,15
1936,18
1936,20
1936,27
1936,30
1936,32
1936,34
1936,39
1937,7
1937,16
1937,19
1937,28
1937,33
1937,37
1938,6
1938,8
1938,22
1938,23
1938,26
1938,29
1938,35
1938,36
1938,38
1938,39
1938,40
1939,4
1939,5
1939,9
1939,11
1939,14
1939,17
1939,20
1939,31
1940,1
1940,2
1940,3
1940,18
1940,21
1940,27
1940,32
1941,12
1941,16
1941,24
1941,33
1941,34
1941,35
1941,36
1941,37
1941,38
1941,39
1941,40
1942,4
1942,6
1942,7
1942,10
1942,11
1942,13
1942,14
1942,15
1942,19
1942,20
1942,23
1942,28
1942,29
1943,8
1943,22
1943,30
1943,32
1944,1
1944,3
1944,4
1944,5
1944,7
1944,9
1944,16
1944,17
1944,20
1944,23
1944,26
1944,29
1944,31
1944,35
1944,36
1944,37
1944,38
1944,39
1944,40
1945,2
1945,10
1945,11
1945,12
1945,13
1945,14
1945,18
1945,19
1945,21
1945,24
1945,25
1945,27
1945,28
1945,33
1945,34
1946,6
1946,15
1946,22
1946,32
1946,35
1946,39
1946,40
1947,1
1947,3
1947,7
1947,20
1947,30
1947,36
1947,37
1947,38
1948,8
1948,16
1948,23
1948,24
1948,29
1948,31
1949,5
1949,11
1949,13
1949,33
1950,1
1950,9
1950,14
1950,34
1950,35
1950,37
1950,38
1950,39
1950,40
1951,20
1951,36
1952,2
1952,27
1956,40
1957,37
1960,40
1962,33
1962,36
1963,38
1964,37
1966,40
1969,37
1973,38
1974,33
1974,40
1975,37
1982,33
1982,37
1982,38
1982,40
1983,36
1990,33
1991,40
1992,37
1993,36
1996,38
1999,33
2002,34
2004,37
2004,39
2004,40
2005,36
2007,38
2008,33
2012,40
2013,38
2014,37
2016,36
2020,38
2020,40
2021,33
2023,37
2028,38
2029,35
2032,37
2033,39
2035,36
2036,33
2038,40
2039,34
2039,38
2043,33
2044,37
2045,36
2051,5
2051,33
2051,40
2052,36
2053,1
2054,38
2055,35
2055,37
2056,39
2062,34
2062,36
2062,39
2065,12
2065,24
2066,33
2067,38
2067,40
2069,36
2070,14
2070,37
2070,39
2073,3
2073,38
2075,33
2076,32
2077,1
2077,37
2078,25
2078,28
2079,13
2079,17
2079,38
2079,39
2080,7
2080,8
2080,20
2080,36
2081,5
2081,9
2081,22
2081,23
2081,27
2081,29
2081,30
2081,35
2081,40
2082,2
2082,4
2082,6
2082,15
2082,19
2082,21
2082,37
2082,38
2082,39
2083,3
2083,10
2083,11
2083,14
2083,16
2083,18
2083,26
2083,32
2083,33
2083,34
2083,36
2084,1
2084,7
2084,12
2084,20
2084,22
2084,28
2084,35
2084,40
2085,17
2085,23
2085,31
2085,37
2085,38
2085,39
2086,2
2086,3
2086,5
2086,8
2086,9
2086,11
2086,13
2086,14
2086,24
2086,29
2086,32
2086,33
2087,4
2087,15
2087,18
2087,21
2087,27
2087,30
2087,35
2087,40
2088,1
2088,3
2088,7
2088,14
2088,16
2088,20
2088,29
2088,32
2088,34
2088,36
2088,37
2088,38
2088,39
2089,6
2089,10
2089,11
2089,22
2089,23
2089,26
2089,33
2090,9
2090,12
2090,17
2090,19
2090,25
2090,35
2090,40
2091,2
2091,20
2091,28
2091,37
2091,38
2091,39
2092,5
2092,7
2092,13
2092,24
2092,31
2092,32
2092,36
2093,16
2093,34
2094,1
2094,4
2094,14
2094,15
2094,18
2094,22
2094,27
2094,33
2094,37
2094,39
2094,40
2095,7
2095,21
2095,35
2095,38
2096,32
2096,36
2096,37
2098,8
2099,3
2099,37
2099,38
2100,40
2101,20
2101,33
2101,39
2103,37
2104,36
2106,35
2106,38
2106,40
2108,37
2109,33
2109,36
2111,40
2112,38
2114,37
2115,36
2115,40
2118,33
2118,38
2120,40
2121,36
2121,37
2126,38
2127,40
2130,36
2131,33
2132,34
2132,37
2132,40
2138,40
2139,35
2139,36
2139,37
2141,38
2144,37
2144,40
2149,37
2150,39
2150,40
2151,33
2154,7
2154,35
2155,40
2156,38
2157,33
2157,36
2157,37
2160,40
2163,33
2164,38
2165,40
2166,37
2171,33
2171,38
2171,40
2172,37
2178,40
2179,33
2179,36
2179,37
2179,38
2184,33
2185,37
2185,38
2186,36
2186,40
2191,33
2192,22
2192,40
2193,34
2193,37
2194,39
2195,1
2195,36
2195,38
2197,33
2197,40
2200,5
2201,12
2202,37
2203,36
2203,40
2204,35
2204,38
2205,17
2205,30
2205,33
2205,34
2205,39
2206,27
2209,3
2209,21
2209,32
2210,2
2210,11
2210,36
2211,7
2211,16
2211,24
2211,33
2211,37
2211,38
2211,40
2212,6
2212,9
2212,10
2212,13
2212,20
2212,26
2212,35
2212,39
2213,15
2213,28
2213,29
2213,31
2213,32
2214,1
2214,4
2214,14
2214,18
2214,22
2214,23
2214,25
2214,34
2215,3
2215,5
2215,8
2215,12
2215,19
2215,20
2215,27
2215,33
2215,35
2215,36
2215,37
2215,38
2215,39
2215,40
2216,2
2216,7
2216,9
2216,11
2216,13
2216,16
2216,17
2216,21
2216,24
2217,10
2217,23
2217,26
2217,29
2217,30
2217,32
2218,1
2218,6
2218,7
2218,15
2218,18
2218,20
2218,22
2218,34
2218,35
2218,36
2218,37
2218,39
2218,40
2219,3
2219,4
2219,11
2219,13
2219,14
2219,19
2219,24
2219,25
2219,27
2219,28
2219,31
2219,33
2219,38
2220,2
2220,5
2220,12
2220,16
2220,21
2220,23
2220,32
2221,8
2221,9
2221,20
2221,35
2221,37
2221,39
2221,40
2222,1
2222,3
2222,4
2222,7
2222,11
2222,13
2222,17
2222,18
2222,24
2222,29
2222,30
2222,33
2222,34
2222,36
2222,38
2223,6
2223,14
2223,22
2223,27
2223,32
2224,36
2224,39
2224,40
2225,1
2225,3
2225,10
2225,20
2225,23
2225,26
2225,28
2225,33
2225,34
2225,35
2225,37
2225,38
2226,5
2226,7
2227,14
2229,35
2229,38
2230,33
2230,39
2231,1
2232,36
2236,38
2238,33
2241,36
2241,38
2243,34
2247,38
2249,36
2250,40
2251,33
2254,34
2255,37
2255,38
2257,33
2261,34
2262,36
2262,38
2263,33
2264,40
2265,37
2270,37
2271,40
2272,33
2274,36
2275,37
2281,33
2281,38
2282,34
2282,40
2283,37
2285,36
2288,33
2288,40
2289,36
2292,37
2295,36
2295,38
2295,40
2299,37
2299,39
2300,33
2300,36
2306,36
2306,37
2306,38
2308,33
2309,39
2311,40
2312,37
2313,36
2317,35
2317,36
2317,40
2321,33
2322,37
2323,36
2323,40
2328,36
2329,33
2329,34
2331,38
2331,39
2332,7
2332,37
2332,40
2333,3
2333,36
2334,1
2334,35
2337,36
2338,40
2339,38
2340,33
2340,39
2341,15
2343,5
2344,36
2345,18
2345,37
2346,35
2346,38
2346,39
2347,8
2347,12
2347,16
2347,32
2348,7
2348,40
2349,17
2349,28
2349,34
2350,2
2350,13
2350,14
2350,33
2350,38
2351,3
2351,10
2351,11
2351,20
2351,27
2351,35
2351,36
2351,39
2352,4
2352,9
2352,21
2352,23
2352,24
2352,31
2352,32
2353,6
2353,19
2353,22
2353,25
2353,26
2353,30
2353,37
2354,1
2354,3
2354,7
2354,11
2354,12
2354,18
2354,29
2354,35
2354,39
2354,40
2355,2
2355,5
2355,8
2355,14
2355,15
2355,16
2355,17
2355,20
2355,21
2355,23
2355,24
2355,27
2355,28
2355,32
2355,34
2355,36
2355,38
2356,4
2356,9
2356,10
2356,13
2356,22
2356,33
2356,35
2356,37
2356,39
2357,1
2357,3
2357,6
2357,7
2357,11
2357,20
2357,27
2357,29
2357,31
2357,32
2357,38
2357,40
2358,2
2358,5
2358,12
2358,14
2358,17
2358,19
2358,24
2358,26
2358,30
2358,34
2358,36
2359,1
2359,16
2359,18
2359,21
2359,23
2359,28
2359,32
2359,35
2359,37
2359,39
2359,40
2360,3
2360,4
2360,7
2360,15
2360,20
2360,22
2360,25
2360,29
2360,33
2360,38
2361,6
2361,8
2361,9
2361,11
2361,24
2361,27
2361,31
2361,34
2361,36
2362,13
2362,35
2362,37
2362,39
2362,40
2363,5
2363,10
2363,20
2363,23
2363,33
2363,38
2364,1
2364,7
2365,14
2365,36
2366,32
2366,38
2367,33
2367,39
2369,22
2369,35
2370,36
2370,37
2371,38
2371,40
2373,33
2376,36
2377,33
2377,38
2381,33
2381,37
2381,40
2382,39
2383,38
2386,36
2388,33
2389,40
2392,38
2393,36
2394,37
2395,33
2396,40
2399,38
2401,34
2401,40
2402,36
2403,37
2404,33
2406,38
2407,40
2412,33
2414,36
2414,38
2416,37
2416,40
2417,39
2419,38
2422,37
2425,38
2426,39
2426,40
2427,33
2430,36
2430,37
2432,38
2433,40
2434,33
2437,38
2440,37
2441,38
2441,40
2444,38
2448,33
2448,34
2448,38
2449,36
2452,38
2453,33
2454,40
2455,34
2455,38
2458,36
2459,38
2461,33
2462,38
2463,36
2463,39
2463,40
2464,34
2464,37
2467,38
2469,40
2470,36
2472,38
2473,33
2476,5
2476,36
2476,40
2480,33
2480,35
2480,38
2481,36
2481,37
2482,39
2487,2
2487,4
2487,38
2488,33
2489,37
2489,39
2490,24
2491,13
2491,17
2491,22
2492,16
2492,18
2492,21
2492,34
2492,38
2493,7
2493,32
2493,40
2494,3
2494,11
2494,12
2494,14
2494,19
2494,20
2494,27
2494,33
2494,36
2494,37
2495,6
2495,9
2495,22
2495,23
2495,35
2495,38
2496,5
2496,8
2496,10
2496,15
2496,25
2496,26
2496,28
2496,30
2496,39
2497,1
2497,2
2497,13
2497,16
2497,29
2497,32
2497,36
2497,37
2497,40
2498,3
2498,7
2498,11
2498,14
2498,17
2498,18
2498,20
2498,21
2498,22
2498,23
2498,24
2498,27
2498,31
2498,33
2498,34
2498,35
2498,38
2498,39
2499,4
2499,9
2499,10
2499,12
2499,37
2499,40
2500,3
2500,5
2500,6
2500,8
2500,15
2500,28
2500,30
2500,32
2501,1
2501,2
2501,7
2501,11
2501,13
2501,19
2501,20
2501,24
2501,26
2501,29
2501,35
2501,36
2501,38
2501,39
2502,14
2502,16
2502,17
2502,18
2502,21
2502,22
2502,23
2502,27
2502,32
2502,33
2502,34
2502,37
2502,40
2503,3
2503,4
2503,9
2503,20
2503,25
2503,31
2503,35
2503,39
2504,5
2504,7
2504,12
2504,28
2504,36
2504,37
2504,38
2505,1
2505,15
2505,40
2506,10
2506,13
2506,24
2506,29
2506,32
2506,33
2506,39
2507,2
2507,6
2507,11
2507,35
2507,38
2508,34
2508,36
2508,37
2509,39
2510,40
2512,22
2513,36
2515,35
2516,38
2516,40
2517,33
2518,36
2521,37
2521,38
2521,39
2524,36
2527,38
2528,33
2530,36
2530,37
2530,40
2534,35
2534,38
2536,40
2538,36
2541,34
2541,40
2542,35
2542,39
2543,37
2543,38
2544,33
2549,33
2549,37
2551,40
2555,33
2556,36
2557,37
2558,35
2559,40
2561,34
2562,39
2563,37
2564,38
2566,33
2569,40
2570,37
2572,36
2574,40
2575,39
2576,33
2577,38
2579,40
2580,37
2582,33
2583,40
2587,33
2587,37
2588,35
2588,36
2588,40
2590,38
2592,33
2593,40
2594,39
2596,33
2600,33
2600,37
2600,40
2603,36
2604,1
2604,33
2606,35
2608,33
2609,34
2610,36
2610,38
2610,39
2610,40
2615,33
2615,38
2618,36
2620,1
2620,37
2620,38
2621,34
2622,33
2624,36
2624,40
2625,22
2625,35
2628,37
2628,38
2629,13
2629,36
2630,40
2631,5
2631,6
2631,12
2632,8
2633,3
2633,33
2633,35
2633,36
2633,37
2633,38
2634,4
2634,11
2634,16
2634,28
2634,30
2635,1
2635,2
2635,7
2635,18
2635,21
2635,27
2635,34
2635,39
2636,9
2636,14
2636,17
2636,29
2636,32
2636,40
2637,10
2637,11
2637,15
2637,20
2637,23
2637,24
2637,26
2637,31
2637,35
2637,36
2637,37
2637,38
2638,3
2638,4
2638,5
2638,7
2638,13
2638,16
2638,19
2638,22
2638,25
2638,33
2638,39
2639,2
2639,12
2639,14
2639,27
2639,28
2639,29
2639,32
2639,34
2639,40
2640,1
2640,6
2640,8
2640,9
2640,18
2640,20
2640,21
2640,30
2640,35
2640,36
2640,37
2640,39
2641,3
2641,7
2641,15
2641,17
2641,22
2641,23
2641,24
2641,38
2641,40
2642,5
2642,10
2642,11
2642,13
2642,26
2642,31
2642,32
2642,33
2643,16
2643,20
2643,27
2643,35
2643,36
2643,37
2643,38
2643,39
2643,40
2644,1
2644,2
2644,3
2644,4
2644,7
2644,14
2644,21
2644,29
2644,34
2645,12
2645,19
2645,22
2645,28
2646,32
2646,33
2646,35
2646,39
2646,40
2647,1
2647,18
2647,20
2647,23
2647,24
2647,36
2647,37
2647,38
2648,9
2648,14
2649,7
2649,17
2649,34
2650,3
2650,37
2650,38
2650,39
2650,40
2652,36
2656,38
2657,39
2657,40
2658,36
2658,37
2662,38
2662,40
2665,33
2666,37
2668,36
2670,40
2672,37
2672,38
2674,33
2676,40
2678,36
2679,37
2680,38
2682,40
2685,36
2686,33
2688,37
2688,38
2690,40
2693,34
2694,38
2695,40
2696,36
2697,33
2697,35
2701,40
2702,39
2703,33
2705,36
2705,37
2706,40
2707,38
2710,35
2711,33
2711,40
2714,38
2717,36
2718,33
2718,38
2719,35
2720,37
2720,40
2722,34
2723,36
2726,38
2727,40
2729,33
2730,36
2732,40
2733,22
2734,38
2735,36
2735,37
2736,33
2737,40
2740,36
2741,5
2741,33
2743,38
2744,36
2744,39
2745,33
2745,34
2746,37
2746,40
2751,33
2751,36
2751,38
2754,39
2756,11
2757,36
2757,38
2758,33
2758,34
2760,35
2761,6
2761,32
2764,36
2764,39
2765,7
2765,12
2765,26
2765,29
2765,38
2766,15
2766,22
2766,35
2766,37
2766,40
2767,4
2767,9
2768,2
2768,3
2768,14
2768,21
2768,24
2768,33
2768,34
2769,10
2769,13
2769,16
2769,20
2769,23
2769,28
2769,38
2770,1
2770,5
2770,8
2770,17
2770,27
2770,31
2770,32
2770,39
2771,7
2771,11
2771,18
2771,19
2771,25
2771,30
2771,33
2771,35
2771,36
2771,37
2771,38
2771,40
2772,2
2772,3
2772,6
2772,12
2772,14
2772,20
2772,21
2772,22
2772,24
2772,29
2772,39
2773,9
2773,13
2773,15
2773,27
2773,32
2773,34
2774,1
2774,4
2774,5
2774,16
2774,17
2774,20
2774,23
2774,28
2774,35
2774,36
2774,37
2774,38
2774,39
2774,40
2775,3
2775,7
2775,8
2775,11
2775,14
2775,22
2775,24
2775,26
2775,29
2775,30
2775,33
2776,2
2776,18
2776,21
2776,31
2777,1
2777,10
2777,14
2777,16
2777,19
2777,20
2777,27
2777,32
2777,34
2777,35
2777,37
2777,38
2777,39
2777,40
2778,3
2778,6
2778,7
2778,9
2778,13
2778,17
2778,22
2778,23
2778,33
2778,36
2779,4
2779,12
2779,15
2779,25
2779,28
2780,5
2780,29
2780,35
2780,37
2780,38
2780,40
2781,11
2781,32
2781,36
2781,39
2782,1
2782,7
2782,22
2782,34
2783,3
2783,20
2784,38
2785,35
2785,37
2786,36
2786,39
2788,33
2788,40
2793,36
2794,37
2794,38
2794,39
2795,40
2800,40
2801,37
2801,38
2802,33
2802,36
2805,39
2806,38
2807,40
2810,36
2811,38
2812,37
2813,33
2814,40
2816,38
2817,37
2819,33
2820,38
2821,36
2822,37
2822,40
2826,36
2826,38
2830,33
2831,36
2831,38
2832,37
2832,39
2835,38
2838,37
2839,36
2840,38
2841,33
2843,37
2846,40
2847,36
2847,38
2851,37
2853,33
2853,40
2854,34
2854,38
2855,37
2858,36
2858,40
2861,37
2862,36
2862,38
2863,40
2864,5
2868,33
2868,36
2868,37
2869,35
2870,7
2870,38
2870,39
2870,40
2875,36
2875,38
2875,40
2876,37
2877,33
2882,36
2882,37
2883,40
2884,38
2885,33
2889,34
2889,36
2889,39
2891,27
2891,40
2894,11
2896,18
2896,35
2896,36
2896,37
2896,38
2897,33
2897,39
2898,40
2899,10
2899,26
2899,30
2900,2
2900,24
2901,3
2902,1
2902,15
2902,16
2902,20
2902,21
2902,28
2902,32
2902,33
2902,37
2902,39
2903,8
2903,12
2903,19
2903,22
2903,23
2903,34
2903,35
2903,36
2903,38
2904,4
2904,6
2904,7
2904,9
2904,13
2904,17
2904,27
2904,29
2904,31
2904,40
2905,5
2905,11
2905,14
2905,20
2905,25
2905,33
2905,39
2906,2
2906,3
2906,18
2906,26
2906,32
2906,35
2906,36
2906,37
2906,38
2906,40
2907,1
2907,4
2907,7
2907,15
2907,16
2907,19
2907,21
2907,22
2907,24
2907,29
2907,30
2907,34
2908,6
2908,8
2908,9
2908,10
2908,12
2908,23
2908,39
2909,1
2909,5
2909,13
2909,16
2909,17
2909,20
2909,22
2909,27
2909,28
2909,31
2909,32
2909,33
2909,34
2909,35
2909,36
2909,37
2909,38
2909,40
2910,2
2910,3
2910,4
2910,7
2910,11
2910,14
2910,24
2910,29
2911,15
2911,18
2911,21
2911,30
2911,39
2911,40
2912,12
2912,20
2912,23
2912,26
2912,32
2912,33
2912,34
2912,35
2912,36
2912,37
2912,38
2913,1
2913,3
2913,6
2913,7
2913,27
2914,14
2915,13
2915,28
2915,39
2915,40
2916,11
2916,24
2916,31
2916,36
2916,37
2916,38
2917,33
2917,35
2919,39
2921,17
2922,38
2923,40
2924,33
2925,39
2927,37
2928,38
2932,33
2933,40
2935,39
2936,37
2937,38
2939,33
2944,37
2944,38
2944,40
2945,33
2945,36
2950,33
2950,36
2950,40
2952,37
2952,39
2953,38
2957,33
2960,36
2960,40
2961,34
2961,38
2962,33
2965,37
2967,40
2969,33
2969,36
2970,34
2971,14
2973,33
2974,37
2974,38
2978,34
2980,33
2982,35
2982,37
2985,33
2986,36
2988,34
2990,37
2991,33
2991,40
2992,38
2993,39
2998,33
2999,37
2999,40
3000,34
3001,38
3003,1
3004,35
3006,39
3007,33
3008,36
3008,40
3009,37
3009,38
3012,33
3016,36
3018,33
3018,40
3021,37
3022,36
3023,5
3025,30
3025,40
3026,34
3027,33
3027,36
3027,38
3028,7
3028,40
3029,37
3031,9
3031,11
3031,39
3032,12
3032,40
3033,14
3033,28
3033,38
3034,33
3035,2
3035,35
3035,36
3036,24
3037,3
3037,4
3037,23
3037,38
3037,40
3038,10
3038,25
3038,27
3038,32
3038,39
3039,16
3039,17
3039,37
3040,13
3040,19
3040,21
3040,22
3040,35
3041,6
3041,7
3041,11
3041,15
3041,18
3041,20
3041,24
3041,29
3041,31
3041,32
3041,38
3041,39
3041,40
3042,1
3042,3
3042,8
3042,33
3042,36
3043,2
3043,4
3043,5
3043,12
3043,14
3043,22
3043,26
3043,27
3043,28
3043,30
3043,34
3043,35
3043,37
3043,39
3043,40
3044,7
3044,9
3044,15
3044,16
3044,20
3044,21
3044,23
3044,29
3044,32
3044,38
3045,11
3045,17
3045,18
3045,35
3045,37
3045,40
3046,1
3046,10
3046,13
3046,22
3046,31
3046,33
3046,36
3046,38
3046,39
3047,2
3047,3
3047,4
3047,5
3047,6
3047,7
3047,20
3047,23
3047,32
3047,34
3048,8
3048,19
3048,26
3048,27
3048,29
3049,1
3049,9
3049,12
3049,22
3049,23
3049,24
3049,35
3049,37
3049,39
3049,40
3050,14
3050,16
3050,17
3050,18
3050,20
3050,21
3050,32
3050,33
3050,34
3050,36
3050,38
3051,3
3051,7
3052,11
3052,15
3052,30
3052,37
3052,39
3052,40
3053,4
3053,5
3053,13
3053,33
3053,35
3053,38
3054,20
3055,32
3056,34
3056,39
3056,40
3057,7
3057,36
3057,37
3060,33
3060,40
3063,38
3065,33
3065,39
3073,33
3073,36
3073,37
3073,38
3073,40
3076,39
3079,38
3081,39
3084,33
3084,38
3086,37
3089,39
3089,40
3091,37
3092,35
3092,38
3094,33
3098,37
3098,39
3100,38
3103,37
3107,33
3107,37
3108,36
3108,38
3110,40
3112,37
3116,33
3116,38
3117,36
3118,37
3120,34
3124,37
3124,38
3124,39
3128,33
3130,38
3131,37
3134,36
3136,38
3137,33
3140,39
3141,38
3143,33
3143,37
3144,36
3146,35
3148,38
3149,39
3152,13
3152,37
3153,34
3155,7
3156,35
3156,40
3157,38
3158,23
3159,20
3159,33
3160,27
3160,37
3161,36
3162,1
3162,25
3163,5
3163,8
3163,28
3163,29
3163,32
3163,38
3163,39
3164,9
3164,26
3164,31
3164,33
3165,2
3165,12
3165,15
3165,17
3165,20
3165,30
3165,35
3165,37
3166,4
3166,6
3166,7
3166,10
3166,14
3166,16
3166,19
3166,21
3166,22
3166,24
3166,34
3166,38
3166,39
3166,40
3167,1
3167,3
3167,11
3167,18
3167,23
3167,29
3167,32
3167,33
3167,37
3168,2
3168,5
3168,13
3168,20
3168,27
3168,35
3168,36
3169,8
3169,9
3169,12
3169,15
3169,16
3169,17
3169,22
3169,24
3169,28
3169,37
3169,38
3169,40
3170,1
3170,4
3170,6
3170,7
3170,10
3170,14
3170,21
3170,30
3170,31
3170,34
3170,39
3171,3
3171,11
3171,18
3171,20
3171,23
3171,26
3171,32
3171,33
3171,36
3171,38
3171,40
3172,2
3172,5
3172,19
3172,22
3172,24
3172,27
3172,35
3172,37
3173,1
3173,14
3173,16
3173,17
3173,25
3173,29
3173,39
3174,7
3174,28
3174,32
3174,34
3174,36
3174,37
3175,12
3175,13
3175,20
3175,33
3175,35
3175,38
3175,40
3176,9
3176,23
3176,39
3178,3
3179,33
3179,37
3181,39
3181,40
3183,37
3184,36
3185,33
3188,40
3190,33
3191,37
3192,36
3192,39
3195,33
3196,37
3197,40
3198,36
3199,39
3201,33
3202,38
3202,40
3204,37
3208,36
3208,40
3210,33
3212,37
3212,38
3215,36
3217,37
3217,38
3218,40
3223,37
3224,38
3226,40
3227,33
3229,37
3233,36
3233,38
3234,40
3235,34
3237,33
3237,39
3238,37
3239,38
3239,40
3243,38
3244,40
3247,33
3248,36
3248,37
3248,38
3248,40
3253,38
3256,36
3256,37
3256,40
3257,38
3261,38
3261,40
3262,37
3264,33
3265,40
3266,35
3266,36
3266,37
3267,38
3269,27
3271,37
3271,40
3273,33
3273,38
3275,21
3275,34
3276,37
3277,40
3278,5
3278,36
3279,33
3280,38
3281,37
3281,40
3284,39
3285,33
3285,38
3286,40
3287,36
3288,37
3292,40
3293,33
3293,38
3295,36
3295,37
3296,7
3298,40
3299,28
3301,38
3302,36
3303,4
3303,10
3303,12
3303,34
3303,40
3304,2
3304,31
3304,33
3304,37
3305,1
3305,11
3305,13
3305,17
3305,22
3305,23
3306,18
3306,36
3306,38
3307,3
3307,8
3307,15
3307,16
3307,35
3307,39
3307,40
3308,5
3308,6
3308,7
3308,9
3308,19
3308,20
3308,21
3308,24
3308,27
3308,30
3308,32
3308,33
3308,37
3309,2
3309,11
3309,22
3309,34
3309,38
3310,1
3310,3
3310,12
3310,13
3310,14
3310,17
3310,23
3310,25
3310,26
3310,29
3310,32
3310,35
3310,36
3310,37
3310,39
3310,40
3311,4
3311,5
3311,7
3311,9
3311,15
3311,16
3311,18
3311,20
3311,27
3311,28
3311,30
3312,6
3312,8
3312,10
3312,21
3312,32
3312,33
3312,35
3312,37
3312,38
3312,39
3312,40
3313,1
3313,3
3313,11
3313,14
3313,19
3313,20
3313,22
3313,23
3313,24
3313,26
3313,29
3313,31
3313,34
3313,36
3314,2
3314,4
3314,5
3314,7
3314,9
3314,12
3314,13
3314,16
3314,17
3314,27
3315,1
3315,3
3315,14
3315,18
3315,20
3315,23
3315,24
3315,28
3315,30
3315,32
3315,33
3315,35
3315,36
3315,37
3315,38
3315,39
3315,40
3316,6
3316,7
3316,8
3316,11
3316,15
3316,22
3316,29
3316,34
3317,16
3317,21
3317,26
3317,31
3318,2
3318,4
3318,10
3318,13
3318,19
3318,20
3318,27
3318,33
3318,35
3318,37
3318,38
3318,39
3318,40
3319,7
3319,22
3319,25
3319,32
3319,36
3320,3
3320,5
3320,14
3320,23
3320,34
3321,29
3321,35
3321,37
3321,39
3322,1
3322,12
3322,38
3322,40
3323,33
3327,33
3327,37
3329,36
3329,39
3331,33
3331,40
3332,37
3336,40
3337,33
3337,39
3338,37
3339,38
3343,40
3344,33
3344,37
3347,39
3348,37
3349,33
3351,38
3353,40
3354,37
3355,33
3358,38
3359,40
3361,36
3362,37
3363,33
3365,40
3366,39
3370,37
3370,40
3371,36
3373,33
3374,35
3374,38
3378,36
3379,40
3381,39
3384,33
3386,40
3387,36
3390,37
3390,38
3391,35
3391,39
3395,40
3398,37
3399,33
3399,36
3400,39
3404,37
3404,38
3407,36
3407,40
3411,36
3412,33
3412,37
3413,39
3413,40
3417,35
3418,7
3419,36
3422,34
3422,37
3423,29
3423,32
3423,38
3424,5
3424,35
3425,39
3425,40
3427,7
3428,3
3428,4
3428,37
3430,2
3430,35
3430,36
3430,38
3431,1
3431,9
3431,33
3431,34
3431,40
3432,14
3432,20
3433,17
3434,18
3435,27
3435,33
3435,37
3435,39
3436,11
3436,12
3436,15
3436,20
3437,10
3437,23
3437,28
3437,36
3437,38
3437,40
3438,3
3438,16
3438,24
3438,30
3438,35
3438,37
3439,8
3439,13
3439,21
3439,26
3439,31
3439,39
3440,11
3440,19
3440,20
3440,40
3441,2
3441,4
3441,6
3441,7
3441,33
3441,35
3441,36
3441,37
3441,38
3442,1
3442,3
3442,22
3442,27
3442,32
3442,34
3442,39
3443,12
3443,24
3443,28
3444,13
3444,14
3444,20
3444,23
3445,16
3445,17
3445,18
3445,29
3445,36
3445,37
3445,40
3446,5
3446,9
3446,25
3446,35
3446,38
3446,39
3447,3
3447,7
3447,11
3447,21
3447,22
3447,24
3447,32
3447,33
3448,40
3449,8
3449,27
3449,30
3449,34
3449,35
3449,36
3450,6
3450,7
3450,15
3450,20
3450,32
3450,37
3451,14
3451,33
3451,39
3452,1
3452,3
3452,29
3452,40
3453,37
3453,38
3454,2
3454,4
3454,26
3454,35
3456,33
3456,36
3457,1
3458,39
3459,20
3460,33
3460,37
3461,34
3461,35
3465,33
3467,39
3467,40
3470,33
3470,36
3471,37
3474,33
3474,39
3475,38
3478,37
3480,33
3480,39
3484,37
3486,33
3486,39
3487,38
3488,40
3490,34
3491,33
3493,37
3494,36
3495,33
3497,39
3498,38
3499,40
3500,33
3500,36
3505,33
3505,36
3505,37
3506,38
3509,34
3510,36
3511,38
3512,33
3512,40
3515,36
3516,37
3516,38
3521,33
3522,38
3522,40
3523,36
3525,5
3526,37
3527,38
3528,33
3528,34
3528,39
3529,36
3531,38
3535,40
3536,38
3539,33
3540,35
3540,36
3540,37
3541,38
3546,38
3546,40
3548,36
3550,37
3553,33
3553,38
3554,28
3556,27
3556,39
3557,1
3557,40
3558,2
3558,22
3559,4
3559,12
3559,13
3559,37
3559,38
3560,10
3560,17
3560,18
3561,7
3561,11
3561,15
3561,16
3561,19
3561,20
3561,32
3561,36
3562,3
3562,5
3562,6
3562,8
3562,9
3562,21
3562,22
3562,23
3562,24
3562,30
3562,31
3562,34
3562,35
3562,38
3562,39
3562,40
3563,1
3563,12
3563,14
3563,26
3563,27
3563,29
3563,37
3564,2
3564,4
3564,7
3564,10
3564,11
3564,13
3564,16
3564,17
3564,18
3564,20
3564,25
3564,28
3564,32
3564,33
3564,36
3564,40
3565,3
3565,8
3565,15
3565,21
3565,22
3565,23
3565,24
3565,35
3565,38
3565,39
3566,1
3566,2
3566,5
3566,6
3566,7
3566,9
3566,12
3566,14
3566,19
3566,20
3566,27
3566,30
3566,31
3566,32
3566,34
3566,37
3566,40
3567,11
3567,13
3567,16
3567,26
3567,29
3567,33
3567,35
3567,36
3568,1
3568,3
3568,4
3568,9
3568,14
3568,17
3568,18
3568,21
3568,22
3568,23
3568,28
3568,32
3568,37
3568,38
3568,39
3568,40
3569,5
3569,7
3569,8
3569,10
3569,15
3569,20
3569,27
3569,30
3569,34
3570,12
3570,24
3570,35
3570,36
3570,37
3570,38
3570,40
3571,2
3571,3
3571,11
3571,22
3571,23
3571,32
3571,33
3571,39
3572,6
3572,7
3572,14
3572,29
3572,34
3573,1
3573,31
3574,20
3574,35
3574,37
3574,39
3575,33
3575,36
3575,38
3575,40
3576,14
3579,33
3581,38
3583,3
3583,33
3584,39
3586,36
3588,38
3588,40
3589,33
3591,39
3593,33
3593,36
3595,40
3599,33
3599,36
3601,38
3601,40
3602,39
3604,33
3607,37
3609,33
3611,36
3611,40
3612,39
3615,33
3615,37
3616,36
3621,39
3621,40
3622,36
3623,33
3623,34
3623,38
3624,7
3628,33
3629,37
3629,39
3630,35
3633,38
3636,39
3637,33
3637,40
3638,36
3639,37
3643,33
3644,36
3644,40
3645,39
3646,37
3649,40
3651,33
3651,36
3653,37
3653,39
3655,38
3658,7
3659,37
3660,40
3662,36
3662,38
3663,35
3665,33
3666,40
3670,36
3672,35
3672,40
3673,33
3673,37
3674,34
3674,39
3676,38
3682,34
3682,38
3682,39
3682,40
3684,33
3688,36
3689,20
3689,37
3691,39
3692,3
3692,35
3692,38
3692,40
3693,13
3693,33
3695,5
3696,19
3698,21
3699,10
3699,16
3699,32
3699,36
3699,39
3700,1
3700,12
3700,17
3700,28
3700,34
3700,35
3700,37
3700,38
3701,2
3701,4
3701,6
3701,9
3701,14
3701,18
3701,22
3701,26
3701,27
3702,3
3702,7
3702,11
3702,20
3702,24
3702,25
3702,29
3702,30
3702,33
3703,5
3703,8
3703,13
3703,14
3703,15
3703,16
3703,17
3703,22
3703,23
3703,32
3703,35
3703,36
3703,37
3703,38
3703,39
3703,40
3704,1
3704,2
3704,4
3704,9
3704,18
3704,19
3704,20
3704,21
3704,26
3704,27
3704,28
3704,31
3704,34
3705,3
3705,6
3705,7
3705,10
3705,11
3705,12
3705,29
3705,33
3705,37
3705,38
3705,39
3705,40
3706,5
3706,15
3706,20
3706,22
3706,23
3706,24
3706,30
3706,32
3706,35
3706,36
3707,1
3707,8
3707,9
3707,13
3707,14
3707,16
3707,17
3707,18
3707,27
3707,28
3707,34
3708,2
3708,7
3708,21
3708,31
3708,36
3708,37
3708,38
3708,39
3708,40
3709,3
3709,4
3709,11
3709,19
3709,20
3709,22
3709,23
3709,29
3709,32
3709,33
3709,35
3710,5
3710,6
3710,12
3710,24
3710,26
3711,7
3711,13
3711,20
3711,27
3711,34
3711,35
3711,39
3712,1
3712,3
3712,14
3712,15
3712,23
3712,25
3712,30
3712,32
3712,36
3712,37
3712,38
3712,40
3713,22
3714,16
3714,35
3714,39
3715,21
3715,33
3715,38
3715,40
3716,4
3717,37
3722,40
3723,38
3726,36
3727,37
3728,40
3729,33
3729,38
3733,37
3734,33
3735,36
3737,40
3739,38
3740,37
3741,33
3745,36
3745,37
3746,40
3749,33
3751,36
3751,37
3751,38
3751,40
3756,33
3757,36
3757,40
3758,34
3758,37
3765,33
3765,40
3766,36
3767,37
3770,38
3773,40
3774,36
3775,33
3775,37
3778,39
3780,40
3781,7
3782,37
3783,38
3784,35
3786,39
3787,36
3787,40
3788,34
3792,33
3795,36
3796,39
3797,35
3798,38
3798,40
3801,36
3804,38
3806,33
3806,36
3809,39
3810,40
3811,38
3812,37
3818,34
3818,36
3820,40
3821,1
3821,10
3822,14
3822,33
3822,38
3823,37
3824,5
3824,11
3824,35
3825,39
3826,28
3826,38
3827,7
3827,12
3827,32
3828,15
3828,35
3828,36
3829,2
3829,16
3829,17
3829,20
3829,24
3829,27
3829,29
3829,33
3829,38
3830,4
3830,9
3830,31
3831,3
3831,6
3831,8
3831,32
3831,34
3831,37
3831,39
3831,40
3832,1
3832,5
3832,7
3832,11
3832,18
3832,19
3832,20
3832,21
3832,22
3832,23
3832,25
3832,26
3832,30
3832,33
3832,36
3833,2
3833,13
3833,14
3833,15
3833,35
3833,38
3834,1
3834,5
3834,9
3834,12
3834,16
3834,17
3834,20
3834,23
3834,24
3834,27
3834,28
3834,29
3834,32
3834,33
3834,36
3834,37
3834,39
3834,40
3835,3
3835,4
3835,6
3835,7
3835,8
3835,10
3835,11
3835,18
3835,21
3835,22
3835,30
3835,34
3836,19
3836,31
3836,35
3836,36
3836,37
3836,38
3836,39
3836,40
3837,1
3837,2
3837,3
3837,5
3837,13
3837,14
3837,15
3837,20
3837,22
3837,23
3837,24
3837,26
3837,27
3837,29
3837,32
3837,33
3838,7
3838,9
3838,11
3838,12
3838,16
3838,28
3839,1
3839,3
3839,4
3839,8
3839,14
3839,17
3839,20
3839,21
3839,22
3839,23
3839,27
3839,29
3839,32
3839,33
3839,34
3839,35
3839,36
3839,37
3839,38
3839,39
3839,40
3840,6
3840,13
3840,15
3840,18
3840,24
3840,30
3840,31
3841,2
3841,7
3841,10
3841,19
3841,26
3841,37
3841,40
3842,5
3842,11
3842,20
3842,25
3842,32
3842,33
3842,34
3842,35
3842,36
3842,38
3842,39
3843,1
3843,3
3843,21
3844,22
3846,39
3847,33
3847,35
3847,36
3848,37
3848,40
3849,38
3856,38
3857,33
3858,36
3858,40
3864,33
3864,36
3864,37
3865,39
3866,35
3867,38
3875,36
3875,38
3877,33
3877,35
3877,39
3878,34
3880,37
3880,40
3887,35
3887,36
3887,37
3890,33
3891,38
3893,36
3895,34
3895,38
3897,40
3901,36
3902,37
3902,38
3903,35
3904,33
3905,40
3908,38
3911,36
3913,38
3914,33
3914,34
3915,39
3916,40
3921,37
3922,38
3924,40
3925,39
3928,35
3928,37
3928,38
3929,36
3932,33
3936,37
3937,36
3940,38
3942,33
3942,39
3943,13
3943,34
3944,40
3945,37
3945,38
3949,38
3949,40
3951,39
3953,33
3955,38
3956,40
3959,36
3960,38
3961,33
3961,34
3961,37
3967,39
3967,40
3968,38
3969,37
3970,35
3972,33
3973,36
3977,33
3977,38
3979,4
3979,37
3980,7
3980,16
3980,36
3980,40
3981,39
3982,12
3982,17
3983,21
3983,32
3984,2
3984,10
3984,38
3984,40
3985,5
3985,11
3985,18
3985,20
3985,34
3985,35
3986,3
3986,6
3986,7
3986,15
3986,22
3986,27
3986,33
3986,36
3986,37
3987,25
3987,32
3987,39
3988,1
3988,8
3988,9
3988,23
3988,24
3988,26
3988,28
3988,29
3988,31
3988,35
3989,5
3989,7
3989,12
3989,14
3989,16
3989,17
3989,19
3989,20
3989,30
3989,34
3989,37
3989,38
3989,40
3990,2
3990,4
3990,11
3990,13
3990,18
3990,21
3990,22
3990,23
3990,27
3990,29
3990,32
3990,33
3990,35
3990,36
3990,39
3991,1
3991,3
3991,6
3991,8
3991,9
3991,10
3991,15
3991,24
3991,28
3991,40
3992,5
3992,7
3992,20
3992,22
3992,26
3992,32
3992,34
3992,36
3992,37
3992,38
3992,39
3993,1
3993,11
3993,12
3993,14
3993,16
3993,17
3993,21
3993,23
3993,27
3993,30
3993,35
3994,2
3994,3
3994,4
3994,29
3994,31
3994,33
3994,40
3995,7
3995,9
3995,13
3995,18
3995,19
3995,24
3995,25
3995,28
3995,36
3995,37
3995,38
3995,39
3996,1
3996,11
3996,15
3996,16
3996,20
3996,32
3996,35
3996,40
3997,8
3997,14
3997,22
3997,34
3997,38
3998,3
3998,6
3998,23
3998,27
3998,37
3998,39
3999,33
3999,35
4000,10
4000,30
4000,36
4000,38
4000,40
4001,37
4004,40
4005,37
4005,38
4007,36
4010,38
4010,40
4011,37
4014,40
4015,37
4015,38
4016,33
4021,37
4021,40
4022,36
4022,38
4023,33
4023,34
4028,37
4028,40
4030,33
4030,39
4032,38
4033,37
4035,40
4037,36
4038,37
4041,33
4041,40
4043,37
4043,38
4046,36
4048,33
4048,39
4048,40
4051,37
4055,40
4057,37
4059,34
4059,36
4059,40
4060,38
4062,37
4065,40
4068,37
4070,40
4073,36
4074,34
4074,37
4075,33
4075,38
4081,40
4083,35
4083,36
4083,37
4084,38
4085,39
4090,37
4090,38
4091,35
4094,40
4096,38
4098,33
4099,1
4099,34
4099,37
4101,35
4103,38
4104,5
4105,32
4105,36
4106,33
4107,4
4108,24
4108,35
4108,37
4108,38
4108,39
4109,21
4109,34
4109,40
4111,2
4111,17
4112,7
4112,36
4114,20
4114,33
4114,37
4114,40
4115,3
4115,12
4115,19
4115,34
4115,38
4116,11
4116,15
4116,26
4116,27
4117,9
4117,22
4117,31
4118,18
4118,23
4118,28
4118,32
4118,39
4119,5
4119,6
4119,7
4119,8
4119,10
4119,13
4119,14
4119,16
4119,29
4119,33
4119,34
4119,35
4119,36
4119,37
4119,40
4120,1
4120,3
4120,17
4120,20
4120,25
4120,30
4120,38
4121,2
4121,4
4121,11
4121,21
4121,22
4121,24
4121,27
4121,35
4121,39
4122,9
4122,12
4122,18
4122,32
4122,34
4122,36
4122,40
4123,1
4123,3
4123,5
4123,6
4123,7
4123,15
4123,16
4123,20
4123,23
4123,29
4123,33
4123,37
4123,38
4124,14
4124,28
4124,35
4124,39
4125,8
4125,11
4125,13
4125,22
4125,24
4125,26
4125,31
4125,40
4126,1
4126,2
4126,7
4126,19
4126,20
4126,32
4126,33
4126,34
4126,36
4126,37
4126,38
4127,4
4127,9
4127,16
4127,23
4127,39
4127,40
4128,12
4128,21
4128,27
4128,29
4128,30
4128,35
4129,3
4129,5
4130,10
4130,36
4130,37
4130,38
4130,40
4131,14
4131,22
4132,7
4132,11
4132,32
4132,33
4132,39
4135,35
4135,36
4135,38
4136,37
4136,40
4140,33
4141,40
4142,36
4145,37
4146,33
4146,40
4151,37
4151,38
4151,40
4152,33
4152,36
4156,40
4159,37
4160,33
4161,36
4161,39
4161,40
4167,40
4168,33
4168,35
4168,37
4169,38
4175,36
4176,33
4176,38
4177,37
4177,39
4178,40
4183,40
4186,1
4186,36
4188,40
4190,33
4190,37
4191,34
4191,38
4191,39
4195,40
4196,33
4199,35
4199,36
4200,38
4201,33
4201,37
4205,33
4206,40
4210,33
4210,36
4212,34
4216,33
4216,38
4216,40
4217,37
4220,1
4221,33
4221,35
4224,37
4225,36
4226,13
4226,17
4228,33
4228,38
4228,39
4229,36
4230,40
4231,3
4231,7
4231,26
4234,11
4234,33
4234,39
4235,14
4235,18
4235,20
4235,28
4235,31
4235,32
4235,35
4235,37
4236,19
4236,27
4236,34
4236,36
4236,40
4237,2
4237,10
4237,16
4237,23
4237,24
4237,29
4238,3
4238,5
4238,8
4238,9
4238,12
4238,15
4238,17
4238,30
4238,37
4238,38
4238,39
4239,6
4239,7
4239,13
4239,20
4239,21
4239,22
4239,25
4239,32
4239,33
4239,35
4239,40
4240,1
4240,2
4240,4
4240,11
4240,14
4240,16
4240,18
4240,23
4240,27
4240,34
4240,36
4240,38
4241,3
4241,5
4241,10
4241,12
4241,28
4241,29
4241,35
4241,37
4241,39
4242,8
4242,9
4242,15
4242,17
4242,20
4242,21
4242,22
4242,24
4242,26
4242,31
4242,32
4242,33
4242,40
4243,7
4243,11
4243,30
4243,36
4243,38
4244,1
4244,2
4244,3
4244,4
4244,6
4244,14
4244,16
4244,19
4244,20
4244,23
4244,27
4244,34
4244,35
4244,37
4244,39
4244,40
4245,5
4245,18
4245,22
4245,29
4245,32
4245,33
4246,15
4246,21
4246,28
4246,35
4246,36
4246,37
4246,39
4247,9
4247,12
4247,13
4247,24
4247,38
4247,40
4248,1
4248,7
4248,20
4250,23
4250,34
4250,36
4250,39
4251,33
4251,37
4251,40
4252,35
4255,38
4259,36
4260,33
4260,39
4262,38
4262,40
4268,38
4269,39
4270,36
4272,37
4272,40
4273,38
4278,33
4279,38
4281,36
4281,37
4282,40
4285,33
4288,36
4288,38
4288,40
4291,33
4292,34
4294,40
4295,36
4300,33
4300,37
4300,40
4301,38
4302,36
4306,38
4307,40
4308,36
4311,33
4311,39
4312,35
4312,36
4315,38
4316,37
4317,36
4317,40
4320,38
4321,36
4323,33
4324,37
4325,36
4329,38
4329,40
4330,36
4330,37
4332,39
4338,36
4338,37
4340,38
4341,11
4341,39
4342,7
4342,40
4343,34
4345,36
4345,37
4348,33
4348,38
4351,37
4352,7
4352,35
4352,39
4353,40
4354,5
4354,34
4355,36
4356,1
4356,38
4358,33
4359,37
4360,29
4361,4
4361,36
4364,38
4364,39
4364,40
4365,17
4365,28
4365,35
4366,30
4366,32
4366,33
4366,36
4368,2
4368,6
4368,10
4368,37
4369,26
4369,34
4370,12
4370,15
4370,16
4370,27
4370,39
4371,7
4371,13
4371,18
4371,20
4371,21
4371,22
4371,23
4371,33
4371,36
4371,38
4372,3
4372,8
4372,11
4372,24
4372,31
4372,32
4372,37
4372,40
4373,1
4373,5
4373,9
4373,14
4373,19
4373,34
4373,35
4373,39
4374,2
4374,12
4374,17
4374,20
4374,25
4374,27
4374,28
4374,33
4374,36
4374,38
4375,3
4375,4
4375,7
4375,21
4375,22
4375,23
4375,29
4375,32
4375,37
4375,40
4376,6
4376,16
4376,18
4376,30
4376,35
4376,39
4377,9
4377,11
4377,13
4377,24
4377,36
4377,38
4377,40
4378,5
4378,7
4378,10
4378,15
4378,20
4378,22
4378,23
4378,26
4378,32
4378,33
4378,34
4378,37
4379,3
4379,8
4379,35
4380,1
4380,2
4380,14
4380,27
4380,39
4381,20
4381,21
4381,29
4381,37
4381,38
4381,40
4382,4
4382,5
4382,7
4382,33
4382,36
4383,16
4384,22
4384,23
4384,31
4384,35
4385,34
4385,38
4386,37
4386,40
4387,33
4387,36
4391,40
4392,33
4392,36
4393,37
4394,38
4396,40
4398,36
4399,33
4401,37
4401,40
4404,38
4405,33
4406,36
4406,40
4407,37
4412,33
4412,40
4413,36
4414,37
4417,33
4419,36
4419,37
4419,40
4421,38
4424,33
4425,40
4426,37
4430,36
4432,40
4433,33
4433,38
4434,37
4438,33
4439,39
4440,36
4441,34
4443,40
4445,33
4445,38
4448,40
4450,1
4450,36
4451,35
4452,33
4452,37
4452,38
4454,39
4457,34
4458,36
4458,37
4458,38
4459,40
4462,33
4463,40
4464,38
4468,37
4468,38
4468,40
4469,33
4473,38
4475,3
4475,5
4475,36
4475,40
4478,33
4478,38
4479,6
4479,35
4480,11
4481,12
4482,32
4482,36
4482,37
4483,40
4484,24
4484,30
4484,38
4485,7
4485,15
4485,34
4485,35
4486,2
4486,17
4486,27
4486,28
4486,39
4487,16
4487,18
4487,21
4488,9
4488,26
4488,29
4488,32
4488,36
4488,37
4488,38
4488,40
4489,7
4489,10
4489,13
4489,19
4489,20
4489,33
4489,35
4490,8
4490,11
4490,23
4490,24
4490,34
4490,39
4491,1
4491,4
4491,5
4491,14
4491,22
4491,25
4491,27
4492,3
4492,12
4492,15
4492,32
4492,35
4492,38
4492,40
4493,2
4493,6
4493,16
4493,18
4493,20
4493,28
4493,29
4493,30
4493,36
4493,37
4493,39
4494,8
4494,9
4494,14
4494,17
4494,21
4494,23
4494,24
4494,31
4494,33
4495,1
4495,4
4495,7
4495,10
4495,11
4495,22
4495,34
4495,35
4495,38
4495,40
4496,3
4496,5
4496,13
4496,19
4496,20
4496,26
4496,27
4496,32
4496,36
4496,37
4496,39
4497,2
4497,24
4498,7
4498,12
4498,14
4498,15
4498,16
4498,23
4498,29
4498,30
4498,33
4498,35
4498,39
4499,18
4499,20
4499,21
4499,37
4499,40
4500,1
4500,13
4500,32
4500,36
4500,38
4501,4
4501,22
4501,28
4501,33
4501,34
4501,35
4501,39
4502,3
4502,37
4504,17
4504,31
4505,7
4505,38
4506,40
4507,37
4510,39
4511,33
4511,38
4513,37
4518,37
4519,38
4519,39
4523,40
4525,37
4527,36
4529,38
4533,39
4536,34
4536,37
4538,33
4538,40
4542,37
4543,38
4549,36
4549,37
4549,40
4550,39
4552,38
4554,33
4554,34
4558,37
4562,35
4563,33
4563,40
4564,36
4564,38
4565,37
4570,13
4571,38
4572,36
4573,33
4573,39
4573,40
4574,37
4579,38
4580,36
4580,40
4583,37
4586,33
4586,35
4586,38
4590,36
4590,37
4592,40
4594,33
4594,35
4597,39
4598,11
4601,35
4601,36
4601,39
4602,33
4602,37
4602,38
4602,40
4607,26
4607,36
4607,38
4608,33
4609,37
4611,34
4612,7
4612,36
4613,22
4613,39
4615,33
4615,38
4616,5
4616,36
4617,37
4617,40
4620,35
4621,12
4621,33
4621,36
4622,7
4622,38
4624,34
4624,39
4625,36
4626,33
4627,40
4633,36
4633,40
4634,31
4634,33
4634,39
4635,37
4636,38
4638,2
4639,24
4639,27
4639,28
4641,9
4641,37
4642,4
4642,15
4642,16
4642,17
4642,32
4642,34
4642,38
4642,39
4643,1
4643,7
4643,10
4643,14
4643,19
4643,20
4643,21
4643,22
4643,23
4643,25
4643,30
4643,36
4643,40
4644,3
4644,8
4644,11
4644,13
4644,18
4644,29
4644,35
4645,1
4645,5
4645,6
4645,12
4645,20
4645,22
4645,24
4645,26
4645,27
4645,28
4645,32
4645,33
4645,36
4645,37
4645,38
4645,39
4646,2
4646,4
4646,7
4646,9
4646,14
4646,15
4646,16
4646,21
4646,23
4646,30
4646,31
4646,34
4646,35
4646,40
4647,3
4647,8
4647,10
4647,11
4647,17
4647,29
4647,37
4647,39
4648,5
4648,12
4648,13
4648,18
4648,19
4648,20
4648,22
4648,24
4648,27
4648,32
4648,33
4648,35
4648,36
4648,38
4648,40
4649,1
4649,6
4649,7
4649,16
4649,21
4649,23
4650,2
4650,3
4650,9
4650,14
4650,26
4650,28
4650,34
4650,36
4650,37
4650,38
4650,39
4651,4
4651,12
4651,15
4651,30
4651,32
4651,35
4651,40
4652,5
4652,11
4652,17
4652,20
4652,33
4653,7
4653,22
4653,23
4653,25
4653,31
4653,37
4653,38
4653,39
4653,40
4654,27
4654,29
4654,35
4655,1
4655,3
4655,13
4655,34
4655,36
4656,38
4656,40
4657,18
4657,37
4657,39
4658,33
4662,37
4662,38
4664,33
4664,40
4666,38
4668,39
4670,36
4672,37
4672,38
4673,40
4674,33
4675,39
4680,38
4680,39
4683,40
4684,37
4685,33
4685,36
4687,34
4687,38
4688,39
4692,33
4692,38
4694,39
4698,40
4700,34
4700,38
4701,33
4701,35
4701,39
4705,38
4708,37
4711,36
4711,38
4711,39
4711,40
4713,33
4715,34
4718,37
4719,40
4722,38
4723,33
4723,40
4724,37
4728,38
4728,40
4732,36
4733,39
4734,37
4734,40
4735,33
4735,38
4742,33
4742,38
4743,1
4743,35
4743,37
4743,40
4745,3
4745,14
4745,34
4746,39
4748,33
4749,36
4749,37
4749,38
4750,40
4755,36
4755,38
4755,40
4756,32
4756,37
4758,35
4759,33
4759,38
4760,40
4763,37
4765,38
4766,40
4769,5
4770,36
4770,38
4770,40
4771,33
4771,34
4772,30
4772,37
4773,11
4774,21
4774,27
4775,7
4775,12
4775,40
4776,20
4776,33
4776,36
4776,37
4777,10
4777,17
4777,38
4778,15
4778,18
4778,28
4778,29
4778,32
4778,35
4778,39
4779,2
4779,9
4779,16
4779,19
4779,23
4779,24
4780,6
4780,13
4780,26
4780,38
4780,40
4781,1
4781,3
4781,4
4781,5
4781,7
4781,8
4781,11
4781,20
4781,22
4781,25
4781,27
4781,31
4781,32
4781,35
4781,37
4781,39
4782,12
4782,14
4782,15
4782,21
4782,23
4782,33
4782,34
4782,36
4783,2
4783,7
4783,9
4783,10
4783,16
4783,17
4783,18
4783,20
4783,24
4783,28
4783,29
4783,30
4783,35
4783,37
4783,39
4783,40
4784,1
4784,3
4784,5
4784,6
4784,8
4784,11
4784,19
4784,26
4784,27
4784,32
4784,38
4785,4
4785,7
4785,13
4785,20
4785,21
4785,22
4785,33
4785,34
4785,35
4785,39
4785,40
4786,2
4786,9
4786,12
4786,14
4786,15
4786,16
4786,18
4786,23
4786,29
4786,31
4786,32
4786,36
4786,37
4787,1
4787,3
4787,17
4787,24
4787,28
4787,30
4787,38
4788,5
4788,6
4788,10
4788,11
4788,20
4788,33
4788,35
4788,37
4788,39
4788,40
4789,7
4789,13
4789,22
4789,23
4789,27
4789,32
4789,34
4790,4
4790,14
4790,16
4790,21
4790,25
4790,26
4790,36
4791,1
4791,2
4791,3
4791,8
4791,35
4791,37
4791,38
4791,40
4792,22
4792,32
4792,33
4792,39
4793,7
4793,20
4793,31
4794,24
4794,34
4795,38
4796,37
4796,40
4797,39
4798,33
4803,39
4804,37
4804,38
4805,36
4805,40
4807,34
4808,33
4812,38
4812,39
4815,40
4816,36
4816,37
4819,38
4819,39
4822,33
4826,38
4827,36
4827,37
4828,34
4828,39
4831,40
4833,38
4834,33
4834,36
4835,37
4838,34
4840,39
4842,38
4845,40
4847,36
4847,38
4849,40
4852,33
4852,37
4853,38
4854,40
4858,36
4860,33
4860,38
4861,40
4862,35
4862,37
4862,39
4863,34
4864,1
4867,33
4867,40
4868,36
4870,37
4870,38
4872,35
4872,40
4875,33
4877,36
4877,37
4877,40
4881,40
4885,36
4887,7
4887,35
4887,37
4887,39
4887,40
4888,33
4888,38
4894,37
4894,40
4895,38
4895,39
4896,13
4896,33
4896,36
4899,37
4902,39
4903,35
4903,36
4903,40
4904,37
4905,21
4905,38
4910,37
4911,33
4912,7
4913,25
4913,38
4913,40
4914,12
4914,36
4915,5
4915,35
4916,27
4916,32
4917,34
4917,37
4917,39
4918,18
4919,15
4919,19
4919,29
4919,30
4919,33
4919,40
4920,9
4920,17
4921,2
4921,8
4921,11
4921,35
4921,36
4922,1
4922,3
4922,7
4922,10
4922,20
4922,23
4922,26
4922,28
4922,40
4923,5
4923,6
4923,22
4923,32
4923,34
4923,37
4923,38
4923,39
4924,4
4924,14
4924,16
4924,18
4924,27
4924,33
4924,35
4925,1
4925,12
4925,13
4925,15
4925,20
4925,21
4925,23
4925,24
4925,29
4925,31
4926,2
4926,3
4926,7
4926,9
4926,11
4926,17
4926,28
4926,36
4926,37
4926,40
4927,1
4927,4
4927,8
4927,16
4927,19
4927,20
4927,22
4927,30
4927,32
4927,33
4927,34
4927,35
4927,38
4927,39
4928,5
4928,6
4928,10
4928,13
4928,14
4928,21
4928,23
4928,24
4928,27
4928,29
4928,31
4929,3
4929,7
4929,12
4929,18
4929,25
4929,26
4929,32
4929,35
4929,37
4929,40
4930,1
4930,2
4930,9
4930,11
4930,14
4930,15
4930,16
4930,20
4930,22
4930,24
4930,30
4930,33
4930,34
4930,36
4930,38
4930,39
4931,4
4931,6
4931,8
4931,17
4931,21
4931,28
4931,29
4931,31
4932,3
4932,5
4932,19
4932,20
4932,23
4932,27
4932,32
4932,35
4932,37
4932,39
4932,40
4933,1
4933,7
4933,13
4933,33
4933,34
4933,36
4933,38
4934,10
4934,11
4934,14
4934,22
4934,24
4935,2
4935,18
4935,35
4935,39
4936,40
4937,36
4937,37
4937,38
4940,39
4942,33
4942,36
4942,38
4947,36
4947,38
4949,40
4951,33
4951,39
4952,38
4953,36
4958,38
4958,40
4960,33
4960,39
4961,36
4962,37
4965,38
4968,39
4972,37
4972,38
4973,40
4974,36
4975,39
4976,33
4976,35
4981,39
4982,38
4983,36
4985,37
4986,39
4987,34
4987,40
4988,33
4993,38
4993,39
4994,33
4995,37
4998,36
