NaN,0.0029656300850962,0.000912299906974168,0.000788987428916033,0.000720032417118766,0.00055772169493673,0.00045760152943386,0.0043660539478827,0.000540730128713529,0.000568389747883091,0.000627829277749348,0.000348065774447737,0.00213686167437716,0.000178112019722731,0.00155150420076033,0.000972117066387501,0.00413231111068191,0.000378349398192035,0.000956101808225251,0.000881451310686454
0.000487898053421698,NaN,0.00263231964897842,0.0051653693603198,0.00118490350535227,0.00201710074043709,0.00175861315313536,0.00276978119803206,0.00149927407031986,0.000650579463268075,0.00114833096267397,0.000488005951265358,0.000448326888481843,0.000284936122642632,0.000724937782227486,0.000414154627449093,0.00196086382846,0.000873603728948846,4.03581422762644e-05,0.000361349439312542
0.00547192709757321,3.3420491559133e-05,NaN,0.00144648253880825,0.000181655775480349,0.00154890986042294,0.000175368550668631,0.000243044952458582,0.00261309293043516,0.00411400785311278,0.000237041299493701,0.00107389488755227,0.00106383745013877,0.00159337277885707,0.00331547372397367,0.000815338391628229,0.000532373239413297,0.000382674948410378,0.000687258618957187,0.00197495945219661
0.00251544234941919,0.00227487011035821,0.000467854786687316,NaN,0.00146246953649209,0.00145888532359117,0.00233576015253106,0.00102431662787056,0.00222042297698055,0.000819837738079254,0.000603052459163589,0.00319162658103667,2.8455114401027e-05,0.00141665376804134,0.00176188177883208,0.00126097792905444,0.00098158192090303,0.000349328749882194,0.000464649399115891,0.00329205131871479
0.00272561517200431,0.0020490166699868,0.00576817830959692,0.000167359255685506,NaN,0.00159699037272909,0.00239677688196827,0.00414922007489338,0.0047021006704045,0.00217878649395309,0.000914883232652097,0.00479502126305698,0.00422976606376746,8.07363734785516e-05,0.00221112145844715,0.0145278279047317,0.00353750013672338,0.0140985286005547,0.000697335080189543,0.000877651957259196
0.00291587075867122,0.000163474879151082,0.00475629379503623,0.00114565690637131,0.00191667810503171,NaN,0.00165218497810354,0.0117486869527176,0.00556519159259905,0.00477834280383871,0.00739061096465443,0.000794369123205518,0.000705414333039833,0.00100339934569049,0.00262871158288952,0.00209500849951905,0.00892163627419279,0.00141406295758212,0.00877232691401392,0.000806072517050782
0.0034997438374742,0.00356489470494359,0.000238452799329936,0.000781319134005143,0.00774132076400846,0.00323946143006176,NaN,0.00582358149770412,0.00165160654810692,0.00133463648240884,0.00336041817881394,0.000695167243918049,0.00178809602075874,0.00464813412760812,0.000804104576813014,0.00577398776215049,0.00676753633638527,0.0125972664236808,0.000459930426900845,0.00126837525312939
0.00169460446819869,0.000104084508832814,0.00129494994320889,0.000945169675949487,0.00304450994834909,0.0027093744239205,0.00520360378861962,NaN,0.00206712682280435,0.00272846901446461,0.00944616896240491,0.00599830986081068,0.00112647890796413,0.00376102972094283,0.00392811551596817,0.0010760840707878,0.000928302693285643,0.0226998941608499,0.00280310590854416,4.70594962647675e-05
0.00304954471461116,0.00390161686935775,0.00376236898487592,0.000795402982410709,0.0022172129568398,0.000387629545359869,0.00418503437179302,0.00123939677893253,NaN,0.0016574270893393,0.00062258410938093,0.000483286293873231,0.000314300331958506,0.00117746019296733,0.000238243542701688,0.00165505027202967,7.37470691367648e-05,8.95609325157198e-05,0.000149757647302073,0.00496273745430581
0.000412084180877847,0.00118656967126246,0.000595270146773408,0.000706256336608369,0.00281562188099987,0.000856821401852892,0.00186091813164724,0.00326031716426667,0.00174145498021527,NaN,0.000848606617535275,0.00174272994640107,0.000389242812974255,0.00130664235093975,0.00337808705993586,0.00431738082453331,0.000836241183958142,0.0177887235592044,0.000534019867314106,0.00340873234808298
0.00143582253318708,0.00696932816563584,0.00019228202812277,0.00788729256082532,0.00161015712528362,0.00419528374589717,0.00162868225353752,0.00157830525399932,0.00197115676093623,0.000506198628310917,NaN,0.00324246315683208,0.00132811212506506,0.000984483077861087,0.00183135330776441,0.000329229720063939,0.00950937062569351,0.000474962896043374,0.0038583730695585,0.000460871926862727
0.0047504988379814,0.000396513467823545,0.000254230868273198,0.000788343870795294,0.000656299474261379,0.000555467296473322,0.0028816581972852,0.000530348093217503,0.000220793196450242,0.000328081418932591,0.000400311220483063,NaN,0.000552931081318431,0.000582815443391893,0.00168050658344437,0.000142964839910886,5.67517491103509e-05,0.00101981919362076,7.00619489048537e-05,0.000224226802060579
0.00277677145634475,0.00253967923913467,0.010910346369688,5.79433373093519e-05,0.000428499451077535,0.00133357806789963,0.000794692974465994,0.000688059065362012,0.00158901202163536,0.000126670538841023,0.000126318371345302,0.000340084455913547,NaN,0.00559705361664725,0.000332492765495074,0.00112273007912561,8.90970558142246e-05,0.0103486814512297,0.00154966872901791,0.000263724995443193
0.000275360109116551,0.00528535861118268,0.000973111497860835,0.00145445288180285,0.00248469197731593,0.000695910291422519,0.00310070027264703,0.00357179209430647,0.000101124432229982,0.00177547567280667,0.00108842593664199,0.00452244049116218,0.00510892173849131,NaN,0.000334456597959498,0.000999738789701166,0.0101021661643271,0.016905635770798,0.000164796002830703,0.000774180578740624
0.00124457777174469,0.00108933734201089,7.5754521428717e-05,0.000906811233319593,0.00129814042195875,0.00464857275858976,0.000279354149467059,0.00189174669255276,0.000768661094155687,0.000539882970280403,0.00241486015912928,0.00375645831692378,0.000624736685890748,0.000954947744431722,NaN,0.00421732180524886,0.0083195569070097,0.0180268369315555,0.00700292712867201,0.000354545954123597
0.00552906666128361,0.00974589153590399,0.000655619914002536,0.00397047659344552,0.00369661861292125,0.00250420402467399,0.00451079788540998,0.00354083763254209,0.00158097669915425,0.00151883848791046,0.0108818483073743,0.00335595836728486,0.00277829070087476,0.00424908737599528,0.00387917203214361,NaN,0.00339813122718369,0.0128259275418825,0.0014185893432298,0.00580921602781825
0.000383376233308891,0.000985733040133413,0.000189006124765495,0.00113116510251796,0.000967639749523824,0.00340600061789736,0.000198903250757804,0.00152358466179242,0.00198270567045761,3.15722450529576e-05,0.00472567664489215,0.000351662034849459,0.000108181003559221,0.00204230427464666,0.00179272439917533,0.000619143248816068,NaN,0.000582563095563621,0.000610758310749165,0.00270877234103362
0.00277487167936608,0.000251820847519763,0.000244987711111949,0.000343282241240334,0.000426962231923206,0.00105373661928054,0.00024732607816752,0.00141691233338365,0.000476090306525373,0.000313459626257423,0.000141953139363771,0.000744674273838009,0.000969893551177547,0.00115426678587741,0.00137592415884125,0.000708668019863912,0.000254674345999795,NaN,0.00447699344963776,0.00572968491852288
0.00050055717907227,0.00024605629214397,6.67200515138411e-05,0.00249651732135958,0.000862624468567219,0.000664672678955675,0.000620746136754002,0.000863635038403199,0.00274791151618448,0.00250279604512268,0.00113665921303174,0.00330128610805,0.00194288747201105,0.00158628666112989,0.00183835308547914,0.000112972317464932,0.00548325450514342,0.000590608797001568,NaN,0.00389817490484534
0.0013539312596294,0.00511471479491907,0.00109573574096899,0.000381927882454919,0.00248382159039434,0.000178103646057692,0.00146646854101645,0.00109257090393319,0.00176430007066486,0.00272189518983992,0.00223354755125815,0.000424536692608057,0.000379489141839912,0.000453409138500088,0.0014070621455084,0.00275168795068581,0.000241966122044579,0.00142095260092689,0.00184027334474191,NaN
