10,6
11,5
11,9
12,1
12,2
12,7
13,10
14,4
14,8
15,3
15,9
17,10
26,9
27,10
31,10
35,9
35,10
42,10
44,9
46,10
48,9
50,10
53,9
56,10
60,9
61,10
65,10
67,9
70,10
76,9
76,10
81,2
82,10
86,5
86,9
88,1
88,10
89,4
91,9
92,6
93,7
94,10
95,8
97,9
101,2
101,9
103,10
105,3
105,9
108,1
108,10
110,9
115,9
118,10
122,9
126,10
128,4
129,9
132,10
137,10
138,5
140,9
141,10
146,10
149,9
150,10
153,10
157,10
158,9
162,10
166,10
169,9
172,10
176,10
177,9
182,10
184,2
184,9
188,8
188,10
191,7
191,9
192,10
196,4
196,9
198,10
199,2
199,6
202,3
202,9
203,1
203,10
205,5
206,9
208,10
211,9
218,9
218,10
220,4
224,9
226,10
233,9
234,1
234,10
237,9
239,10
244,9
245,10
250,9
252,10
256,9
258,10
261,9
265,10
266,9
270,9
272,10
274,9
275,4
278,10
279,9
283,2
284,9
285,10
286,1
288,8
290,9
291,5
293,7
293,9
293,10
297,6
297,9
299,3
300,4
301,10
302,9
304,2
306,9
311,9
311,10
315,10
316,9
320,10
322,9
327,9
328,10
334,9
335,10
340,9
343,10
348,9
353,9
353,10
354,5
354,8
357,10
358,9
362,9
362,10
364,1
368,9
368,10
372,9
374,7
376,9
378,2
378,10
380,4
381,9
386,10
387,9
389,1
390,6
394,3
394,9
395,10
400,4
400,9
402,2
402,10
405,9
406,5
407,10
410,9
412,10
418,9
418,10
423,10
424,9
428,9
429,10
435,9
438,10
440,9
442,4
444,9
446,10
449,9
451,2
454,9
454,10
455,8
458,5
458,9
461,1
461,10
462,9
466,9
471,9
471,10
476,9
476,10
483,9
483,10
489,10
491,9
498,4
498,9
498,10
499,7
502,6
502,10
506,10
507,9
508,2
510,3
511,10
516,1
516,10
517,5
517,9
521,10
523,9
529,10
531,9
536,10
538,9
543,9
544,10
546,9
548,4
550,9
551,10
554,9
559,2
559,9
562,10
563,8
563,9
568,10
569,9
575,10
577,9
579,10
583,10
586,9
589,10
591,4
592,10
594,9
596,10
598,9
600,3
600,7
602,9
602,10
606,2
606,5
607,4
608,1
608,9
609,6
609,10
610,8
611,2
613,9
613,10
619,9
621,10
627,10
628,9
634,9
634,10
639,10
641,9
645,10
647,9
652,9
653,10
660,4
660,9
661,10
664,5
665,2
665,9
665,10
669,1
671,10
673,9
679,7
679,9
681,10
685,9
688,10
690,9
692,10
697,10
702,10
703,4
704,9
707,10
713,8
714,10
717,6
717,9
720,2
720,3
721,1
722,10
723,9
726,5
727,10
730,9
732,10
736,10
739,10
742,9
743,10
748,10
753,10
754,9
756,10
760,10
764,10
765,4
767,9
768,10
774,10
775,9
778,10
779,1
781,9
782,10
785,10
788,10
792,10
793,2
795,9
797,10
803,9
804,10
809,2
810,7
811,10
814,5
816,6
816,8
816,9
817,4
818,3
818,10
820,1
820,9
821,2
823,9
828,9
828,10
834,9
841,9
841,10
845,9
850,9
855,9
856,10
862,9
865,10
871,9
874,10
878,9
881,4
883,10
888,9
889,8
891,2
891,10
893,6
894,7
896,9
896,10
897,5
898,1
900,2
900,4
900,9
902,10
905,3
905,9
909,9
915,9
915,10
920,9
921,10
925,10
929,9
931,10
933,9
938,9
938,10
945,9
947,10
950,4
950,5
952,10
953,9
954,1
955,6
959,9
960,10
961,7
963,2
963,10
967,10
968,8
969,9
970,10
974,10
976,9
979,10
983,9
984,10
989,10
992,9
993,10
994,3
997,10
1003,9
1004,10
1010,9
1010,10
1012,4
1017,9
1018,5
1018,10
1019,1
1021,10
1023,9
1027,10
1028,9
1029,2
1031,10
1034,9
1036,10
1040,10
1048,10
1049,9
1050,2
1052,4
1053,9
1056,5
1057,7
1057,9
1057,10
1058,6
1061,8
1061,9
1062,10
1068,9
1070,10
1074,10
1076,9
1081,9
1083,10
1086,9
1090,10
1091,9
1096,9
1097,3
1098,4
1098,10
1103,9
1104,10
1105,1
1107,2
1109,9
1111,10
1114,9
1119,10
1121,6
1122,9
1124,10
1127,9
1128,10
1133,10
1135,9
1139,9
1140,10
1143,9
1147,9
1153,2
1153,5
1153,9
1155,10
1156,9
1159,4
1160,9
1161,8
1164,10
1165,9
1166,3
1168,1
1168,7
1170,9
1171,10
1176,10
1177,9
1181,9
1183,10
1185,9
1189,9
1190,2
1191,10
1192,9
1196,9
1198,10
1201,9
1202,10
1205,9
1205,10
1208,10
1211,9
1212,10
1217,10
1218,9
1224,5
1225,10
1226,9
1228,6
1232,4
1233,9
1233,10
1234,1
1235,2
1235,8
1238,10
1239,3
1239,7
1239,9
1243,10
1244,4
1248,2
1249,9
1250,10
1257,9
1259,10
1262,9
1266,9
1268,10
1269,9
1272,9
1276,9
1278,10
1280,9
1282,10
1284,9
1287,10
1288,9
1291,9
1291,10
1294,9
1298,9
1299,10
1304,9
1304,10
1309,5
1309,9
1310,10
1313,9
1316,9
1321,2
1321,9
1321,10
1323,6
1325,9
1327,10
1328,9
1331,1
1331,7
1331,9
1334,9
1336,3
1336,8
1338,9
1339,4
1339,10
1342,9
1343,10
1348,9
1348,10
1354,9
1354,10
1362,10
1363,9
1369,9
1369,10
1374,9
1380,9
1380,10
1384,2
1387,4
1387,9
1387,10
1388,1
1391,5
1392,9
1392,10
1396,9
1397,10
1399,9
1402,9
1405,10
1406,9
1410,9
1415,10
1416,9
1418,7
1421,10
1422,9
1425,6
1428,9
1428,10
1435,9
1437,8
1440,3
1441,9
1441,10
1442,2
1443,4
1446,10
1447,9
1448,1
1452,9
1452,10
1453,5
1456,9
1459,10
1460,9
1464,10
1465,9
1469,9
1471,10
1473,9
1475,10
1478,9
1480,10
1482,9
1484,10
1486,9
1490,9
1490,10
1496,9
1496,10
1503,10
1505,9
1509,4
1509,10
1511,2
1513,8
1514,9
1514,10
1516,6
1518,1
1518,5
1518,7
1519,9
1520,3
1520,10
1521,4
1524,2
1525,9
1525,10
1529,1
1531,9
1531,10
1537,9
1542,9
1546,10
1549,9
1553,10
1554,9
1560,10
1562,9
1567,10
1571,9
1572,10
1578,10
1581,9
1588,9
1588,10
1589,2
1592,9
1595,1
1595,5
1597,9
1597,10
1599,4
1599,8
1602,9
1603,2
1604,6
1604,10
1605,7
1606,3
1607,9
1608,10
1611,4
1614,10
1618,9
1625,10
1630,9
1633,10
1635,9
1639,9
1639,10
1643,9
1646,10
1648,9
1653,9
1656,10
1658,9
1663,9
1665,2
1666,10
1668,9
1670,5
1673,10
1674,1
1674,9
1678,8
1679,4
1679,10
1680,9
1683,7
1686,6
1686,10
1687,9
1688,2
1691,9
1693,10
1697,9
1698,10
1704,9
1704,10
1708,9
1713,9
1716,10
1718,9
1719,2
1719,3
1721,10
1723,5
1725,9
1725,10
1729,8
1730,10
1732,9
1736,10
1740,9
1744,10
1751,9
1751,10
1754,4
1757,10
1759,9
1765,10
1766,1
1767,2
1768,9
1770,6
1771,10
1772,7
1776,10
1777,4
1778,9
1779,10
1783,2
1783,9
1783,10
1788,9
1788,10
1794,9
1796,10
1797,9
1802,9
1802,10
1807,5
1808,9
1809,10
1814,9
1815,10
1816,1
1817,9
1819,10
1821,9
1824,10
1826,9
1827,10
1830,10
1832,9
1835,10
1836,9
1839,9
1842,10
1843,9
1846,9
1850,9
1853,10
1854,9
1856,4
1858,8
1859,9
1860,3
1860,10
1861,6
1862,7
1863,1
1864,2
1864,9
1864,10
1870,10
1871,5
1871,9
1875,9
1876,10
1881,9
1881,10
1886,10
1888,9
1890,10
1894,10
1898,9
1899,10
1902,9
1906,10
1907,9
1912,9
1912,10
1918,10
1919,9
1923,2
1926,10
1927,1
1927,9
1934,9
1934,10
1940,5
1942,2
1942,9
1942,10
1944,4
1945,8
1947,3
1947,10
1948,6
1948,7
1949,9
1950,4
1952,1
1952,2
1952,10
1953,9
1957,9
1961,9
1962,10
1966,9
1971,9
1974,10
1977,9
1981,10
1985,9
1990,9
1990,10
1997,9
1998,10
2001,4
2003,9
2006,10
2007,9
2012,8
2013,10
2014,9
2017,3
2019,5
2019,10
2020,9
2023,2
2025,10
2026,9
2029,1
2032,9
2036,7
2036,10
2039,9
2041,10
2045,10
2050,10
2051,4
2053,2
2053,9
2055,10
2059,9
2061,6
2062,10
2063,9
2067,9
2069,10
2072,9
2073,10
2078,9
2078,10
2082,10
2083,9
2087,10
2089,9
2093,9
2096,10
2098,9
2099,8
2101,10
2102,1
2103,9
2107,9
2112,4
2112,5
2112,9
2112,10
2113,2
2115,9
2116,3
2118,7
2119,9
2121,10
2124,9
2125,4
2126,10
2128,9
2130,10
2133,10
2134,9
2138,10
2142,10
2143,9
2147,9
2147,10
2153,9
2153,10
2158,9
2162,10
2165,9
2167,1
2167,10
2171,10
2174,10
2177,10
2178,2
2181,10
2182,9
2184,6
2186,10
2187,9
2189,5
2191,8
2192,4
2192,10
2193,9
2197,3
2197,9
2199,10
2200,7
2201,9
2205,9
2207,10
2211,9
2211,10
2217,10
2219,9
2222,10
2224,9
2229,10
2231,9
2235,10
2238,10
2241,9
2242,10
2247,10
2253,1
2253,10
2254,9
2255,4
2259,5
2259,6
2259,9
2260,10
2261,2
2264,8
2266,9
2266,10
2269,1
2270,3
2271,9
2275,9
2276,4
2277,7
2277,10
2279,9
2284,10
2286,9
2287,2
2290,9
2293,10
2297,9
2299,10
2301,9
2305,9
2308,10
2311,9
2314,10
2318,9
2319,10
2324,10
2325,9
2327,2
2329,9
2330,10
2336,9
2339,2
2340,4
2340,5
2341,9
2341,10
2342,1
2346,6
2346,8
2346,9
2348,10
2349,7
2350,9
2352,3
2354,9
2355,10
2360,9
2364,9
2367,10
2369,9
2375,9
2377,5
2381,9
2381,10
2382,4
2385,10
2387,1
2389,9
2390,10
2395,10
2397,9
2401,10
2403,9
2404,2
2408,9
2408,10
2413,9
2417,9
2417,10
2423,9
2423,10
2430,9
2433,10
2438,10
2439,9
2443,10
2448,9
2449,10
2452,8
2453,7
2454,9
2455,10
2456,6
2458,4
2459,5
2461,1
2461,9
2461,10
2462,2
2462,3
2465,9
2466,10
2474,9
2476,10
2478,9
2482,10
2484,9
2490,9
2490,10
2496,9
2496,10
2502,9
2503,10
2508,10
2510,9
2515,4
2516,9
2516,10
2520,1
2521,5
2521,9
2521,10
2526,2
2526,10
2527,9
2528,7
2530,9
2530,10
2535,9
2538,10
2539,8
2540,9
2543,9
2544,10
2547,9
2551,10
2552,9
2557,9
2559,10
2565,9
2565,10
2570,9
2574,10
2575,4
2576,3
2576,6
2577,9
2578,10
2579,1
2581,2
2581,9
2583,4
2583,10
2585,9
2586,5
2587,10
2590,9
2593,10
2595,9
2598,9
2600,10
2602,9
2604,10
2608,9
2609,10
2612,9
2613,10
2616,9
2617,10
2623,9
2624,10
2626,7
2628,8
2628,9
2630,10
2632,9
2635,9
2639,9
2643,9
2643,10
2648,1
2649,9
2654,4
2654,9
2656,6
2657,5
2657,10
2658,2
2658,9
2662,9
2663,10
2668,9
2669,10
2675,9
2677,10
2681,10
2685,10
2687,2
2689,9
2689,10
2694,10
2699,10
2701,9
2704,4
2707,9
2707,10
2710,8
2711,9
2714,5
2714,10
2715,3
2715,9
2720,9
2720,10
2721,1
2725,9
2725,10
2730,9
2731,10
2734,7
2735,10
2737,9
2740,4
2741,9
2741,10
2745,2
2745,9
2747,10
2749,9
2754,10
2755,9
2761,9
2761,10
2769,10
2770,9
2775,5
2776,6
2777,9
2778,10
2779,8
2780,4
2782,9
2784,10
2785,1
2788,9
2789,10
2795,10
2797,4
2799,3
2800,9
2801,10
2805,4
2806,10
2808,9
2813,2
2813,10
2815,9
2819,10
2825,9
2827,10
2834,9
2834,10
2836,5
2839,10
2840,9
2842,10
2843,7
2846,10
2848,9
2849,10
2850,2
2852,10
2855,9
2856,10
2861,10
2862,9
2863,1
2867,9
2867,10
2872,10
2874,9
2879,10
2881,9
2886,10
2888,8
2889,6
2890,9
2891,10
2892,4
2893,3
2894,10
2895,7
2898,10
2899,9
2900,2
2902,10
2905,10
2909,9
2909,10
2914,10
2917,10
2919,9
2922,10
2926,10
2929,9
2929,10
2932,5
2933,10
2935,9
2938,10
2943,10
2946,1
2946,2
2947,9
2947,10
2952,10
2954,4
2957,9
2957,10
2963,9
2963,10
2967,9
2967,10
2972,9
2973,10
2977,9
2979,6
2979,10
2982,9
2983,8
2987,4
2987,9
2987,10
2988,1
2991,9
2994,7
2997,10
2998,9
2999,2
2999,5
3002,9
3002,10
3006,10
3011,9
3011,10
3015,3
3016,9
3018,10
3021,9
3026,9
3028,10
3034,9
3037,10
3038,9
3040,8
3041,10
3042,9
3045,10
3050,9
3050,10
3055,9
3056,10
3059,10
3061,9
3063,10
3068,9
3068,10
3072,10
3076,10
3077,9
3080,10
3082,1
3085,10
3086,9
3089,4
3089,6
3092,2
3092,7
3092,9
3092,10
3094,3
3094,5
3095,1
3095,4
3095,8
3096,9
3096,10
3100,2
3100,10
3103,10
3104,9
3108,10
3111,9
3114,10
3120,9
3124,10
3130,10
3134,10
3135,9
3138,4
3140,10
3143,9
3145,10
3151,10
3155,9
3160,2
3160,9
3161,10
3163,9
3164,5
3167,9
3170,10
3173,9
3177,9
3180,10
3182,9
3183,1
3186,10
3187,9
3190,10
3191,6
3192,4
3193,10
3194,9
3195,8
3196,7
3198,2
3198,3
3198,10
3199,9
3203,9
3204,10
3205,5
3209,9
3209,10
3216,10
3217,9
3222,9
3228,9
3230,10
3234,9
3239,10
3241,9
3245,9
3248,1
3250,9
3250,10
3255,2
3255,4
3255,9
3257,10
3259,5
3259,9
3261,10
3263,9
3266,10
3268,9
3271,10
3272,9
3276,9
3277,10
3282,10
3284,9
3286,10
3290,10
3292,9
3296,10
3301,9
3301,10
3306,1
3308,6
3309,4
3309,8
3309,9
3309,10
3312,7
3313,2
3313,10
3315,9
3316,3
3318,10
3321,1
3321,5
3321,9
3322,10
3324,9
3328,9
3328,10
3334,10
3335,9
3340,9
3340,10
3347,9
3347,10
3355,9
3355,10
3360,9
3364,10
3365,9
3369,10
3375,10
3376,2
3376,9
3377,4
3380,9
3381,10
3384,5
3384,8
3387,9
3387,10
3390,1
3391,10
3392,9
3396,6
3397,7
3397,9
3398,10
3403,4
3403,9
3403,10
3407,9
3408,10
3412,9
3413,10
3416,9
3419,10
3420,9
3423,10
3426,9
3428,10
3430,9
3435,9
3435,10
3440,9
3444,9
3444,10
3449,9
3449,10
3454,10
3456,2
3456,9
3458,3
3459,10
3461,9
3464,4
3466,5
3466,10
3468,9
3470,10
3474,10
3475,9
3476,8
3479,10
3481,9
3486,1
3486,10
3487,9
3493,9
3498,9
3498,10
3504,9
3506,10
3511,7
3511,9
3512,4
3513,2
3517,5
3517,9
3517,10
3521,1
3521,10
3525,9
3526,10
3529,6
3530,10
3531,9
3534,10
3537,9
3539,10
3543,9
3547,9
3548,10
3552,9
3553,8
3555,10
3556,9
3562,3
3562,9
3562,10
3568,9
3568,10
3573,2
3575,9
3575,10
3577,5
3579,9
3584,9
3587,10
3591,9
3596,9
3598,4
3601,9
3601,10
3603,2
3604,7
3607,9
3608,8
3608,10
3610,6
3611,1
3613,9
3613,10
3618,10
3621,10
3623,4
3623,9
3625,10
3627,9
3629,10
3633,10
3635,9
3637,10
3639,9
3642,10
3644,9
3646,10
3650,9
3651,10
3656,10
3659,9
3660,10
3661,5
3663,9
3664,10
3668,9
3668,10
3674,9
3674,10
3679,10
3681,1
3681,9
3683,10
3686,3
3687,10
3688,4
3688,9
3691,10
3693,2
3695,9
3695,10
3698,7
3700,8
3700,10
3705,10
3706,9
3710,10
3713,9
3715,10
3720,10
3721,9
3725,10
3729,9
3729,10
3733,6
3735,10
3737,9
3742,9
3742,10
3749,9
3749,10
3752,5
3755,9
3756,4
3757,10
3760,1
3762,3
3762,9
3763,2
3764,10
3766,9
3767,8
3768,10
3771,9
3773,10
3778,9
3779,10
3784,9
3784,10
3790,10
3791,9
3796,7
3796,10
3800,2
3801,10
3802,9
3807,9
3808,4
3811,10
3812,9
3819,9
3819,10
3827,10
3829,5
3831,1
3833,9
3833,10
3836,6
3838,10
3840,9
3844,9
3844,10
3850,10
3855,9
3856,2
3859,9
3859,10
3860,8
3864,4
3865,3
3865,9
3867,10
3869,7
3872,1
3872,9
3878,9
3879,10
3885,9
3889,9
3890,10
3894,9
3897,10
3900,9
3903,10
3908,10
3910,9
3912,10
3916,5
3917,10
3918,2
3919,9
3921,4
3921,10
3925,10
3926,9
3932,10
3933,9
3934,1
3939,10
3940,9
3943,6
3946,10
3947,8
3948,9
3951,2
3954,9
3954,10
3955,4
3955,7
3959,3
3960,9
3962,5
3962,10
3965,9
3969,10
3970,9
3974,10
3976,9
3979,10
3980,9
3985,9
3985,10
3989,9
3994,10
3995,9
3999,9
3999,10
4006,9
4006,10
4012,9
4013,10
4017,10
4019,9
4021,10
4022,6
4024,10
4026,9
4028,4
4029,10
4030,9
4032,2
4034,9
4035,10
4037,1
4040,9
4042,10
4044,7
4046,10
4048,9
4053,9
4055,8
4055,10
4059,9
4060,10
4067,10
4068,9
4070,1
4072,2
4073,4
4073,5
4073,10
4074,9
4078,9
4079,3
4079,6
4080,10
4083,9
4088,9
4091,10
4095,9
4098,10
4103,10
4104,9
4106,2
4109,9
4110,10
4117,10
4119,4
4119,9
4120,8
4123,9
4123,10
4129,9
4129,10
4136,9
4138,10
4142,10
4144,9
4150,10
4152,7
4152,9
4154,1
4156,5
4156,9
4156,10
4160,4
4160,9
4161,10
4164,2
4164,9
4165,10
4168,9
4170,10
4174,9
4174,10
4178,9
4179,10
4184,9
4185,10
4188,9
4191,10
4194,9
4198,9
4198,10
4204,9
4205,10
4210,9
4212,10
4213,6
4216,1
4218,3
4218,9
4219,8
4220,10
4221,7
4222,9
4223,4
4225,9
4226,10
4227,2
4229,5
4229,9
4232,9
4233,10
4236,9
4241,9
4246,9
4248,10
4252,9
4252,10
4256,9
4258,10
4261,9
4265,10
4267,9
4271,10
4272,9
4277,9
4277,10
4282,9
4282,10
4289,9
4289,10
4292,5
4295,9
4295,10
4297,2
4297,4
4298,1
4300,6
4300,9
4300,10
4301,8
4303,4
4303,7
4304,9
4306,10
4310,10
4313,9
4317,10
4320,9
4324,10
4325,9
4329,9
4333,9
4335,10
4342,9
4343,10
4347,9
4351,9
4351,10
4353,3
4356,9
4357,5
4360,10
4361,9
4367,9
4369,10
4376,2
4376,4
4376,10
4377,9
4378,1
4380,6
4381,9
4384,10
4386,9
4390,8
4393,9
4395,7
4395,10
4399,9
4399,10
4403,2
4405,10
4406,9
4411,9
4413,10
4418,9
4420,10
4424,10
4426,4
4426,9
4429,10
4430,5
4433,9
4433,10
4437,10
4438,9
4442,9
4442,10
4443,1
4447,9
4448,10
4453,10
4455,9
4457,8
4458,10
4463,10
4464,9
4465,3
4469,9
4469,10
4474,4
4474,9
4476,10
4478,2
4482,6
4482,9
4482,10
4483,5
4486,9
4486,10
4487,7
4490,10
4491,9
4493,2
4494,10
4497,9
4497,10
4501,9
4501,10
4505,10
4506,9
4510,10
4511,9
4515,9
4515,10
4521,9
4522,10
4527,1
4527,9
4528,4
4531,9
4533,10
4537,10
4539,9
4541,10
4545,10
4548,9
4549,10
4553,10
4555,2
4556,9
4557,10
4562,9
4563,10
4567,9
4569,10
4571,9
4574,9
4576,10
4578,9
4581,10
4582,9
4585,10
4587,9
4592,10
4593,6
4595,3
4595,5
4596,8
4596,9
4597,2
4597,10
4599,1
4599,4
4599,7
4600,9
4601,10
4605,9
4610,9
4610,10
4617,9
4617,10
4623,9
4626,10
4630,9
4632,10
4637,4
4637,9
4638,10
4641,9
4643,10
4646,2
4646,9
4647,10
4650,9
4654,9
4654,10
4656,1
4657,9
4660,10
4661,5
4661,9
4665,9
4666,10
4670,9
4673,10
4675,9
4679,10
4682,9
4689,9
4690,10
4691,3
4697,6
4697,8
4697,10
4698,2
4698,9
4701,4
4701,9
4702,10
4706,9
4707,7
4707,10
4710,9
4711,10
4714,9
4716,10
4717,9
4720,9
4722,10
4723,9
4727,9
4728,10
4729,5
4730,9
4733,9
4734,10
4738,9
4742,9
4747,9
4748,10
4751,9
4756,9
4756,10
4761,1
4763,9
4764,10
4770,4
4770,10
4772,9
4774,2
4776,9
4776,10
4784,9
4784,10
4786,1
4787,2
4787,7
4789,6
4789,9
4791,8
4791,10
4792,4
4794,5
4794,9
4795,10
4801,3
4801,10
4806,10
4812,10
4817,2
4817,9
4818,10
4823,9
4826,10
4830,10
4831,9
4837,10
4841,9
4842,10
4846,9
4846,10
4849,10
4851,9
4853,10
4857,10
4858,9
4861,10
4864,1
4865,10
4866,9
4868,10
4872,10
4876,9
4876,10
4881,10
4886,10
4887,9
4889,4
4892,10
4893,2
4893,5
4893,8
4894,6
4895,9
4896,3
4896,4
4896,7
4896,10
4897,1
4899,2
4899,10
4901,4
4901,9
4904,10
4911,9
4912,10
4917,10
4918,9
4922,9
4923,10
4927,9
4932,9
4932,10
4938,9
4938,10
4944,9
4946,10
4949,9
4951,10
4955,9
4957,10
4962,9
4963,10
4968,9
4970,5
4971,10
4976,9
4977,4
4978,7
4979,1
4980,9
4980,10
4981,2
4984,9
4989,9
4992,8
4992,9
4994,10
4996,9
