9,6
12,1
12,8
12,10
13,3
13,4
13,7
15,9
17,1
17,5
18,2
19,6
20,3
20,10
23,9
25,10
29,10
31,9
33,10
38,10
40,9
46,10
50,9
51,10
55,1
60,10
64,9
65,10
70,10
75,10
79,9
80,10
84,10
87,8
88,9
89,10
93,10
94,9
95,7
98,10
101,1
101,3
101,9
102,10
105,4
107,10
108,9
111,2
112,5
112,10
116,6
116,10
119,9
120,10
125,10
128,9
131,10
135,10
139,9
141,10
145,10
148,1
149,10
151,8
153,10
154,9
157,1
157,6
158,10
162,9
162,10
165,3
166,10
167,7
170,9
170,10
174,10
176,9
178,10
182,9
182,10
187,10
191,9
193,10
198,1
202,10
203,4
203,9
204,3
206,2
207,5
207,9
209,10
213,9
220,10
221,9
226,10
231,7
233,9
234,10
236,1
240,8
243,6
243,10
244,9
249,1
249,10
253,9
258,10
262,9
266,10
271,9
271,10
272,3
276,10
281,10
283,9
284,1
288,5
289,10
291,4
294,9
297,10
304,9
304,10
306,2
309,9
310,10
312,7
313,9
316,6
318,10
319,1
319,9
323,10
325,8
326,9
327,10
333,9
333,10
339,10
341,9
350,9
352,10
353,3
357,10
358,9
364,10
366,7
367,9
373,10
378,9
381,1
382,10
383,9
389,9
394,10
395,5
397,9
398,6
399,8
400,4
403,3
403,10
404,2
405,1
405,9
410,10
415,9
421,10
430,9
433,10
440,9
446,7
446,10
450,9
451,3
455,1
455,10
459,6
460,9
461,8
468,10
469,4
471,9
476,10
479,9
483,10
484,1
487,5
487,9
491,2
492,10
495,9
500,10
503,9
509,10
515,9
524,9
524,10
532,3
532,9
533,10
536,7
540,6
540,9
541,10
542,1
551,4
551,9
555,10
563,9
564,1
565,10
566,8
570,5
571,9
572,10
574,2
579,10
580,9
590,3
591,9
591,10
604,10
608,7
608,9
613,10
616,6
619,1
620,9
622,4
622,10
627,10
631,8
631,9
633,10
638,2
640,10
642,9
649,10
656,10
657,3
658,1
661,5
661,9
665,10
667,3
668,9
673,7
675,10
677,9
683,10
686,6
689,9
691,10
696,10
701,9
701,10
707,10
712,1
712,10
714,9
718,8
719,10
720,4
723,9
729,10
734,3
734,10
737,5
737,9
739,10
744,2
744,10
747,10
751,9
752,10
756,10
760,10
761,9
762,6
766,10
767,7
772,1
772,9
772,10
777,8
779,10
783,1
786,9
788,3
790,10
793,4
796,9
796,10
803,10
805,9
809,10
816,10
817,9
821,10
826,9
826,10
831,10
835,10
838,5
839,6
840,10
841,9
842,2
844,7
846,10
847,1
848,9
856,8
856,10
860,9
863,10
864,1
865,3
868,9
869,10
876,10
877,9
886,10
889,9
894,6
894,10
896,9
898,1
901,10
903,9
904,3
909,10
911,5
912,9
914,4
915,10
919,10
921,8
921,9
925,10
928,2
931,10
932,1
932,9
935,7
940,10
946,9
950,10
951,3
956,9
958,10
964,10
967,6
967,9
971,10
978,10
980,9
983,10
987,1
991,9
991,10
995,3
996,2
997,10
1001,7
1001,8
1002,10
1004,4
1004,9
1009,1
1010,10
1017,10
1020,6
1021,9
1026,10
1033,5
1033,10
1035,9
1041,10
1043,9
1052,10
1054,9
1061,10
1064,1
1067,9
1067,10
1074,10
1080,3
1081,10
1084,2
1085,9
1087,10
1089,7
1093,9
1094,10
1096,6
1103,10
1107,8
1109,4
1109,9
1112,1
1112,10
1120,3
1121,9
1123,10
1124,5
1132,9
1133,10
1145,7
1150,9
1150,10
1151,3
1157,9
1157,10
1168,2
1171,6
1172,10
1174,9
1177,1
1183,10
1187,9
1188,8
1193,10
1196,4
1201,9
1202,10
1203,5
1208,10
1210,9
1211,3
1215,9
1216,1
1217,10
1218,7
1220,9
1227,9
1234,9
1234,10
1242,6
1242,10
1247,1
1247,9
1251,10
1253,2
1253,9
1258,9
1264,9
1266,10
1271,9
1277,3
1277,9
1277,10
1279,8
1282,9
1283,10
1287,4
1292,9
1292,10
1294,5
1298,9
1301,6
1302,10
1303,1
1304,9
1305,7
1309,9
1312,10
1316,9
1318,10
1323,10
1325,9
1331,9
1331,10
1336,9
1340,10
1342,2
1343,9
1348,1
1348,9
1350,10
1351,3
1354,9
1356,8
1359,10
1362,6
1366,10
1368,9
1376,10
1377,4
1378,7
1380,9
1381,1
1390,3
1390,10
1392,5
1392,9
1400,9
1401,10
1411,9
1414,10
1420,9
1427,2
1427,10
1428,9
1432,1
1436,10
1439,8
1440,6
1444,7
1445,3
1445,9
1446,10
1454,9
1454,10
1460,10
1461,9
1466,9
1467,10
1474,4
1474,9
1474,10
1479,10
1480,9
1483,5
1483,10
1487,10
1490,9
1493,10
1498,9
1501,10
1502,1
1505,2
1508,9
1508,10
1509,8
1510,6
1516,3
1518,10
1519,9
1521,7
1527,9
1528,10
1538,1
1542,9
1542,10
1553,10
1556,9
1557,3
1559,10
1561,9
1564,10
1568,9
1574,10
1579,9
1580,10
1585,10
1586,9
1590,1
1592,8
1593,4
1593,6
1593,10
1594,5
1594,9
1596,2
1599,10
1600,7
1605,9
1611,10
1617,9
1618,10
1622,10
1625,9
1626,10
1630,10
1631,9
1636,10
1637,9
1643,10
1644,9
1650,10
1653,9
1654,3
1655,1
1658,10
1660,9
1662,4
1663,8
1665,10
1667,9
1669,6
1673,10
1680,2
1680,10
1684,7
1685,9
1686,10
1689,1
1693,9
1697,5
1701,10
1703,9
1712,10
1715,3
1717,9
1719,10
1727,9
1727,10
1734,10
1736,9
1743,10
1745,3
1747,4
1747,9
1747,10
1749,8
1752,6
1752,10
1754,1
1756,9
1758,10
1759,5
1765,10
1766,7
1769,9
1770,2
1772,10
1775,9
1783,10
1787,9
1792,1
1792,10
1799,10
1804,9
1809,10
1811,9
1815,10
1818,9
1822,3
1822,10
1825,8
1826,6
1826,9
1828,10
1832,5
1832,10
1836,4
1836,9
1837,1
1837,2
1840,10
1841,9
1845,7
1845,10
1850,10
1856,9
1857,10
1864,10
1865,9
1872,10
1875,1
1876,9
1882,10
1886,9
1886,10
1892,10
1893,8
1897,6
1897,10
1898,3
1900,9
1903,10
1905,7
1906,4
1908,9
1913,10
1921,5
1921,10
1925,9
1925,10
1929,2
1930,1
1931,10
1934,9
1936,3
1938,10
1940,9
1948,10
1950,9
1956,9
1957,1
1961,10
1965,9
1968,10
1972,6
1972,9
1975,10
1981,8
1984,10
1985,9
1986,7
1990,9
1991,10
1992,4
1996,3
1998,9
2001,10
2005,9
2007,1
2009,5
2011,9
2014,2
2015,3
2016,9
2017,10
2021,9
2025,9
2029,9
2029,10
2035,9
2038,10
2041,1
2041,9
2047,9
2047,10
2054,6
2054,9
2060,7
2061,9
2064,10
2067,4
2071,9
2072,3
2073,10
2078,8
2081,9
2081,10
2082,2
2085,1
2087,10
2089,9
2096,10
2101,9
2109,5
2110,7
2111,9
2113,10
2114,6
2118,9
2122,10
2125,3
2128,9
2132,10
2134,1
2139,9
2139,10
2141,8
2146,4
2147,10
2148,1
2149,2
2149,9
2155,10
2161,9
2161,10
2166,10
2167,9
2170,10
2174,9
2175,10
2179,10
2181,9
2183,6
2185,10
2186,9
2189,10
2190,3
2191,9
2194,10
2198,9
2200,10
2205,7
2205,10
2206,9
2210,1
2211,10
2216,9
2219,10
2221,5
2223,4
2225,10
2227,3
2229,8
2231,9
2231,10
2234,1
2235,2
2237,9
2237,10
2243,6
2246,9
2246,10
2253,9
2254,10
2261,10
2262,9
2269,10
2273,9
2279,7
2280,9
2283,10
2288,9
2294,9
2295,3
2295,10
2298,1
2299,4
2299,10
2301,9
2306,10
2307,9
2308,5
2310,8
2313,2
2313,9
2314,10
2319,9
2319,10
2324,10
2325,6
2329,9
2332,10
2336,1
2336,9
2341,10
2343,9
2351,10
2356,9
2356,10
2364,9
2364,10
2370,9
2370,10
2374,2
2376,10
2377,9
2379,3
2382,10
2384,1
2385,7
2386,10
2387,9
2391,10
2392,6
2392,8
2396,4
2396,10
2397,5
2400,9
2406,10
2408,9
2414,10
2422,9
2424,1
2424,10
2427,3
2429,10
2434,9
2435,10
2441,10
2446,9
2447,10
2452,10
2456,9
2462,7
2462,10
2464,9
2466,6
2467,2
2472,9
2472,10
2474,1
2474,8
2476,3
2479,9
2479,10
2480,5
2485,10
2489,9
2496,10
2499,4
2501,10
2502,9
2510,10
2511,9
2519,9
2521,10
2526,7
2527,10
2529,6
2531,1
2532,9
2534,10
2535,2
2538,3
2539,10
2541,9
2544,10
2547,10
2552,10
2556,9
2557,8
2557,10
2562,10
2567,9
2567,10
2570,1
2572,10
2577,10
2582,5
2582,10
2586,9
2588,3
2588,10
2592,10
2593,9
2601,10
2605,4
2606,9
2606,10
2609,6
2612,7
2612,10
2614,9
2617,1
2619,9
2621,2
2625,10
2626,9
2634,1
2636,10
2637,9
2645,8
2647,10
2648,3
2651,9
2651,10
2658,9
2658,10
2664,10
2665,9
2668,10
2672,9
2672,10
2677,10
2681,9
2682,10
2688,9
2689,10
2691,7
2695,4
2695,6
2695,10
2697,1
2698,9
2699,3
2699,5
2701,10
2702,8
2704,2
2706,9
2706,10
2713,9
2716,10
2724,10
2728,9
2735,9
2740,9
2742,10
2746,9
2750,6
2751,1
2751,9
2755,10
2756,9
2762,3
2763,9
2763,10
2772,9
2772,10
2774,7
2775,1
2780,9
2780,10
2786,4
2788,10
2789,8
2790,5
2791,9
2794,10
2795,2
2798,10
2799,9
2803,10
2806,9
2810,10
2815,1
2815,9
2815,10
2821,10
2823,9
2827,10
2830,9
2833,10
2836,9
2837,6
2841,10
2842,9
2849,7
2850,9
2850,10
2853,3
2856,10
2858,9
2861,10
2866,9
2866,10
2871,10
2873,9
2874,8
2878,10
2880,1
2881,5
2882,10
2883,9
2886,3
2887,2
2887,4
2888,10
2890,9
2894,3
2894,6
2895,10
2897,9
2904,10
2910,10
2911,9
2919,9
2919,10
2923,7
2927,10
2929,9
2930,1
2937,10
2938,9
2945,9
2946,10
2951,9
2957,9
2958,10
2962,2
2965,9
2966,6
2966,10
2975,5
2975,8
2975,9
2977,10
2981,3
2983,1
2983,9
2984,4
2985,10
2988,7
2993,9
2993,10
2998,9
3001,10
3006,9
3006,10
3015,10
3016,9
3020,1
3025,8
3025,9
3029,10
3031,9
3035,6
3036,9
3038,10
3042,9
3044,3
3048,9
3050,5
3051,2
3052,10
3055,7
3060,1
3061,10
3062,9
3070,9
3072,10
3081,4
3082,9
3082,10
3088,9
3092,10
3093,9
3099,3
3100,9
3103,10
3104,8
3105,9
3110,1
3110,9
3113,10
3114,9
3118,9
3123,9
3129,10
3130,9
3133,6
3138,2
3138,7
3138,10
3139,1
3140,9
3142,10
3147,9
3147,10
3152,10
3155,9
3156,10
3161,10
3162,9
3167,10
3169,9
3175,10
3176,1
3178,3
3179,9
3182,5
3182,8
3183,10
3184,4
3186,9
3192,9
3194,10
3200,9
3206,1
3208,10
3211,9
3214,6
3218,10
3220,7
3220,9
3228,2
3229,3
3230,9
3231,10
3235,9
3237,10
3243,10
3245,9
3251,10
3252,1
3252,9
3261,10
3263,9
3268,9
3275,8
3275,9
3276,5
3276,10
3278,4
3280,9
3283,10
3286,9
3290,2
3290,7
3291,10
3293,9
3295,1
3296,6
3299,3
3300,9
3301,10
3306,10
3309,9
3311,10
3318,10
3323,9
3324,10
3333,10
3338,9
3341,1
3342,8
3343,10
3347,9
3350,6
3350,10
3353,9
3357,10
3358,9
3364,9
3366,10
3368,2
3370,7
3371,9
3373,10
3375,4
3377,9
3377,10
3383,1
3383,10
3384,9
3386,5
3387,3
3390,10
3393,8
3393,9
3399,10
3401,9
3408,10
3413,9
3414,10
3421,10
3425,9
3427,6
3427,10
3432,10
3433,1
3439,10
3441,9
3447,10
3451,7
3453,10
3454,9
3458,10
3460,9
3461,4
3464,10
3465,1
3465,3
3465,9
3469,8
3470,9
3470,10
3476,9
3476,10
3482,2
3482,5
3482,9
3482,10
3488,9
3488,10
3489,6
3494,10
3495,9
3503,10
3504,9
3509,10
3513,1
3516,9
3520,10
3522,3
3525,7
3526,9
3527,10
3531,1
3532,10
3536,8
3537,9
3538,10
3545,10
3547,9
3556,10
3558,4
3561,9
3563,5
3566,2
3566,10
3569,3
3572,9
3572,10
3574,1
3578,6
3580,10
3583,9
3595,10
3599,7
3601,9
3603,10
3610,10
3611,9
3620,10
3625,8
3628,1
3628,10
3630,6
3631,9
3637,3
3642,5
3642,9
3642,10
3649,2
3649,9
3652,4
3654,10
3660,9
3665,7
3666,10
3671,9
3671,10
3677,10
3680,9
3689,3
3689,9
3692,10
3697,10
3699,1
3702,9
3702,10
3709,10
3712,8
3713,10
3714,5
3716,9
3720,10
3721,4
3726,2
3726,10
3727,6
3729,10
3732,9
3733,1
3734,10
3740,7
3740,10
3742,9
3745,3
3745,10
3747,9
3754,10
3756,9
3765,9
3765,10
3773,8
3775,9
3776,6
3777,10
3781,1
3782,9
3785,10
3790,9
3791,10
3793,3
3795,9
3797,10
3802,10
3803,9
3809,10
3814,2
3816,9
3818,10
3821,7
3822,6
3827,1
3827,10
3828,5
3829,9
3832,4
3833,8
3836,9
3838,10
3846,9
3846,10
3854,3
3857,9
3857,10
3863,10
3864,9
3869,10
3873,10
3874,9
3878,10
3880,9
3883,1
3885,9
3885,10
3891,10
3893,9
3896,6
3899,10
3903,7
3904,9
3908,4
3908,8
3909,2
3911,5
3911,9
3911,10
3913,3
3917,9
3917,10
3920,1
3925,10
3931,9
3937,10
3944,9
3946,10
3951,3
3953,10
3954,1
3955,9
3965,9
3966,10
3974,10
3975,9
3977,6
3979,10
3980,9
3987,7
3987,10
3988,9
3990,8
3994,4
3994,10
3998,2
3999,1
3999,9
4000,10
4005,9
4007,3
4010,10
4011,9
4012,5
4017,9
4020,10
4023,9
4025,10
4029,10
4032,9
4033,10
4037,1
4039,10
4041,9
4045,10
4051,9
4054,10
4062,9
4063,10
4065,1
4068,7
4068,8
4068,9
4070,6
4071,10
4072,4
4074,2
4074,9
4076,10
4079,3
4079,9
4081,10
4084,9
4088,10
4089,5
4092,9
4093,10
4100,9
4101,10
4104,1
4106,9
4110,10
4116,9
4117,10
4124,10
4126,9
4130,1
4133,10
4134,6
4138,9
4138,10
4140,7
4144,9
4145,10
4146,8
4150,9
4150,10
4152,1
4155,10
4157,9
4161,10
4166,9
4166,10
4171,10
4176,4
4176,10
4177,9
4181,3
4182,9
4183,10
4190,9
4191,2
4192,6
4194,1
4194,10
4199,10
4201,5
4201,9
4208,10
4214,10
4216,7
4217,9
4219,3
4219,10
4222,8
4222,10
4225,9
4226,10
4231,10
4237,10
4238,9
4241,1
4243,10
4244,9
4249,10
4251,9
4255,10
4258,9
4263,9
4264,10
4269,2
4270,9
4270,10
4278,9
4279,10
4283,3
4283,7
4285,1
4285,10
4287,9
4288,4
4288,5
4295,10
4297,8
4301,6
4302,9
4302,10
4310,10
4317,9
4318,10
4326,1
4331,9
4333,3
4334,10
4337,9
4344,10
4345,9
4346,2
4353,7
4353,9
4355,10
4360,9
4367,4
4368,10
4371,6
4372,9
4373,5
4376,10
4384,8
4384,10
4385,9
4390,10
4393,1
4397,9
4397,10
4399,3
4413,10
4416,1
4417,9
4418,10
4425,10
4426,9
4431,9
4434,10
4437,9
4443,7
4444,2
4445,9
4448,1
4448,10
4449,3
4449,4
4449,6
4452,8
4453,9
4454,10
4462,9
4462,10
4469,10
4472,9
4479,5
4479,10
4482,9
4484,3
4488,10
4490,9
4496,1
4497,9
4505,10
4511,6
4512,7
4512,9
4515,4
4515,10
4516,2
4517,9
4523,9
4525,10
4531,10
4535,8
4535,9
4537,10
4538,1
4541,9
4544,10
4549,9
4551,3
4551,10
4556,10
4557,9
4561,10
4565,10
4566,9
4573,10
4581,5
4581,9
4583,10
4584,3
4586,9
4588,10
4591,2
4593,9
4594,6
4594,10
4599,10
4602,9
4604,7
4607,1
4608,4
4609,9
4611,8
4614,10
4619,9
4631,10
4632,9
4639,10
4643,1
4646,9
4648,10
4652,9
4660,3
4661,10
4662,9
4663,5
4669,10
4673,2
4673,7
4673,9
4674,10
4676,6
4678,1
4680,10
4681,9
4685,10
4688,10
4692,10
4694,8
4695,9
4697,10
4703,10
4707,9
4707,10
4708,4
4713,10
4715,3
4717,10
4718,9
4724,9
4726,10
4731,9
4735,10
4737,9
4745,10
4749,9
4752,10
4753,2
4757,1
4757,7
4758,6
4759,9
4760,10
4764,4
4764,9
4769,1
4770,9
4772,5
4772,10
4775,8
4777,9
4777,10
4782,9
4783,10
4788,9
4788,10
4794,9
4796,10
4800,9
4803,10
4809,1
4809,9
4809,10
4811,3
4814,10
4816,9
4820,7
4823,9
4823,10
4827,6
4829,10
4832,9
4834,10
4838,9
4838,10
4843,9
4843,10
4846,2
4848,10
4849,9
4853,1
4855,9
4855,10
4857,4
4860,9
4860,10
4861,3
4862,8
4864,10
4867,9
4868,5
4868,10
4875,10
4876,1
4878,6
4882,10
4885,9
4892,10
4898,10
4899,9
4906,10
4913,10
4916,9
4923,10
4926,7
4926,9
4928,1
4930,10
4932,9
4937,10
4941,9
4944,3
4946,8
4948,2
4948,10
4949,9
4950,6
4954,10
4956,9
4962,10
4963,9
4970,9
4971,10
4978,9
4978,10
4984,9
4988,10
4990,4
4990,9
4994,5
4995,1
4995,9
4996,10
4998,3
