NaN,0.000224200444059464,0.00268268271791949,0.0012757287143873,0.00307634250330557,0.0130167534088473,0.00503433991106106,0.00278190184647698,0.000715127669712379,0.00449498451242281,0.00696750471032753,0.000149472151160457,0.00227543760238247,0.000116640037630789,0.00192349500930999,0.00420821212601818,0.0192065954161453,0.0168597264701985,0.02283501010117,0.012359748014017
0.0118349605904727,NaN,0.00149584402957059,0.00637996172235167,0.00169662286322614,0.0139950674059974,0.00224809935119408,0.00127317891346557,0.000622185473559078,0.0107613195234453,0.00369669850898169,0.00383606055589603,0.00128530873951738,0.00175792418484877,0.00553908691784288,0.000307293325974678,0.0284176910621006,0.0190239750446253,0.0231008055521849,0.00808146775906582
0.00500242646836341,0.00623526260815871,NaN,0.00203157875402715,0.00135570273872193,0.00718132891238549,0.000394645728355847,0.00150633903441783,0.00657501378053676,0.00714999485641526,0.00394338866232197,0.00237741335603109,0.0043762009140193,0.00183074348039741,0.00208898329306201,0.00190961474578027,0.0160638949106075,0.0148876539133678,0.0213079911022338,0.00417178508034149
0.000864969029331863,0.00283446242034047,0.00747058324667038,NaN,0.000798233515354685,0.000228477891884071,2.39445157601548e-06,0.00127236869694736,0.00242613146133708,0.00349889970620543,0.00631844678956739,0.00152520925676869,0.0145527681637528,0.000222379825912444,0.0195444786030161,0.00238423036403712,0.0156552741666975,0.00886051514294039,4.21732178182976e-05,0.00318043609329
0.00375737049513625,0.0143905514479895,0.00361365949993442,0.0034354096057736,NaN,0.00670250110693327,0.00356772453105514,0.00148448200670626,0.000960788417701974,0.00284600418456427,0.0123773418332657,0.0100433433881787,0.009306571938557,0.00170325129044446,0.00104998878101303,0.000540285970503485,0.0302531178694765,0.00988997699907079,0.0297853045519988,0.00937985552018294
0.00193289350163428,0.0055370335486199,0.00441606365818414,0.00077068685103765,0.00201830704868988,NaN,0.00833399690635628,0.00104150681334314,2.78141400344989e-06,0.00125098288308079,0.00344421203976131,0.00111600281807356,0.0012742108660464,0.00523436751221362,0.0214080855620423,0.000633569273761903,0.0208512731934855,0.0225620739488601,0.0237637366126419,0.0074974813137253
0.000163923919435316,0.0233433464947255,0.00529137589774553,0.000881898864371289,0.000221368305999725,0.00290178188010426,NaN,0.00362105124680234,0.00281440971686486,0.00411092157734039,0.00227378481702789,0.00776433833317247,0.00159492092881464,0.00228822293113806,0.00730080318565007,0.00801355053805042,0.0237192570490588,0.0126736939586148,0.036156650231213,0.0107158050222531
0.000751974995559568,0.00362005603840077,0.000309332179327937,0.00781710780056244,0.000890587987859126,0.00202500955207607,0.00398357704118601,NaN,0.00113699479494278,0.0027070581018156,0.000443451400665484,0.00254676806389542,0.00228339356865703,0.00629848072874772,0.000303036720057048,0.0104252972085657,0.000362698322344146,0.00756010453522249,0.0153432303007746,0.00140226243146613
0.0112207693347385,0.00521887613368965,0.000279759580873895,0.00190963041932857,0.00306281746086512,0.00802718387386769,0.016050859057879,0.00147640681621697,NaN,0.00362810919891909,0.00720921728793478,0.000178752098169532,0.000782638904288979,3.45957256164819e-05,0.00866258233814077,0.000251295306635924,0.0216408179409325,0.0149022957598077,0.0256879775023006,0.00528231694094639
0.0026403313426645,0.00422786263188069,0.00115157856069292,0.00416858551965893,0.000172541311750263,0.00183514115110528,0.00235600439208006,0.00252210339914605,0.00200486425125668,NaN,0.00127639505120225,0.000416031378556836,0.00778564637954804,0.00069250273777155,0.00595756900345945,0.00118992834466058,0.0121824879128166,0.0122370080456615,0.00123362741861588,0.00109740400498315
0.0106535777327129,0.00460477510284274,0.00347455740885616,0.00398587013706353,0.00114596562431712,0.00147364392946991,0.000961171257790827,0.00246723911791247,0.00340425461390159,0.00152268457385929,NaN,0.00563981774400779,0.00150103784221323,0.00105381406824334,0.000314375445854886,0.00301589148352244,0.0131642421400002,0.00839809348614673,0.0171900294514288,0.00386235428945947
0.00322719020239082,0.00205652848135629,0.00355426919498236,0.00317124209838049,0.000553738685738825,0.0080367762578506,0.00251837109362696,0.000153085956697607,0.00105859549896781,0.00125723089915764,0.00940279734820182,NaN,0.00213601011429754,0.000248263921740044,0.00453975272103313,0.00107851306126971,0.0228851858040049,0.0119330969519659,0.0224338526664537,0.00611872950995962
0.00026290249238714,0.000536861415483703,0.000141946878902344,0.00143785088491599,0.00130957244686702,0.00430961270739827,0.00470578676909228,0.00706222065756223,0.0017140701693259,0.00341576689523504,0.00044917122153143,0.00247281654578313,NaN,0.00946458156550256,0.00220106604333514,0.00577312708472655,0.00074041143811876,0.00233908727084364,0.0143372321725457,0.00206336403976737
0.000308570342155146,0.000809107140345766,0.00204546687767571,0.00330274877505965,0.00165845835327083,0.0010725505499467,0.00477851648731753,0.00362344135910919,0.000890304982693602,0.00163374065572164,0.0087793304256093,0.00460963232662781,0.00127343214016773,NaN,0.0019988974510986,0.00234164606869125,7.88586949990178e-05,0.000490797875537852,0.0182462672521855,0.00621256155357219
0.00334708157726815,0.0102052014901125,0.000911513356890659,0.0107976144003014,0.00265965846509952,0.00422814702000918,0.000382848803955782,0.00183758807456402,0.00752342864380928,0.000930978579141595,0.000838742057662767,0.00175984303081111,0.0126096231879128,0.00522758178057625,NaN,0.00105744967605503,0.00344131423028393,0.00805870169440781,0.0181256355388127,0.00605893385610479
0.00228246940548782,0.00608651251489223,0.00122283734789574,0.00411916829527759,0.00218261047999369,0.003465816076894,0.000438407050362133,0.00156349525816141,0.00301015628571621,0.000740114690286564,3.87303868624178e-05,0.00189749312439452,8.47958042736741e-05,0.00400880266351489,0.000694735148719539,NaN,0.000730795771930526,0.00799866380712677,0.0139678611340834,0.00278322090945859
0.00289024162974869,0.000399950609959288,0.00144595091748734,0.0014472325891878,0.00126419486787047,0.00216672664135439,0.00238758928559149,0.00342497640377032,0.000598250611545087,0.000672746612007585,9.10013114720776e-05,0.00265434472666434,0.00173361182516404,0.000939196013596238,0.000534966599854581,0.00116385291323037,NaN,0.00581603805561873,0.00110068619148357,0.00363687073811941
0.00267386265843839,0.00135941478983348,0.00250091134322086,0.00330201624888879,0.00153195090277061,0.000173310015375766,0.00354574054039555,0.00191510619657861,0.00218871117939751,0.00109258116029678,0.000835299008744461,0.00308321585642893,0.000506495347920521,0.000343650782233335,0.00162368628626111,0.000995100818677902,0.00459109956051118,NaN,0.0081831311840278,0.00112363593692846
0.000410044670736909,5.98280621371128e-05,0.000783373622723432,0.00327704960177189,0.00195706039934984,0.00300593313738426,0.00261663718224675,0.00229459888931255,0.00404886324965728,0.000511998654763812,0.00120725490417362,0.000862281707001339,0.0012716259842567,0.00115645277542067,0.00326457304034228,0.00254592940808163,0.00230463284533133,0.00697444111821058,NaN,0.00230295200863112
0.00535440280971688,3.10191227551604e-05,0.00161130594969217,0.00120997299525161,0.000607320923961485,0.00468561482537805,0.000888064349261641,0.0015474981838895,0.00284284542924901,0.000365775750076791,0.000427985550489063,0.00246938497825838,0.00104052829044149,0.000184036250638286,0.0030330763104951,0.001848218191627,0.00382932802112546,0.00379741496320796,0.00411119577852098,NaN
