8,35
10,8
10,17
10,18
10,19
10,21
10,29
10,30
10,31
10,32
10,34
11,2
11,3
11,5
11,6
11,11
11,12
11,24
11,37
11,38
12,10
12,13
12,20
12,22
12,26
12,27
12,33
12,39
13,1
13,4
13,7
13,14
13,36
13,40
14,9
14,15
14,25
14,28
14,30
14,34
15,16
16,21
16,31
16,35
18,23
18,33
18,36
18,38
18,39
19,13
19,37
20,40
22,34
24,38
26,33
27,34
29,39
30,6
30,37
30,40
31,38
32,34
35,33
35,35
36,34
36,38
39,40
41,39
42,33
43,34
43,38
44,36
45,35
47,33
48,39
48,40
51,34
52,33
52,37
53,2
54,35
54,38
56,33
56,36
56,39
57,3
57,34
58,40
59,33
63,5
63,33
63,39
64,34
65,30
65,38
66,35
67,15
67,19
67,33
67,37
68,6
68,24
68,36
69,20
69,22
69,26
69,34
69,39
70,9
71,33
73,35
74,34
76,33
76,38
76,40
77,37
78,13
78,39
80,33
81,8
82,31
82,34
84,10
84,33
84,36
85,37
86,12
87,11
87,34
88,14
88,33
88,40
90,25
90,29
90,30
90,38
90,39
91,4
92,18
92,32
92,40
94,33
94,34
95,36
96,5
96,21
96,23
96,38
97,37
99,17
100,40
101,35
101,39
102,2
102,22
103,28
103,33
103,34
105,38
106,37
107,40
108,27
109,39
111,33
111,35
112,34
113,36
113,38
116,33
117,40
120,16
121,38
122,33
122,34
123,36
123,37
123,39
124,7
126,33
128,3
128,6
129,33
129,34
130,15
130,35
132,5
132,33
132,40
133,26
133,34
133,39
135,37
136,30
136,33
139,34
139,37
139,39
140,35
141,24
141,33
142,13
145,35
145,37
145,39
146,36
147,8
148,31
148,33
148,40
149,34
150,10
151,37
151,38
153,20
155,9
155,19
155,30
156,34
157,33
157,37
157,39
159,32
160,35
161,4
161,38
161,40
162,33
163,11
163,27
164,26
164,30
164,37
165,18
165,38
165,39
166,6
166,25
166,34
167,33
168,35
169,2
169,5
169,37
170,12
171,34
171,38
172,17
172,31
172,35
172,39
172,40
173,1
174,22
175,33
176,21
176,34
176,37
177,16
177,36
178,40
179,38
180,31
180,33
180,34
180,39
184,33
184,35
186,34
186,36
186,38
186,40
187,37
187,39
189,33
191,34
193,37
193,39
194,15
194,33
194,35
195,29
195,38
196,34
196,40
198,33
200,37
200,38
201,3
201,34
202,33
203,13
204,34
204,39
207,35
208,28
208,33
208,34
208,36
208,40
209,38
210,37
212,10
213,6
214,34
215,23
215,33
215,35
216,37
216,38
217,19
217,34
217,39
219,33
220,14
220,24
221,34
222,35
222,40
223,33
225,7
225,26
225,36
225,38
226,5
226,34
226,39
227,2
227,33
228,35
230,15
230,20
231,33
231,34
231,39
232,38
232,40
234,33
236,34
236,37
238,4
238,33
239,35
240,34
240,39
242,17
242,33
245,34
245,37
246,9
246,30
246,36
247,27
247,33
247,35
249,8
250,13
250,34
251,38
251,39
252,11
252,32
252,33
252,35
253,22
254,36
255,40
256,16
256,37
257,31
257,34
258,6
258,33
259,5
260,18
260,35
261,29
261,37
261,38
262,12
262,34
264,33
264,39
265,40
266,34
267,37
268,31
268,38
269,36
270,10
271,33
271,35
272,25
273,21
273,34
275,37
275,40
277,39
278,33
279,34
279,35
280,36
281,40
282,30
282,38
283,34
283,37
286,28
287,39
288,33
288,34
288,38
290,24
290,35
290,40
293,34
294,3
294,36
294,37
294,39
295,26
295,38
297,34
298,33
298,40
301,15
301,34
302,39
303,19
303,33
303,38
305,6
305,35
305,37
306,34
306,40
307,33
308,2
311,33
311,35
313,34
313,38
313,39
313,40
314,37
315,4
315,27
315,33
317,5
318,33
319,35
320,13
320,34
321,1
321,36
322,17
322,33
323,16
324,38
324,40
325,37
326,33
326,39
328,26
329,36
330,18
330,30
330,33
330,34
330,35
331,14
332,7
332,9
332,37
332,38
333,3
333,32
334,8
334,13
334,20
335,33
335,34
335,39
335,40
336,5
336,35
336,36
337,11
337,21
337,30
338,22
338,25
338,31
339,6
339,38
340,10
340,24
340,33
340,35
341,39
342,37
342,40
343,23
343,36
344,34
345,35
347,33
347,37
347,38
350,34
351,35
353,31
353,33
355,37
355,38
356,34
359,2
359,40
360,39
361,33
361,35
362,38
363,37
365,15
365,34
366,33
370,33
370,34
370,37
372,35
372,36
373,29
374,33
374,38
374,39
375,40
376,30
377,33
377,34
378,12
379,19
380,6
381,33
382,34
382,39
384,33
384,35
384,36
385,26
385,28
385,30
386,31
387,34
387,40
388,33
388,37
391,9
392,8
392,17
392,33
393,34
393,39
394,37
396,33
397,20
398,34
400,2
400,5
400,38
400,40
401,4
401,27
402,33
402,37
403,35
403,39
404,11
404,32
404,34
405,24
407,33
408,15
408,39
408,40
409,13
409,22
409,25
411,36
411,37
412,6
412,33
412,34
414,16
414,18
415,10
415,39
416,33
417,34
418,3
419,5
420,33
421,39
422,37
423,38
424,7
424,34
425,33
426,30
426,40
427,35
429,37
430,33
431,39
433,26
433,37
433,38
435,14
435,31
435,34
437,21
437,33
438,35
438,36
439,37
439,40
440,31
442,39
444,13
444,34
445,33
446,38
447,23
447,35
448,30
448,39
449,36
450,34
451,12
451,38
452,17
453,8
453,33
453,35
453,39
454,34
455,37
456,29
456,38
457,30
458,40
459,34
460,9
460,33
460,35
461,39
462,6
462,38
464,34
465,33
468,40
470,2
470,35
470,38
471,33
472,37
473,19
474,34
477,27
477,35
477,37
478,22
478,33
478,38
478,40
479,26
481,3
481,34
481,39
482,5
483,20
483,32
483,33
483,37
484,15
484,31
486,11
486,35
487,4
487,10
487,34
488,25
488,37
488,39
489,24
489,33
489,36
490,28
491,38
492,18
492,37
493,16
495,33
495,40
496,34
496,35
496,37
496,38
499,39
502,31
502,33
503,34
503,35
503,37
505,14
505,40
506,38
507,34
508,13
508,37
508,39
509,33
509,36
512,34
512,35
512,37
515,6
515,21
516,37
516,38
518,34
518,35
518,39
521,5
521,30
522,12
522,34
522,37
523,33
524,7
524,22
524,39
525,38
526,34
527,31
527,36
527,40
528,33
528,35
530,9
530,37
531,39
532,34
532,38
533,15
534,33
535,8
536,34
536,37
537,29
537,40
538,33
538,38
539,2
540,17
542,33
542,37
542,39
543,34
543,35
544,3
545,33
545,40
546,10
546,27
546,30
548,33
548,39
549,34
549,37
550,24
550,36
551,38
552,33
552,35
554,39
555,20
555,34
556,1
556,33
556,37
556,40
560,26
560,36
560,39
561,34
563,19
563,33
563,38
564,37
566,35
568,33
568,34
569,32
569,39
571,40
572,38
573,6
574,23
574,33
575,4
576,5
576,35
577,16
577,31
577,37
578,28
578,34
579,11
580,8
580,36
581,37
581,39
582,12
582,13
582,33
583,22
583,30
583,38
583,40
584,14
584,21
584,31
584,35
586,34
587,2
587,18
587,37
588,13
588,39
589,36
590,35
590,38
591,33
591,34
591,37
592,40
593,25
593,26
596,33
596,37
597,38
598,34
598,39
599,3
601,35
601,38
602,34
603,33
605,39
605,40
606,37
607,33
607,34
607,38
609,15
612,33
612,34
613,39
615,27
615,38
616,6
616,33
616,35
617,30
619,34
620,17
620,33
620,37
621,9
622,5
622,39
623,33
624,7
624,29
624,38
625,2
626,34
627,33
627,35
628,36
628,39
628,40
630,22
630,37
631,19
631,33
631,38
632,20
633,39
634,33
634,37
635,10
636,34
636,35
638,24
638,33
639,37
639,39
642,25
642,38
643,33
644,12
645,16
645,31
645,35
645,39
646,37
647,33
648,34
651,40
652,8
652,33
653,6
653,31
653,34
653,37
653,38
654,39
657,33
658,32
658,34
661,33
662,11
662,34
662,39
663,13
663,15
663,35
664,5
664,26
664,28
665,4
665,37
665,38
666,30
666,33
666,40
667,34
668,3
668,39
669,21
670,36
671,18
671,33
673,34
673,35
675,37
675,39
677,33
678,17
678,34
678,40
679,35
680,37
680,38
682,33
683,34
683,39
684,30
685,35
687,34
688,33
688,37
689,27
689,39
691,34
692,33
693,35
694,36
695,33
695,34
695,37
695,40
696,39
698,30
699,33
699,34
700,10
700,37
702,35
703,33
704,19
704,37
705,24
705,34
707,26
707,29
707,33
707,38
708,39
709,9
709,16
709,34
711,7
711,36
711,40
712,30
712,31
713,23
713,34
713,37
714,20
714,33
714,35
715,13
715,38
716,14
718,2
718,3
719,8
719,37
720,4
720,33
720,34
720,38
721,6
721,32
722,1
722,35
723,15
723,25
724,33
724,34
724,36
724,38
724,39
725,5
725,22
726,12
727,34
727,37
728,6
728,11
729,38
729,39
730,34
730,35
731,40
732,33
732,37
734,31
734,34
734,38
738,33
739,35
739,36
739,37
740,34
740,38
741,39
743,33
745,34
745,38
746,37
746,40
747,35
749,33
751,34
751,37
751,38
754,33
756,35
757,26
757,38
758,34
758,37
759,28
760,33
761,5
761,39
766,17
766,34
766,35
767,18
767,33
767,37
767,38
769,36
769,40
770,27
771,6
771,39
773,33
773,34
773,37
774,22
774,24
775,35
776,2
778,15
779,19
780,13
780,33
780,34
780,35
780,38
780,39
781,37
781,40
782,20
783,5
783,10
784,1
784,32
787,30
787,33
787,34
787,40
788,25
788,29
788,35
788,38
789,4
789,21
789,37
789,39
791,36
792,14
792,33
793,8
793,34
793,38
795,16
795,35
797,23
797,31
797,33
797,40
798,34
798,38
799,3
802,33
803,34
803,39
804,37
805,38
806,9
807,35
808,33
808,34
810,36
811,37
812,7
812,34
815,34
815,38
815,39
816,33
816,35
817,40
818,34
820,6
821,34
822,33
822,39
825,31
825,34
826,11
827,33
827,36
828,5
829,17
829,37
829,40
830,30
830,34
831,26
831,33
831,39
832,2
833,12
833,15
834,34
834,35
835,13
836,33
836,39
837,40
838,28
838,37
839,19
839,21
841,34
841,39
843,33
844,30
845,39
846,34
847,35
847,40
848,27
848,38
850,36
850,39
851,24
851,33
851,34
853,35
854,39
855,22
855,31
856,34
856,40
857,33
857,37
858,20
859,18
860,34
860,36
860,39
862,10
862,13
862,33
862,35
864,34
864,37
865,39
868,8
868,33
869,34
869,35
870,37
871,16
871,39
872,30
873,33
873,34
875,31
876,3
876,35
876,39
877,38
878,33
878,34
879,40
880,37
881,29
882,35
882,39
883,9
884,33
884,36
885,6
885,34
885,37
887,4
888,35
890,34
891,26
891,32
891,38
891,39
892,37
893,5
893,40
894,14
894,33
894,35
895,25
898,37
899,34
899,35
900,39
901,33
903,7
904,15
904,31
905,35
906,33
906,34
906,40
907,36
907,37
909,33
910,39
911,34
912,6
912,11
912,38
913,33
913,35
913,37
914,34
915,5
916,17
917,2
918,19
918,33
918,34
920,21
920,28
921,35
921,37
921,39
922,22
922,34
922,40
923,1
923,30
923,33
925,24
925,38
926,26
926,36
927,10
927,13
927,23
927,33
927,39
928,3
928,34
929,40
930,35
930,37
931,12
931,20
931,33
933,27
933,34
934,30
934,40
935,33
935,37
937,39
938,38
939,8
939,33
939,35
941,34
942,33
944,18
945,4
946,33
946,34
947,40
948,36
949,5
949,6
949,35
949,39
950,16
950,37
951,33
951,38
954,34
956,33
956,37
957,35
957,39
960,31
960,34
961,15
962,37
964,33
964,34
964,35
965,13
966,9
966,36
967,38
968,34
969,39
969,40
970,32
971,33
974,34
975,37
978,29
978,36
979,35
980,22
980,34
980,38
980,40
981,14
983,33
984,37
985,25
985,39
987,34
988,33
989,30
989,36
992,2
992,34
992,37
993,33
993,39
994,23
995,6
995,35
996,34
997,17
998,20
998,40
999,3
999,33
999,37
999,39
1000,11
1000,31
1000,35
1000,38
1002,5
1003,34
1005,10
1005,26
1006,7
1006,21
1006,40
1007,35
1007,39
1008,19
1008,34
1008,36
1008,37
1009,4
1009,24
1009,31
1009,33
1010,28
1010,38
1013,22
1013,30
1014,27
1014,33
1014,34
1014,35
1014,40
1016,8
1017,37
1018,13
1018,34
1018,39
1019,33
1019,38
1022,34
1024,32
1024,33
1027,34
1028,39
1028,40
1029,33
1029,35
1029,37
1033,38
1034,34
1035,33
1038,34
1039,35
1039,40
1040,2
1040,12
1040,39
1042,5
1042,33
1042,36
1043,34
1043,37
1043,38
1044,9
1045,39
1046,6
1047,34
1048,35
1049,33
1049,40
1051,39
1052,34
1054,33
1055,37
1056,39
1057,15
1057,38
1058,34
1058,35
1058,36
1059,3
1059,33
1059,40
1060,16
1063,38
1064,18
1064,29
1064,30
1064,37
1064,39
1065,10
1065,33
1065,34
1066,31
1067,35
1068,40
1069,24
1069,39
1070,13
1072,38
1073,26
1073,33
1073,39
1074,11
1074,34
1074,40
1075,17
1075,30
1077,33
1077,39
1078,1
1078,7
1078,36
1079,6
1079,28
1079,34
1079,35
1079,40
1080,20
1080,33
1081,2
1081,37
1081,38
1082,19
1082,21
1082,39
1083,34
1084,8
1085,33
1086,22
1086,39
1086,40
1087,31
1087,35
1087,38
1088,36
1089,25
1089,33
1090,30
1090,34
1091,27
1091,39
1092,40
1094,14
1094,33
1095,4
1095,38
1095,39
1096,35
1097,13
1097,37
1099,23
1099,39
1100,38
1100,40
1101,15
1101,33
1102,34
1104,39
1105,36
1106,33
1108,34
1108,39
1108,40
1110,35
1111,33
1113,39
1115,34
1117,30
1117,33
1118,5
1118,39
1119,16
1119,37
1120,31
1122,34
1123,12
1124,18
1124,35
1124,36
1124,38
1124,39
1125,33
1126,3
1126,6
1126,24
1127,9
1128,10
1128,34
1128,37
1129,39
1130,26
1130,40
1131,33
1133,30
1135,35
1135,39
1136,40
1137,33
1138,38
1139,31
1139,32
1139,34
1140,37
1142,36
1143,38
1144,33
1144,34
1146,39
1149,6
1150,2
1150,34
1150,37
1151,22
1152,33
1152,35
1152,38
1152,40
1153,17
1155,31
1155,39
1156,20
1156,34
1157,40
1158,33
1158,37
1158,38
1159,35
1159,36
1161,5
1161,34
1162,19
1162,29
1163,33
1163,37
1166,34
1166,35
1166,38
1166,39
1167,7
1169,37
1170,33
1170,36
1170,40
1171,15
1173,34
1173,38
1174,33
1174,37
1175,8
1175,13
1177,11
1177,35
1179,34
1180,33
1180,37
1180,38
1181,25
1181,30
1182,28
1182,39
1183,6
1184,33
1184,37
1184,40
1186,16
1186,27
1186,34
1189,33
1190,35
1190,37
1190,38
1191,3
1191,26
1192,34
1192,36
1193,31
1195,33
1196,39
1197,14
1197,38
1198,18
1199,35
1200,4
1200,34
1201,21
1201,37
1201,38
1202,10
1203,33
1203,36
1204,12
1204,23
1204,32
1204,40
1205,24
1205,35
1205,39
1206,34
1206,38
1207,5
1207,9
1208,37
1209,22
1209,40
1210,31
1211,33
1211,35
1211,38
1212,37
1212,39
1213,34
1214,13
1217,37
1219,35
1220,33
1220,38
1222,34
1222,39
1223,37
1224,33
1226,2
1227,37
1228,38
1229,35
1229,40
1230,33
1232,34
1232,37
1234,33
1235,6
1235,38
1235,39
1236,37
1238,17
1238,31
1238,33
1239,1
1239,15
1239,34
1241,37
1242,29
1242,33
1242,35
1242,40
1243,36
1243,38
1244,34
1244,39
1245,37
1247,27
1247,40
1248,30
1248,33
1248,34
1249,8
1249,37
1250,35
1252,20
1252,34
1253,38
1254,33
1254,37
1255,11
1255,19
1255,30
1256,34
1258,26
1259,7
1259,37
1259,39
1260,40
1261,34
1262,5
1262,21
1262,33
1262,35
1263,37
1264,32
1264,36
1265,39
1267,22
1267,30
1267,34
1267,37
1268,28
1269,24
1270,4
1270,33
1270,38
1271,13
1271,35
1272,12
1272,37
1273,16
1274,31
1275,36
1275,37
1276,25
1276,33
1276,34
1276,40
1277,3
1277,10
1279,18
1280,37
1282,34
1282,38
1283,39
1285,6
1285,35
1287,14
1287,33
1287,34
1288,37
1289,36
1291,35
1291,40
1292,38
1293,34
1294,39
1296,33
1299,35
1299,37
1301,2
1301,34
1301,39
1301,40
1304,33
1304,38
1306,5
1306,34
1306,35
1306,36
1309,33
1310,19
1311,37
1311,39
1312,34
1312,38
1314,9
1314,30
1314,33
1315,35
1316,15
1316,27
1318,34
1318,38
1318,39
1319,17
1319,22
1319,33
1320,13
1320,23
1320,35
1321,6
1321,36
1322,20
1323,26
1323,37
1323,38
1324,8
1324,33
1324,34
1325,29
1325,40
1326,35
1329,34
1329,37
1330,11
1330,33
1330,38
1331,39
1332,31
1332,35
1334,10
1334,34
1335,33
1335,40
1336,38
1337,37
1338,34
1339,21
1339,35
1340,24
1342,34
1342,37
1342,38
1343,33
1344,35
1344,39
1345,7
1345,34
1348,33
1348,34
1349,31
1349,36
1349,38
1349,40
1350,37
1351,35
1353,34
1354,3
1354,33
1355,4
1356,30
1358,32
1358,34
1358,37
1358,38
1359,5
1359,40
1360,33
1360,39
1361,35
1363,28
1364,6
1364,13
1364,34
1365,33
1366,15
1367,37
1368,2
1368,34
1368,35
1368,38
1369,1
1369,12
1370,16
1370,26
1371,33
1371,39
1372,34
1373,25
1373,36
1373,40
1375,9
1377,31
1377,37
1378,34
1378,38
1379,20
1379,33
1381,18
1382,19
1385,33
1386,4
1386,34
1386,37
1387,39
1388,31
1389,14
1389,36
1389,40
1390,22
1390,27
1390,30
1390,33
1390,35
1392,37
1393,8
1393,13
1394,38
1395,33
1395,34
1396,17
1397,36
1397,39
1399,40
1401,35
1401,38
1402,33
1405,38
1406,24
1407,34
1407,35
1407,37
1408,6
1409,3
1410,38
1411,26
1412,5
1412,10
1412,33
1414,34
1414,37
1415,38
1416,35
1416,39
1417,2
1418,15
1418,40
1419,38
1420,29
1420,34
1420,37
1421,33
1422,35
1425,34
1425,38
1426,33
1427,37
1428,30
1429,7
1430,34
1430,35
1432,11
1432,38
1433,33
1433,36
1433,39
1436,16
1436,32
1436,40
1437,34
1437,35
1437,37
1439,23
1439,33
1439,38
1440,6
1443,12
1443,33
1443,34
1444,5
1445,28
1445,40
1446,33
1446,39
1447,20
1447,30
1447,31
1447,35
1447,37
1448,34
1449,36
1450,19
1450,21
1451,33
1451,38
1452,8
1453,37
1454,25
1454,31
1455,22
1455,33
1455,34
1456,26
1456,30
1456,35
1457,4
1457,13
1457,18
1458,37
1458,39
1458,40
1460,34
1460,36
1460,38
1461,33
1466,2
1467,33
1467,34
1469,10
1469,35
1469,38
1470,37
1470,39
1470,40
1473,36
1475,33
1476,38
1477,37
1478,9
1478,34
1478,35
1479,14
1479,24
1481,33
1481,38
1482,40
1484,3
1484,34
1484,36
1485,15
1485,35
1487,27
1487,33
1488,39
1489,34
1489,38
1490,35
1490,37
1491,17
1493,34
1493,40
1495,33
1495,37
1495,38
1495,39
1499,34
1500,6
1500,35
1501,31
1501,37
1504,32
1504,33
1504,34
1504,36
1504,38
1505,39
1506,40
1509,34
1509,37
1510,29
1511,5
1511,23
1513,33
1513,35
1514,34
1514,39
1515,2
1515,38
1515,40
1517,20
1517,36
1519,34
1522,19
1522,33
1523,12
1523,37
1523,38
1524,11
1524,28
1524,39
1526,22
1526,34
1526,40
1528,6
1528,7
1528,9
1528,21
1528,33
1529,31
1529,35
1530,13
1530,30
1530,34
1531,16
1531,26
1531,36
1532,1
1532,39
1534,8
1534,40
1535,33
1535,35
1535,38
1536,37
1538,27
1538,34
1540,18
1540,38
1540,39
1541,4
1541,5
1541,31
1541,35
1542,33
1543,24
1543,36
1544,10
1545,38
1546,37
1546,39
1547,34
1550,40
1551,35
1551,38
1553,25
1553,33
1555,37
1557,39
1558,35
1559,38
1560,33
1561,15
1561,34
1561,40
1565,35
1565,36
1566,33
1566,37
1568,30
1569,39
1570,5
1570,17
1571,35
1572,34
1573,38
1574,37
1575,40
1576,2
1576,6
1576,14
1576,22
1576,33
1576,39
1578,26
1578,30
1579,28
1580,3
1580,33
1580,34
1581,31
1581,35
1582,36
1583,37
1583,38
1583,39
1584,33
1585,20
1585,34
1586,13
1587,8
1589,10
1589,33
1589,34
1589,37
1589,40
1590,35
1591,39
1592,38
1593,33
1594,32
1595,34
1596,33
1598,11
1598,37
1598,40
1599,29
1599,33
1600,35
1603,33
1603,34
1603,39
1604,38
1605,37
1605,40
1607,33
1608,35
1611,33
1611,37
1612,16
1612,38
1614,15
1614,39
1615,34
1615,37
1616,24
1616,33
1617,12
1617,27
1619,35
1619,36
1620,31
1620,37
1620,39
1620,40
1621,33
1621,34
1626,30
1626,33
1627,38
1628,37
1628,39
1629,4
1629,19
1630,34
1632,7
1632,33
1632,35
1634,38
1635,18
1635,26
1635,36
1635,39
1636,21
1636,37
1636,40
1637,9
1638,3
1638,30
1638,33
1638,34
1639,13
1639,22
1641,39
1642,33
1642,37
1643,36
1644,5
1644,34
1645,2
1645,35
1645,38
1646,6
1648,33
1648,37
1651,34
1651,40
1652,20
1652,33
1652,38
1653,37
1653,39
1654,15
1657,33
1657,34
1658,32
1659,23
1659,37
1661,33
1662,17
1662,38
1662,39
1663,34
1664,25
1666,30
1666,33
1666,35
1667,29
1667,34
1667,37
1669,28
1669,39
1673,34
1673,38
1674,33
1674,39
1675,4
1675,6
1675,8
1675,40
1676,1
1676,35
1677,12
1677,31
1677,36
1678,33
1678,34
1678,37
1679,38
1679,39
1680,10
1680,14
1681,40
1682,34
1684,24
1686,39
1687,3
1687,35
1688,33
1688,34
1689,40
1690,11
1691,39
1692,33
1693,37
1693,38
1694,34
1695,16
1697,35
1697,39
1698,26
1698,33
1699,38
1700,34
1701,5
1702,19
1702,27
1702,31
1702,33
1702,36
1702,40
1704,34
1706,33
1706,38
1707,2
1707,6
1707,22
1707,39
1708,34
1708,36
1710,13
1712,33
1712,35
1712,37
1713,34
1713,38
1714,40
1715,15
1715,18
1717,33
1718,34
1718,39
1720,21
1720,37
1721,30
1721,38
1722,9
1722,33
1724,34
1725,39
1726,35
1727,17
1727,31
1727,33
1731,36
1732,7
1732,34
1732,35
1732,37
1733,40
1734,33
1734,38
1738,37
1738,39
1739,32
1739,34
1739,35
1740,30
1742,33
1744,39
1745,34
1746,37
1747,4
1747,20
1747,35
1748,33
1749,34
1749,36
1750,5
1751,30
1751,40
1752,38
1753,37
1754,34
1754,39
1756,10
1756,33
1757,8
1757,24
1758,22
1758,37
1759,13
1760,25
1760,34
1760,39
1761,12
1761,35
1761,38
1762,26
1762,29
1762,31
1762,37
1764,33
1764,34
1765,36
1766,2
1767,35
1767,40
1768,33
1769,6
1769,28
1769,34
1769,37
1769,39
1770,3
1770,21
1772,35
1773,33
1773,34
1773,38
1775,11
1778,19
1778,34
1778,37
1779,14
1779,27
1779,33
1779,35
1780,15
1780,38
1780,40
1783,23
1783,34
1784,33
1785,36
1786,16
1786,37
1788,35
1789,39
1790,33
1790,34
1790,37
1793,38
1795,35
1796,40
1797,37
1798,34
1799,38
1800,33
1800,39
1803,31
1804,35
1805,18
1806,37
1807,36
1807,38
1807,39
1808,33
1808,34
1809,5
1809,35
1814,6
1814,34
1814,35
1814,39
1815,38
1816,13
1817,33
1818,17
1818,32
1818,40
1819,34
1821,4
1822,35
1823,6
1823,30
1823,37
1823,38
1823,39
1824,8
1824,10
1824,28
1824,33
1824,36
1825,34
1827,24
1828,26
1828,30
1829,35
1830,31
1830,39
1830,40
1831,9
1832,34
1833,33
1834,37
1835,3
1835,19
1835,35
1836,36
1838,33
1838,34
1839,7
1839,38
1840,20
1840,22
1840,35
1841,1
1841,39
1843,34
1843,36
1844,11
1844,37
1845,38
1846,35
1846,40
1847,33
1848,2
1848,39
1850,14
1850,34
1851,35
1852,38
1853,33
1853,36
1854,15
1854,27
1854,37
1854,39
1855,40
1856,34
1856,38
1858,33
1859,35
1860,39
1861,34
1862,33
1862,38
1865,39
1866,25
1866,33
1866,34
1866,35
1867,36
1870,5
1870,6
1870,18
1870,33
1870,38
1871,29
1871,35
1872,34
1872,39
1873,16
1874,12
1874,37
1875,13
1875,33
1876,34
1876,39
1876,40
1877,5
1877,35
1877,36
1878,31
1880,3
1881,8
1881,34
1881,39
1882,10
1882,21
1882,28
1882,33
1882,35
1884,30
1884,34
1886,38
1887,33
1887,35
1887,39
1888,4
1888,34
1888,37
1888,40
1889,17
1889,22
1889,24
1892,33
1893,34
1894,39
1895,26
1895,30
1895,35
1895,38
1896,33
1897,19
1899,31
1899,32
1899,34
1899,40
1900,33
1901,7
1901,39
1903,23
1903,36
1904,33
1904,38
1905,11
1905,34
1906,9
1906,37
1907,2
1907,39
1909,34
1909,35
1910,20
1910,33
1912,38
1913,39
1914,27
1914,34
1914,40
1915,33
1916,6
1919,15
1919,34
1921,33
1923,35
1923,39
1924,13
1924,34
1924,37
1926,38
1926,40
1927,33
1928,36
1931,33
1934,34
1934,35
1935,12
1935,33
1935,37
1936,30
1936,39
1937,10
1939,33
1941,16
1941,37
1943,31
1943,34
1943,39
1944,25
1944,33
1946,26
1946,35
1947,24
1947,36
1948,29
1948,37
1949,6
1949,18
1949,33
1950,34
1950,40
1951,39
1952,2
1952,5
1955,33
1955,38
1956,34
1956,35
1956,37
1959,1
1959,3
1960,33
1960,39
1961,9
1962,34
1965,20
1965,30
1965,40
1966,33
1966,35
1966,37
1967,22
1967,34
1967,38
1969,17
1969,31
1969,32
1970,4
1970,33
1972,8
1972,14
1972,34
1972,36
1973,13
1975,28
1975,38
1975,40
1976,15
1976,21
1976,27
1976,33
1977,37
1978,35
1979,34
1980,33
1981,39
1985,7
1985,33
1986,34
1988,37
1988,39
1990,35
1990,36
1991,33
1991,40
1992,19
1993,37
1994,39
1995,33
1996,26
1996,34
1999,35
1999,38
2000,33
2001,30
2002,5
2002,34
2004,6
2004,33
2005,31
2005,39
2005,40
2006,37
2009,33
2010,34
2010,35
2012,38
2013,11
2013,31
2014,24
2014,33
2015,10
2016,36
2016,39
2018,12
2018,23
2018,33
2018,35
2018,40
2019,2
2019,26
2020,37
2021,18
2022,34
2023,16
2023,33
2023,38
2023,39
2024,9
2026,5
2027,33
2028,34
2029,35
2029,36
2030,39
2031,3
2031,33
2031,37
2033,22
2035,34
2036,4
2036,33
2037,35
2038,25
2038,37
2038,39
2039,17
2039,40
2041,34
2041,38
2042,13
2042,33
2045,15
2045,30
2046,28
2047,29
2047,36
2048,33
2048,34
2048,38
2048,39
2049,37
2050,8
2050,32
2050,35
2050,40
2053,33
2055,5
2055,31
2055,38
2056,6
2056,35
2057,33
2058,34
2059,22
2061,37
2061,39
2062,33
2063,10
2063,20
2063,40
2065,19
2065,34
2066,14
2066,33
2066,36
2068,21
2068,35
2070,31
2072,2
2072,33
2072,37
2072,38
2073,11
2073,26
2073,35
2073,36
2073,39
2074,27
2074,34
2075,13
2077,16
2077,33
2078,35
2081,7
2081,40
2082,33
2083,6
2083,24
2083,34
2083,39
2084,31
2084,37
2084,38
2086,36
2088,30
2088,33
2088,35
2089,40
2090,39
2091,37
2093,33
2094,35
2095,34
2095,38
2098,39
2100,33
2100,37
2100,40
2101,5
2102,3
2103,35
2105,4
2106,15
2106,33
2106,39
2106,40
2107,25
2107,37
2108,34
2108,38
2111,35
2112,9
2112,33
2112,34
2113,29
2113,40
2114,12
2115,36
2115,39
2116,37
2117,38
2118,34
2119,33
2120,18
2121,40
2122,35
2123,27
2124,30
2124,37
2124,39
2125,34
2126,13
2126,33
2127,35
2128,22
2128,31
2129,17
2129,34
2129,38
2130,8
2131,40
2132,36
2132,39
2133,10
2133,33
2133,37
2134,6
2134,30
2135,34
2136,2
2136,21
2137,32
2138,24
2138,26
2138,35
2139,40
2140,33
2140,34
2141,38
2142,39
2143,5
2143,23
2144,28
2146,6
2146,34
2147,1
2148,20
2148,33
2148,37
2148,40
2149,36
2149,39
2150,35
2151,19
2151,38
2152,34
2153,14
2155,33
2156,35
2156,38
2158,36
2159,31
2159,39
2160,33
2161,4
2161,16
2162,35
2163,34
2163,38
2165,40
2168,33
2168,39
2169,38
2170,34
2172,37
2173,35
2175,33
2175,39
2176,7
2177,34
2177,38
2180,15
2181,34
2181,35
2182,25
2182,33
2182,39
2183,3
2183,11
2183,38
2184,37
2185,36
2186,40
2188,20
2188,34
2188,39
2189,38
2191,6
2191,26
2192,2
2192,29
2192,33
2192,37
2193,9
2193,22
2193,34
2195,13
2195,40
2196,36
2197,35
2197,39
2198,31
2199,33
2199,38
2200,8
2200,18
2200,27
2200,30
2200,34
2202,10
2202,12
2203,37
2203,40
2204,5
2204,32
2204,33
2204,39
2205,24
2205,30
2205,38
2206,31
2206,35
2207,17
2207,21
2209,33
2209,34
2210,6
2210,39
2211,19
2213,23
2214,33
2215,34
2216,38
2220,35
2220,39
2222,34
2223,33
2224,40
2226,36
2227,39
2228,14
2228,33
2229,37
2231,34
2233,4
2233,33
2233,38
2233,40
2234,28
2234,36
2234,39
2236,34
2236,35
2240,33
2241,39
2242,34
2243,30
2243,36
2243,37
2244,26
2244,33
2245,35
2245,38
2246,16
2248,34
2248,40
2249,33
2251,38
2253,33
2253,37
2254,5
2254,39
2255,25
2255,34
2256,15
2257,2
2258,33
2258,36
2259,20
2259,37
2260,34
2260,35
2260,38
2260,39
2261,3
2261,40
2263,31
2263,33
2265,29
2266,34
2266,39
2267,33
2267,37
2268,9
2268,11
2268,13
2268,24
2269,10
2269,22
2269,35
2271,34
2272,36
2272,39
2273,33
2273,37
2273,40
2274,38
2275,21
2275,26
2277,34
2278,33
2279,7
2279,8
2280,39
2282,33
2282,34
2282,35
2283,32
2283,38
2285,12
2285,37
2286,6
2287,33
2287,34
2287,40
2289,17
2289,37
2291,5
2291,36
2292,33
2292,39
2293,30
2293,34
2297,33
2297,34
2297,37
2298,19
2300,22
2300,27
2300,39
2301,33
2301,34
2301,35
2301,40
2305,37
2307,30
2307,39
2308,34
2308,38
2309,33
2310,35
2311,13
2314,33
2314,34
2315,18
2315,39
2317,6
2317,31
2317,37
2318,33
2319,16
2319,28
2320,34
2320,35
2321,1
2321,11
2322,23
2322,33
2322,39
2323,4
2323,15
2323,36
2323,37
2324,3
2324,34
2325,40
2326,20
2326,24
2326,33
2326,38
2327,37
2328,34
2328,39
2329,2
2329,26
2331,33
2332,14
2332,34
2333,35
2334,37
2335,34
2336,33
2336,38
2336,40
2339,37
2340,34
2341,9
2341,25
2342,33
2343,35
2344,37
2344,39
2345,34
2347,33
2348,36
2348,40
2349,10
2350,38
2351,34
2351,39
2352,33
2353,35
2358,5
2358,30
2358,33
2358,37
2359,17
2359,34
2359,39
2360,35
2362,8
2363,22
2363,33
2363,34
2364,36
2365,31
2365,38
2365,40
2366,29
2368,13
2368,33
2369,7
2370,30
2370,34
2370,37
2371,12
2372,6
2372,18
2373,21
2373,36
2373,39
2373,40
2374,32
2375,33
2375,34
2375,35
2376,37
2377,3
2380,23
2380,33
2380,35
2381,26
2381,34
2381,37
2382,2
2382,31
2384,38
2385,33
2386,34
2386,35
2387,27
2387,37
2391,30
2391,33
2391,38
2392,35
2393,37
2393,40
2394,31
2394,34
2395,4
2396,5
2396,33
2397,24
2397,39
2398,38
2401,35
2401,39
2402,34
2402,38
2403,15
2403,33
2404,26
2405,19
2406,28
2406,34
2407,20
2407,33
2407,37
2407,40
2408,38
2409,16
2410,39
2412,34
2413,10
2413,33
2413,36
2414,22
2416,38
2416,40
2417,25
2417,34
2417,35
2418,11
2418,33
2418,37
2421,34
2422,39
2424,6
2424,13
2425,37
2425,38
2426,33
2426,34
2426,40
2427,9
2427,35
2427,36
2430,8
2430,33
2430,34
2431,40
2433,38
2434,2
2434,34
2434,39
2435,33
2436,31
2436,37
2437,34
2438,14
2439,33
2440,35
2440,40
2441,34
2442,27
2442,32
2442,38
2443,30
2443,33
2445,34
2447,17
2448,4
2448,33
2449,6
2449,35
2449,37
2450,38
2451,5
2451,34
2451,39
2451,40
2455,26
2455,33
2456,15
2457,12
2457,37
2458,34
2459,39
2460,33
2461,7
2461,21
2461,35
2462,34
2463,1
2463,38
2464,3
2464,18
2466,33
2466,34
2466,39
2467,13
2467,40
2468,29
2468,36
2470,28
2470,37
2471,22
2471,33
2471,34
2472,30
2473,31
2473,38
2475,34
2475,36
2475,39
2476,10
2477,24
2477,35
2478,33
2479,34
2479,40
2480,6
2480,19
2480,37
2481,38
2483,36
2484,5
2484,34
2485,33
2486,39
2487,35
2487,38
2488,34
2491,40
2493,36
2494,23
2494,33
2494,38
2495,5
2495,34
2495,35
2495,37
2498,33
2500,40
2501,20
2501,34
2501,38
2502,2
2503,33
2503,39
2505,34
2507,33
2507,35
2507,38
2507,40
2509,34
2510,11
2510,36
2510,39
2511,6
2511,33
2512,37
2513,34
2514,9
2515,14
2515,40
2516,26
2516,35
2516,39
2517,33
2518,34
2518,36
2519,38
2520,40
2521,16
2522,33
2523,34
2524,21
2525,4
2525,31
2526,39
2526,40
2527,3
2528,5
2528,13
2528,35
2528,36
2529,8
2529,32
2529,33
2529,34
2530,38
2531,30
2532,10
2533,24
2534,25
2534,28
2534,39
2535,40
2536,17
2536,34
2536,38
2537,33
2538,12
2538,15
2538,30
2538,35
2539,18
2540,29
2540,34
2540,37
2540,40
2541,39
2542,22
2543,33
2544,6
2544,35
2545,38
2547,34
2548,36
2548,40
2550,37
2551,38
2552,19
2552,34
2553,27
2553,33
2554,39
2554,40
2555,35
2557,34
2560,31
2560,36
2561,33
2562,38
2563,39
2565,34
2565,40
2566,35
2570,33
2570,38
2571,37
2571,39
2573,20
2573,34
2575,33
2575,38
2576,39
2577,2
2577,26
2577,35
2578,34
2579,40
2581,33
2582,31
2582,38
2583,39
2584,35
2585,34
2587,33
2588,6
2589,37
2589,39
2590,5
2590,7
2591,13
2592,23
2592,34
2592,35
2594,1
2594,15
2595,11
2595,16
2595,22
2595,38
2596,32
2596,33
2596,39
2597,35
2597,36
2598,17
2598,34
2598,40
2599,14
2599,37
2600,10
2601,33
2603,30
2604,24
2604,39
2605,21
2605,35
2605,40
2606,6
2606,33
2606,38
2607,4
2609,34
2609,39
2610,3
2610,25
2611,36
2613,8
2614,33
2614,38
2615,35
2616,9
2616,18
2617,19
2617,27
2617,34
2617,39
2618,31
2619,33
2619,37
2622,22
2622,34
2622,35
2623,38
2624,39
2625,12
2625,40
2626,33
2627,5
2627,34
2628,35
2630,39
2631,28
2631,33
2631,36
2632,34
2634,30
2634,35
2635,26
2636,33
2636,34
2636,38
2637,39
2639,40
2641,33
2641,34
2643,37
2644,33
2644,38
2645,35
2645,39
2646,34
2649,33
2649,38
2650,39
2652,34
2653,2
2653,33
2653,40
2654,29
2655,36
2655,39
2656,38
2658,33
2659,13
2659,34
2659,35
2660,20
2661,5
2661,40
2663,33
2663,38
2663,39
2664,10
2664,36
2665,34
2668,6
2668,15
2668,31
2668,33
2669,38
2670,32
2670,35
2670,39
2671,34
2672,33
2673,16
2673,18
2673,37
2674,40
2676,33
2676,38
2677,35
2677,37
2678,3
2678,5
2678,11
2678,17
2678,24
2678,34
2678,39
2679,33
2679,36
2680,40
2681,4
2682,35
2682,39
2683,33
2684,9
2684,37
2684,38
2685,26
2685,30
2685,34
2686,31
2686,33
2689,21
2689,39
2689,40
2690,33
2692,7
2692,8
2693,34
2693,36
2693,39
2694,33
2694,35
2694,37
2696,2
2696,38
2698,13
2698,33
2698,40
2699,34
2699,39
2700,14
2702,33
2702,38
2704,40
2705,34
2705,35
2706,19
2706,23
2706,39
2707,33
2709,25
2709,36
2709,38
2711,33
2711,37
2712,34
2713,38
2714,39
2715,12
2716,34
2716,40
2717,33
2719,6
2719,20
2719,35
2719,39
2720,38
2721,34
2721,37
2724,31
2724,36
2725,27
2725,33
2725,39
2726,38
2727,34
2729,29
2729,30
2729,33
2730,35
2731,10
2732,22
2732,33
2732,37
2733,38
2733,39
2734,34
2736,40
2737,33
2739,34
2739,35
2740,30
2740,37
2741,38
2742,33
2742,39
2743,5
2745,34
2747,3
2747,33
2747,37
2748,15
2748,38
2748,39
2749,28
2749,35
2750,26
2750,34
2750,40
2751,37
2752,33
2754,34
2755,9
2755,24
2756,37
2756,39
2757,38
2758,33
2758,34
2759,32
2759,35
2761,17
2763,30
2763,37
2764,5
2764,34
2764,40
2765,35
2765,39
2766,6
2766,33
2766,38
2769,16
2770,31
2771,4
2771,8
2771,34
2771,37
2771,39
2772,13
2773,35
2773,38
2774,36
2775,27
2775,33
2776,31
2777,2
2778,10
2778,30
2778,34
2778,39
2779,1
2779,11
2779,32
2779,33
2779,37
2779,38
2780,35
2780,40
2781,18
2781,21
2782,36
2783,38
2783,39
2784,33
2786,13
2786,22
2786,34
2787,14
2788,37
2789,36
2790,38
2791,7
2791,23
2791,33
2791,35
2795,34
2795,38
2795,39
2796,25
2796,40
2797,19
2799,20
2799,26
2800,33
2801,38
2803,34
2804,37
2805,33
2806,6
2808,34
2808,38
2808,40
2809,33
2809,39
2810,15
2811,5
2811,29
2811,36
2812,33
2813,12
2813,34
2814,35
2814,39
2814,40
2816,33
2818,37
2819,28
2819,33
2819,34
2819,38
2820,3
2820,36
2821,35
2822,24
2823,33
2824,34
2824,39
2825,35
2826,33
2828,36
2829,33
2829,34
2830,40
2831,35
2833,16
2833,33
2834,37
2834,39
2835,34
2835,38
2836,36
2837,33
2838,35
2840,34
2841,37
2841,38
2842,33
2843,17
2843,39
2844,2
2846,6
2846,30
2846,40
2847,26
2847,27
2847,33
2847,37
2847,38
2848,34
2850,8
2851,33
2851,35
2851,39
2852,9
2853,31
2854,19
2854,37
2856,38
2857,34
2858,11
2858,21
2858,33
2859,10
2861,13
2861,39
2861,40
2862,33
2862,37
2862,38
2864,18
2864,35
2865,7
2865,20
2865,30
2866,25
2866,33
2866,39
2867,14
2867,37
2868,4
2868,22
2868,34
2868,38
2869,33
2871,15
2872,32
2873,33
2874,5
2874,34
2874,35
2874,37
2874,38
2874,39
2874,40
2875,36
2877,33
2879,37
2879,39
2880,38
2881,33
2881,34
2885,34
2885,40
2886,33
2886,36
2886,37
2887,38
2887,39
2889,34
2890,33
2891,3
2893,34
2894,38
2894,39
2895,33
2895,37
2895,40
2896,12
2897,29
2897,35
2897,36
2898,34
2899,2
2900,33
2900,37
2900,39
2901,24
2901,31
2903,34
2903,35
2903,38
2903,40
2906,33
2910,33
2910,34
2910,37
2911,30
2911,38
2912,6
2913,17
2914,39
2915,26
2915,33
2916,34
2916,40
2917,8
2918,6
2920,13
2920,28
2920,33
2920,37
2921,16
2921,38
2922,23
2923,30
2924,5
2924,19
2924,31
2924,34
2925,36
2925,39
2926,10
2926,32
2926,33
2927,20
2928,1
2928,4
2928,26
2928,34
2928,40
2930,22
2930,27
2930,37
2931,33
2931,38
2932,21
2932,34
2933,9
2934,36
2934,39
2935,33
2936,15
2936,34
2936,35
2939,18
2939,38
2939,40
2940,33
2940,34
2942,35
2943,37
2945,34
2946,5
2946,33
2946,38
2949,37
2950,34
2950,35
2952,39
2953,2
2954,33
2954,37
2955,34
2955,38
2956,35
2957,3
2958,37
2959,33
2960,34
2960,40
2961,24
2962,30
2963,33
2963,37
2963,39
2965,25
2965,34
2965,35
2967,11
2968,31
2969,33
2969,37
2969,40
2970,34
2971,38
2972,35
2973,36
2973,39
2974,37
2976,34
2978,38
2979,33
2979,37
2981,14
2982,34
2983,37
2986,33
2987,35
2987,38
2988,13
2989,34
2989,37
2990,39
2991,17
2991,33
2994,40
2995,7
2995,33
2995,35
2995,37
2996,22
2996,34
2997,16
2997,38
2998,36
2998,39
2999,28
3000,34
3001,33
3002,15
3004,5
3004,30
3004,35
3005,26
3005,29
3005,34
3005,37
3006,12
3006,39
3007,2
3007,33
3008,19
3008,34
3010,20
3010,35
3010,38
3010,40
3011,6
3011,10
3011,32
3011,33
3012,4
3012,21
3013,27
3013,34
3013,37
3014,9
3016,5
3016,33
3016,39
3017,8
3018,13
3018,25
3018,34
3018,35
3019,3
3019,31
3021,18
3021,33
3022,6
3022,23
3022,30
3023,24
3023,34
3023,37
3023,38
3024,39
3024,40
3026,33
3030,33
3030,36
3032,37
3033,34
3033,35
3034,6
3035,33
3037,37
3038,34
3039,33
3039,35
3039,39
3041,40
3043,38
3044,33
3045,37
3047,34
3048,35
3048,40
3049,37
3050,33
3051,36
3053,39
3054,37
3055,34
3056,31
3056,33
3058,35
3060,2
3060,34
3060,40
3063,5
3063,27
3063,36
3063,37
3063,38
3063,39
3064,33
3064,35
3067,34
3068,14
3068,35
3070,33
3070,40
3071,6
3072,37
3073,26
3073,30
3073,35
3074,11
3074,34
3075,17
3075,39
3076,10
3076,33
3076,38
3079,7
3079,19
3079,40
3080,8
3080,21
3081,28
3081,32
3082,33
3082,35
3083,4
3083,13
3083,22
3083,34
3084,1
3084,18
3084,30
3084,38
3084,39
3085,15
3085,24
3085,37
3086,16
3086,25
3086,31
3086,36
3088,12
3088,29
3088,33
3088,40
3089,35
3090,20
3090,31
3090,37
3091,34
3093,9
3094,3
3094,39
3095,33
3096,40
3097,34
3097,35
3097,36
3098,38
3099,5
3099,37
3101,23
3101,33
3104,37
3105,2
3105,34
3106,35
3107,33
3107,40
3111,34
3111,37
3114,33
3115,38
3116,39
3118,34
3118,35
3121,33
3122,34
3122,39
3124,6
3124,31
3127,33
3127,35
3127,38
3128,34
3128,36
3129,37
3130,13
3132,5
3132,33
3133,40
3134,34
3134,35
3134,39
3135,10
3135,30
3135,36
3137,33
3137,37
3140,35
3141,26
3141,34
3142,30
3143,33
3144,21
3144,38
3145,4
3145,39
3145,40
3146,17
3146,34
3146,37
3150,8
3150,33
3151,15
3153,14
3153,28
3153,34
3153,35
3154,11
3154,38
3154,39
3156,33
3156,40
3157,32
3157,34
3157,37
3159,27
3159,36
3161,22
3161,34
3163,2
3163,24
3163,33
3164,38
3164,39
3165,34
3165,35
3165,37
3168,3
3168,40
3169,16
3169,20
3169,33
3171,34
3172,6
3173,29
3173,31
3174,39
3175,19
3175,33
3175,34
3175,35
3175,36
3177,9
3177,40
3178,18
3178,34
3179,5
3180,33
3181,34
3182,37
3184,13
3184,36
3185,12
3185,34
3185,35
3186,39
3187,33
3189,30
3189,34
3191,33
3191,38
3191,40
3192,26
3194,34
3196,39
3197,33
3197,38
3200,25
3200,34
3201,31
3202,38
3203,7
3203,33
3204,15
3205,34
3207,38
3209,33
3209,35
3209,39
3210,10
3211,31
3211,34
3212,6
3212,37
3213,40
3215,38
3217,34
3218,24
3218,33
3221,38
3222,17
3223,4
3223,39
3225,2
3225,35
3226,34
3226,38
3227,21
3227,33
3227,40
3230,38
3231,22
3231,39
3232,1
3232,30
3232,32
3232,37
3234,11
3234,33
3235,8
3235,34
3235,38
3236,13
3236,23
3236,35
3236,36
3237,39
3238,26
3239,38
3240,3
3240,27
3240,40
3241,33
3242,20
3242,34
3243,14
3243,16
3243,36
3244,35
3246,38
3247,5
3247,19
3247,33
3248,37
3249,9
3249,36
3250,34
3250,39
3252,40
3253,28
3253,35
3254,38
3255,22
3255,31
3257,33
3259,34
3259,37
3261,6
3261,12
3261,18
3263,35
3264,34
3264,38
3265,39
3266,33
3266,36
3268,34
3271,33
3271,40
3272,34
3273,39
3275,35
3275,38
3276,30
3276,34
3277,33
3278,37
3278,39
3279,34
3280,10
3281,35
3282,29
3282,40
3283,34
3284,33
3284,38
3285,4
3287,36
3287,39
3288,30
3288,34
3289,38
3290,33
3291,15
3293,40
3294,13
3294,16
3294,26
3295,34
3295,35
3295,37
3296,33
3297,7
3297,17
3297,38
3298,24
3298,32
3299,5
3299,36
3300,25
3300,31
3301,34
3301,35
3302,2
3302,6
3302,33
3302,39
3302,40
3303,22
3303,38
3304,19
3304,37
3306,8
3306,23
3307,3
3307,34
3308,33
3309,38
3310,39
3311,20
3313,21
3314,30
3314,34
3315,39
3316,35
3317,33
3317,37
3317,38
3317,40
3318,9
3318,11
3318,18
3318,31
3323,34
3323,39
3324,33
3324,38
3325,27
3326,37
3327,35
3329,34
3329,39
3334,33
3334,39
3335,38
3336,35
3336,37
3336,40
3338,34
3339,39
3340,15
3342,37
3342,38
3343,33
3343,39
3344,12
3345,34
3345,35
3347,31
3347,37
3347,39
3347,40
3349,33
3351,14
3351,34
3352,10
3352,13
3352,37
3352,39
3354,2
3354,35
3354,36
3355,6
3356,33
3357,34
3358,30
3358,38
3358,39
3359,37
3362,33
3363,34
3364,35
3365,17
3365,39
3366,24
3366,38
3368,28
3368,37
3369,33
3370,1
3370,34
3370,39
3371,22
3371,26
3372,38
3372,40
3374,35
3374,37
3377,32
3377,38
3378,33
3380,5
3380,34
3381,39
3382,16
3383,4
3384,18
3384,25
3384,29
3384,37
3384,38
3385,20
3385,27
3386,33
3386,36
3387,35
3388,3
3388,34
3388,40
3389,7
3390,11
3390,37
3391,39
3392,38
3395,34
3397,8
3397,31
3398,15
3398,19
3398,30
3398,37
3398,38
3399,23
3399,33
3400,14
3402,34
3403,39
3403,40
3404,6
3404,26
3404,36
3405,33
3406,9
3406,37
3407,24
3407,34
3407,35
3408,38
3409,33
3410,21
3412,13
3413,33
3414,5
3414,35
3414,39
3415,10
3415,34
3416,37
3418,33
3418,40
3419,30
3420,35
3420,36
3420,39
3421,37
3421,38
3424,33
3425,34
3428,12
3428,33
3428,35
3428,37
3429,6
3429,40
3430,31
3430,39
3432,33
3432,38
3433,36
3434,34
3435,37
3436,8
3437,35
3437,40
3438,2
3438,33
3441,38
3442,37
3443,33
3443,35
3445,4
3445,25
3446,34
3447,33
3448,38
3449,35
3449,39
3450,16
3450,17
3450,34
3450,36
3450,40
3452,33
3454,37
3455,27
3455,38
3456,31
3456,34
3456,39
3457,33
3458,35
3459,40
3461,34
3462,33
3463,15
3463,38
3465,5
3465,6
3465,13
3465,29
3465,39
3467,3
3467,22
3467,32
3467,34
3467,36
3467,37
3468,19
3469,10
3469,18
3469,20
3469,33
3471,30
3472,11
3472,24
3472,34
3472,37
3472,38
3472,39
3474,26
3474,28
3474,40
3476,33
3476,37
3477,7
3477,9
3478,21
3478,35
3478,39
3479,2
3479,34
3481,33
3482,37
3482,38
3484,5
3484,35
3484,39
3486,34
3487,33
3489,37
3489,39
3492,35
3493,40
3494,37
3494,39
3495,38
3496,33
3496,34
3500,12
3500,34
3500,37
3501,31
3501,39
3502,33
3502,35
3505,34
3506,33
3506,37
3508,36
3509,39
3509,40
3511,34
3513,37
3514,30
3514,39
3515,6
3515,14
3515,23
3515,33
3516,38
3517,34
3519,8
3519,26
3519,33
3519,35
3520,13
3520,17
3520,39
3522,40
3523,5
3523,19
3523,33
3523,34
3523,37
3525,28
3525,36
3526,33
3527,30
3527,38
3527,39
3528,1
3528,22
3528,34
3529,15
3530,33
3530,37
3530,40
3531,2
3531,35
3533,33
3534,34
3534,36
3535,39
3536,33
3537,3
3538,40
3539,35
3539,37
3540,4
3540,33
3540,34
3542,39
3543,33
3544,20
3544,27
3544,29
3544,31
3544,34
3544,38
3545,37
3547,16
3547,33
3547,40
3548,34
3548,35
3549,10
3549,37
3550,9
3550,39
3551,18
3551,32
3551,33
3553,24
3554,34
3554,37
3555,11
3555,25
3555,33
3555,35
3556,39
3557,5
3558,36
3558,37
3558,40
3560,6
3561,31
3561,33
3562,34
3562,37
3562,39
3564,35
3566,33
3567,34
3568,37
3569,35
3569,39
3570,21
3570,33
3573,34
3573,40
3574,13
3574,33
3574,35
3574,37
3576,39
3578,33
3580,34
3580,35
3580,37
3580,40
3582,33
3582,36
3585,30
3585,33
3585,37
3586,35
3586,39
3589,33
3589,37
3590,34
3591,38
3593,33
3593,35
3593,39
3594,34
3595,7
3595,12
3595,26
3595,37
3597,35
3598,17
3598,34
3599,33
3599,40
3600,19
3600,39
3601,37
3602,15
3602,38
3603,33
3603,34
3604,35
3605,2
3606,36
3607,30
3607,37
3608,34
3608,38
3608,39
3609,35
3610,33
3610,40
3611,27
3614,3
3614,4
3614,8
3615,6
3615,29
3615,34
3615,38
3616,14
3616,20
3616,24
3616,33
3616,37
3617,35
3617,39
3618,31
3618,32
3618,40
3619,10
3620,11
3620,34
3622,33
3622,36
3623,23
3623,30
3623,37
3624,13
3624,25
3625,38
3625,39
3626,22
3626,34
3626,35
3629,16
3630,28
3630,33
3630,40
3631,6
3632,35
3632,37
3633,34
3634,5
3634,38
3635,33
3635,36
3638,37
3639,34
3641,39
3642,33
3642,38
3643,26
3643,35
3643,40
3644,30
3648,33
3648,34
3649,39
3650,18
3651,35
3651,37
3652,33
3653,40
3655,34
3655,38
3657,33
3657,37
3657,39
3660,34
3661,35
3662,12
3663,31
3663,33
3664,5
3665,9
3665,21
3665,37
3665,39
3666,34
3666,38
3667,40
3668,36
3670,8
3670,13
3670,35
3671,33
3672,6
3672,34
3673,3
3673,37
3673,38
3674,32
3675,34
3676,17
3676,33
3676,40
3678,39
3680,2
3680,15
3680,20
3680,24
3680,34
3680,37
3681,10
3681,38
3682,33
3682,40
3683,34
3685,29
3685,35
3685,38
3687,4
3687,27
3687,33
3687,40
3689,34
3690,22
3690,37
3690,38
3691,33
3692,19
3693,34
3695,33
3697,34
3697,35
3697,38
3697,40
3698,26
3699,7
3699,39
3700,33
3700,36
3702,34
3702,37
3703,5
3703,38
3705,28
3706,31
3706,34
3707,33
3708,30
3709,39
3710,40
3711,34
3711,35
3711,36
3712,14
3712,38
3713,33
3716,13
3716,18
3717,23
3717,34
3718,36
3719,40
3720,25
3720,33
3720,39
3721,37
3721,38
3724,16
3724,34
3725,33
3727,38
3728,11
3729,31
3729,34
3729,39
3730,6
3730,33
3730,36
3730,40
3731,37
3734,21
3735,2
3736,20
3736,38
3736,39
3737,33
3737,34
3738,35
3739,24
3740,1
3740,5
3740,12
3740,36
3741,30
3741,33
3741,40
3742,39
3744,4
3744,34
3744,37
3745,19
3746,29
3746,33
3747,8
3748,34
3748,38
3749,9
3749,15
3749,35
3750,32
3750,36
3750,39
3751,33
3752,34
3753,6
3753,10
3755,3
3755,26
3756,22
3756,34
3758,35
3759,33
3759,39
3760,36
3760,40
3761,30
3761,37
3764,33
3765,39
3766,35
3768,13
3769,17
3769,33
3770,34
3770,37
3774,27
3774,39
3775,33
3775,40
3777,34
3777,37
3779,15
3779,35
3781,37
3782,33
3782,38
3783,31
3786,34
3787,33
3788,37
3789,39
3790,16
3792,35
3793,31
3793,36
3793,37
3794,5
3795,33
3795,34
3796,30
3797,39
3798,35
3799,37
3801,28
3804,14
3804,24
3804,33
3804,34
3806,26
3806,36
3807,37
3808,18
3808,40
3809,35
3809,38
3811,20
3811,33
3812,22
3813,39
3814,37
3815,34
3816,6
3816,25
3817,40
3818,37
3819,33
3820,2
3820,11
3820,21
3822,7
3822,39
3823,34
3823,35
3824,3
3824,8
3824,13
3825,33
3825,37
3825,38
3826,23
3826,27
3827,10
3827,36
3828,15
3828,40
3829,4
3829,19
3829,34
3831,30
3831,33
3832,37
3832,38
3833,32
3834,35
3835,31
3835,34
3836,5
3836,33
3839,36
3839,40
3840,34
3840,35
3841,9
3841,33
3841,37
3843,39
3844,6
3845,34
3845,35
3845,38
3847,33
3847,37
3850,35
3850,38
3851,34
3851,37
3852,33
3855,38
3857,35
3857,37
3857,39
3858,34
3859,33
3861,38
3862,37
3862,40
3863,2
3863,12
3863,35
3865,33
3865,34
3866,37
3866,38
3867,40
3869,31
3870,35
3871,29
3871,33
3871,37
3872,38
3873,34
3875,17
3875,18
3875,24
3875,33
3875,39
3876,13
3876,16
3876,36
3876,37
3876,40
3877,35
3878,26
3878,30
3879,37
3879,38
3880,33
3882,22
3883,10
3883,20
3883,34
3884,8
3884,37
3884,39
3885,31
3885,33
3886,36
3887,28
3887,38
3887,40
3888,37
3889,33
3892,34
3893,33
3893,37
3894,40
3895,25
3896,34
3897,33
3898,35
3898,37
3899,38
3900,30
3901,14
3901,15
3901,34
3901,39
3902,33
3903,40
3905,26
3905,27
3905,37
3906,13
3906,33
3908,34
3909,35
3909,36
3909,37
3910,4
3910,21
3910,39
3911,33
3911,38
3914,3
3914,7
3914,34
3915,37
3916,33
3917,34
3917,38
3918,22
3919,5
3920,39
3921,2
3921,32
3921,37
3921,40
3922,34
3923,11
3923,33
3924,15
3924,19
3924,23
3924,38
3925,35
3926,31
3927,33
3928,37
3928,40
3929,34
3930,6
3933,33
3933,39
3934,36
3934,38
3935,5
3935,17
3936,34
3937,30
3937,37
3938,31
3939,33
3940,12
3941,35
3942,34
3942,39
3943,26
3944,38
3946,6
3946,33
3946,37
3946,40
3947,9
3947,18
3947,34
3950,36
3951,10
3952,24
3952,33
3952,37
3953,29
3953,39
3954,20
3954,34
3954,35
3957,33
3957,38
3958,34
3962,37
3963,33
3963,34
3966,16
3966,36
3968,34
3968,35
3968,37
3968,40
3969,33
3972,3
3973,13
3973,33
3973,34
3974,37
3974,39
3977,33
3977,38
3978,34
3978,35
3981,33
3983,8
3983,30
3984,4
3984,33
3984,37
3985,39
3986,34
3987,36
3988,25
3988,33
3988,35
3988,38
3989,27
3991,31
3992,33
3992,34
3992,40
3993,38
3995,28
3997,33
3998,2
3998,5
3998,22
3999,35
3999,37
3999,38
4000,34
4000,36
4001,1
4002,33
4004,13
4004,15
4004,19
4004,21
4004,38
4004,39
4006,6
4006,33
4007,40
4008,30
4008,35
4009,11
4009,34
4010,17
4010,32
4010,38
4011,14
4012,7
4012,26
4012,33
4012,39
4012,40
4013,23
4014,36
4015,31
4015,34
4017,37
4018,38
4019,33
4019,35
4019,39
4020,10
4020,34
4022,18
4023,33
4024,24
4026,12
4026,35
4026,37
4027,34
4027,39
4028,33
4031,9
4031,35
4032,20
4033,33
4033,39
4034,34
4035,3
4035,40
4036,35
4039,33
4039,37
4040,34
4040,39
4041,31
4041,35
4043,33
4044,40
4046,35
4047,34
4047,36
4048,37
4048,39
4049,33
4051,35
4053,38
4054,33
4054,34
4054,40
4055,39
4056,37
4058,35
4059,30
4060,31
4061,16
4061,33
4062,34
4062,38
4062,39
4063,4
4063,6
4063,13
4063,36
4065,5
4065,8
4066,26
4066,33
4066,35
4067,2
4067,28
4067,29
4068,27
4068,34
4068,38
4069,39
4069,40
4070,19
4070,32
4071,25
4071,33
4071,35
4072,22
4073,11
4073,34
4073,37
4074,6
4074,15
4075,33
4075,36
4076,39
4077,35
4078,1
4078,34
4079,17
4080,33
4081,24
4081,39
4081,40
4083,26
4083,35
4085,34
4086,33
4087,30
4087,37
4087,39
4089,35
4092,34
4094,10
4094,33
4094,39
4095,35
4098,37
4100,36
4100,40
4101,30
4101,34
4101,35
4102,21
4102,38
4103,33
4103,39
4105,35
4108,7
4108,34
4109,33
4110,13
4110,35
4112,39
4113,31
4113,40
4114,36
4114,38
4115,34
4116,33
4117,6
4119,3
4119,14
4119,34
4119,35
4120,18
4121,2
4121,20
4121,23
4122,4
4122,5
4122,33
4123,34
4123,36
4123,37
4123,40
4125,38
4125,39
4126,15
4127,22
4128,9
4128,34
4129,2
4129,19
4129,33
4129,35
4130,32
4132,34
4132,38
4134,33
4135,12
4137,11
4138,26
4138,34
4138,35
4138,37
4138,39
4139,16
4140,27
4140,33
4140,40
4141,31
4142,29
4142,36
4143,38
4145,33
4145,34
4147,24
4148,35
4150,38
4152,37
4152,39
4153,33
4156,5
4157,34
4159,8
4159,33
4160,40
4161,35
4161,38
4163,28
4164,17
4164,30
4164,34
4165,36
4165,39
4166,33
4166,37
4167,25
4169,30
4170,6
4170,34
4170,35
4171,10
4171,40
4172,39
4173,13
4175,33
4176,30
4177,31
4178,36
4179,18
4179,39
4180,33
4180,34
4180,35
4180,37
4182,40
4186,33
4188,34
4188,37
4188,39
4189,3
4189,35
4191,32
4192,33
4193,20
4193,38
4195,34
4195,35
4198,38
4199,33
4199,39
4201,40
4202,4
4202,26
4202,37
4203,35
4205,9
4205,21
4205,34
4205,38
4206,33
4207,7
4209,16
4209,19
4209,23
4209,34
4210,6
4210,22
4211,13
4211,35
4213,11
4213,36
4214,33
4214,34
4214,38
4215,1
4215,2
4215,5
4215,8
4215,15
4215,31
4216,14
4216,39
4217,29
4217,37
4217,40
4218,33
4218,34
4218,35
4218,38
4220,17
4220,36
4222,30
4222,31
4223,12
4223,34
4224,10
4224,33
4224,38
4225,35
4226,37
4227,24
4227,40
4228,39
4229,34
4230,33
4231,38
4232,25
4233,3
4233,35
4235,33
4236,34
4236,37
4239,38
4239,39
4240,40
4241,34
4242,33
4243,30
4243,35
4245,6
4245,38
4247,33
4247,34
4247,39
4248,26
4248,36
4248,40
4249,27
4251,28
4252,33
4253,34
4254,35
4254,38
4255,37
4256,18
4256,33
4256,39
4259,40
4261,33
4262,37
4263,22
4263,38
4264,2
4265,39
4266,30
4266,33
4266,34
4267,38
4269,13
4270,34
4270,37
4272,15
4272,38
4273,33
4273,40
4274,32
4275,5
4275,20
4275,36
4276,4
4276,34
4276,37
4277,31
4277,35
4278,39
4279,38
4280,21
4280,33
4280,34
4282,40
4283,24
4284,34
4285,33
4286,38
4286,39
4287,9
4288,34
4288,36
4288,37
4289,6
4290,35
4290,40
4291,33
4293,34
4294,10
4294,38
4294,39
4296,19
4296,33
4298,34
4300,29
4301,26
4301,30
4301,37
4301,38
4302,17
4302,33
4302,34
4303,16
4303,40
4304,39
4305,36
4306,3
4306,35
4307,27
4307,34
4308,11
4308,37
4308,38
4309,2
4309,30
4311,8
4311,31
4311,33
4311,34
4314,14
4314,35
4315,33
4315,37
4315,39
4316,30
4316,38
4317,34
4317,40
4318,13
4319,23
4322,6
4322,33
4323,35
4323,38
4324,34
4324,37
4325,5
4325,25
4325,36
4326,40
4327,1
4327,12
4327,33
4328,7
4329,22
4329,38
4329,39
4330,37
4331,34
4333,28
4334,33
4335,35
4335,36
4337,18
4337,37
4338,38
4339,34
4341,33
4345,33
4345,39
4346,32
4346,34
4346,35
4346,37
4347,20
4349,24
4349,33
4351,15
4351,40
4352,34
4353,33
4353,37
4353,39
4354,35
4355,6
4355,38
4357,4
4357,26
4357,33
4358,34
4359,29
4360,5
4360,19
4361,40
4362,9
4362,33
4362,38
4363,30
4363,36
4363,37
4363,39
4365,10
4366,33
4366,35
4367,34
4368,13
4369,8
4369,39
4370,33
4373,37
4374,33
4374,34
4376,39
4377,17
4378,31
4379,2
4379,33
4379,34
4380,35
4381,38
4383,34
4383,39
4383,40
4384,21
4386,3
4387,27
4388,33
4388,39
4389,34
4389,35
4391,37
4394,11
4394,35
4394,39
4395,31
4395,33
4395,36
4396,16
4396,38
4397,34
4401,40
4402,33
4402,34
4402,35
4403,24
4404,5
4404,14
4405,7
4405,31
4406,37
4407,6
4407,15
4407,22
4407,26
4407,30
4407,34
4407,36
4407,39
4408,32
4408,38
4409,35
4409,40
4410,13
4410,33
4411,4
4411,34
4413,28
4413,39
4415,36
4416,37
4416,38
4417,23
4417,33
4417,34
4417,35
4417,39
4422,38
4422,39
4422,40
4423,34
4425,31
4425,33
4425,36
4428,39
4429,1
4429,34
4430,2
4430,18
4430,31
4431,6
4432,33
4432,35
4432,36
4432,37
4432,38
4432,40
4435,8
4435,34
4437,39
4438,10
4439,35
4440,12
4440,33
4440,38
4442,25
4442,30
4444,11
4444,34
4445,20
4445,40
4446,39
4448,21
4448,29
4448,37
4448,38
4450,17
4450,35
4451,19
4451,26
4451,33
4453,38
4454,22
4454,34
4455,7
4456,36
4458,16
4458,33
4459,13
4459,40
4460,34
4460,35
4460,38
4460,39
4461,9
4461,30
4462,27
4462,31
4463,3
4463,5
4463,33
4464,34
4465,24
4466,35
4467,15
4467,36
4467,38
4468,37
4469,33
4469,34
4469,39
4471,32
4472,35
4473,34
4476,33
4477,36
4477,37
4477,38
4478,5
4478,34
4480,39
4482,35
4483,34
4483,38
4484,33
4488,6
4488,34
4491,33
4491,37
4491,40
4492,34
4492,39
4494,35
4498,33
4498,34
4499,14
4500,2
4501,35
4501,39
4502,36
4503,34
4505,40
4506,4
4506,33
4508,35
4508,38
4509,37
4510,10
4510,28
4510,36
4511,23
4512,25
4512,33
4512,34
4514,31
4514,38
4515,30
4516,20
4516,39
4517,8
4517,26
4517,33
4517,35
4518,6
4518,40
4519,16
4519,37
4520,17
4520,34
4521,22
4522,33
4523,11
4523,19
4523,24
4524,37
4525,3
4525,12
4525,27
4525,34
4526,13
4526,35
4527,5
4527,39
4527,40
4528,15
4528,21
4528,33
4528,34
4528,36
4528,38
4529,30
4533,35
4534,34
4535,37
4535,38
4536,9
4536,33
4537,39
4538,31
4539,34
4540,40
4542,18
4542,36
4543,38
4544,37
4545,31
4545,34
4546,29
4547,33
4547,39
4548,35
4550,34
4552,40
4553,10
4553,35
4554,7
4555,30
4555,38
4555,39
4556,33
4556,36
4557,34
4558,32
4561,40
4562,6
4562,34
4562,35
4562,39
4563,33
4563,37
4564,4
4566,36
4567,2
4567,35
4568,34
4569,30
4571,33
4571,38
4571,40
4572,5
4572,35
4572,39
4573,37
4575,8
4575,22
4575,34
4576,33
4578,38
4581,33
4581,39
4582,13
4582,31
4582,35
4583,34
4587,33
4587,36
4588,35
4589,3
4589,26
4589,31
4590,23
4590,28
4592,38
4593,34
4594,1
4594,20
4595,35
4596,33
4596,37
4597,17
4597,34
4597,40
4598,38
4598,39
4600,2
4600,11
4601,14
4603,34
4603,35
4603,40
4604,33
4605,21
4605,38
4605,39
4606,37
4608,27
4609,34
4610,39
4612,38
4613,19
4613,33
4615,15
4615,34
4615,40
4617,29
4617,39
4619,9
4619,30
4620,5
4620,12
4620,33
4621,36
4621,40
4622,6
4622,18
4622,34
4622,35
4622,39
4623,37
4625,31
4626,13
4626,33
4627,4
4627,24
4627,39
4628,10
4628,16
4628,22
4628,34
4630,36
4631,38
4632,39
4632,40
4633,35
4633,37
4634,33
4639,36
4639,39
4640,33
4640,37
4640,38
4641,34
4642,35
4642,40
4645,33
4645,37
4645,38
4646,39
4649,33
4650,37
4652,34
4653,35
4653,39
4655,33
4657,25
4658,37
4659,33
4659,38
4659,39
4662,26
4663,6
4663,31
4664,7
4665,8
4665,18
4665,33
4665,34
4666,37
4666,40
4667,39
4668,32
4668,35
4668,36
4669,3
4669,13
4669,15
4669,17
4669,30
4671,33
4672,20
4672,34
4672,37
4672,38
4673,39
4674,24
4674,40
4675,10
4677,22
4678,2
4678,30
4679,33
4679,34
4680,4
4680,12
4680,28
4680,37
4680,39
4681,21
4681,35
4683,31
4684,19
4684,29
4684,34
4684,38
4684,40
4685,33
4685,36
4685,37
4685,39
4686,1
4690,38
4691,27
4691,33
4691,34
4691,39
4692,35
4693,5
4694,40
4695,11
4696,33
4696,39
4697,34
4698,37
4700,38
4701,14
4703,33
4703,35
4703,36
4703,39
4705,23
4707,33
4707,34
4708,25
4708,26
4708,31
4709,16
4710,40
4711,33
4711,34
4711,36
4711,38
4712,37
4714,5
4714,31
4714,39
4716,6
4716,9
4716,33
4716,34
4716,35
4719,34
4719,36
4719,38
4720,13
4721,33
4722,40
4723,8
4724,34
4725,33
4725,39
4728,32
4729,34
4730,33
4730,38
4732,35
4732,36
4733,34
4735,18
4736,33
4737,34
4738,38
4739,2
4739,37
4741,34
4741,40
4742,33
4742,36
4743,3
4743,17
4743,38
4744,35
4744,39
4746,30
4746,34
4748,40
4749,10
4749,22
4749,35
4749,37
4750,6
4750,15
4750,33
4751,39
4752,26
4752,34
4753,24
4754,36
4755,35
4755,37
4756,33
4756,40
4757,38
4758,21
4758,28
4759,34
4760,31
4761,33
4763,35
4763,37
4763,39
4764,20
4764,33
4765,40
4766,13
4766,27
4766,38
4768,33
4769,34
4769,36
4770,39
4771,37
4772,7
4772,19
4772,33
4773,34
4774,35
4775,33
4775,38
4777,5
4777,16
4778,34
4778,39
4779,4
4779,40
4780,33
4781,12
4781,37
4781,38
4782,36
4783,33
4783,34
4784,11
4784,14
4784,29
4785,39
4787,33
4787,38
4787,40
4788,36
4791,3
4791,23
4791,33
4791,34
4793,2
4793,6
4794,35
4794,38
4796,8
4796,30
4796,33
4796,34
4797,39
4797,40
4799,36
4800,26
4801,25
4801,31
4801,33
4802,38
4804,6
4804,34
4806,17
4806,35
4807,33
4808,5
4808,18
4809,39
4809,40
4810,37
4810,38
4812,33
4813,15
4813,36
4814,19
4814,22
4814,30
4815,9
4815,35
4816,34
4817,33
4817,37
4818,38
4818,39
4820,13
4821,34
4822,24
4823,33
4824,35
4825,10
4825,32
4825,36
4825,38
4826,34
4827,37
4827,40
4830,33
4830,39
4831,38
4833,34
4834,2
4836,33
4836,38
4837,35
4840,33
4840,34
4841,20
4842,37
4842,38
4843,31
4844,33
4844,34
4844,36
4844,39
4846,27
4847,34
4849,33
4850,34
4850,35
4851,4
4851,30
4852,31
4853,36
4853,38
4854,26
4854,33
4855,34
4855,39
4856,37
4857,16
4857,21
4857,28
4858,33
4858,40
4859,34
4862,33
4863,3
4863,6
4864,34
4864,35
4865,33
4866,12
4867,7
4867,30
4867,31
4868,5
4868,34
4868,37
4868,38
4868,39
4868,40
4870,33
4870,35
4871,8
4871,24
4872,13
4873,34
4874,15
4874,29
4875,14
4875,33
4875,37
4875,39
4876,10
4877,34
4878,1
4878,31
4878,36
4878,38
4880,33
4881,9
4881,40
4882,22
4883,18
4883,34
4884,33
4884,35
4884,37
4884,39
4887,34
4887,38
4889,33
4891,34
4892,11
4892,35
4893,5
4893,23
4893,38
4895,33
4895,37
4896,26
4896,34
4896,40
4898,2
4898,17
4898,20
4899,33
4900,34
4900,37
4900,38
4901,39
4903,35
4903,40
4904,33
4904,34
4906,6
4907,37
4908,34
4909,33
4909,38
4911,19
4911,35
4911,37
4912,34
4912,39
4914,33
4916,32
4916,37
4917,25
4917,27
4917,30
4917,38
4918,34
4918,35
4920,33
4922,37
4922,39
4925,38
4926,30
4926,33
4926,34
4926,35
4928,37
4929,36
4930,38
4931,4
4932,34
4933,31
4934,33
4934,40
4935,38
4936,13
4936,35
4938,36
4939,37
4939,39
4939,40
4940,8
4940,33
4942,3
4942,28
4942,31
4942,34
4943,35
4943,38
4945,33
4946,10
4946,37
4947,16
4949,22
4949,24
4949,40
4950,21
4950,34
4950,35
4951,30
4951,39
4952,5
4952,33
4953,37
4954,36
4956,38
4957,34
4959,33
4959,35
4960,38
4961,15
4961,37
4961,39
4961,40
4963,33
4963,34
4965,29
4967,33
4967,34
4968,38
4969,31
4969,35
4970,17
4971,2
4972,9
4972,33
4972,34
4972,40
4973,12
4973,26
4973,38
4974,6
4975,31
4975,37
4976,34
4977,13
4977,32
4977,33
4978,18
4979,7
4979,38
4980,19
4980,27
4980,36
4981,34
4981,35
4981,39
4982,4
4982,22
4982,33
4983,5
4983,37
4985,38
4986,30
4987,20
4987,33
4988,34
4988,37
4989,40
4990,14
4991,39
4992,25
4994,33
4994,36
4995,37
4996,38
4998,33
4998,34
4998,39
5000,23
