8,17
8,22
9,12
9,15
10,5
10,26
10,27
11,2
11,8
11,9
11,11
11,13
11,14
11,19
11,21
11,25
11,29
11,30
11,33
12,1
12,3
12,4
12,6
12,7
12,16
12,18
12,20
12,23
12,24
12,31
12,36
12,38
12,39
12,40
13,10
13,12
13,28
13,32
13,35
13,37
14,13
14,24
14,34
15,9
15,26
15,29
15,33
16,1
16,2
16,4
16,15
16,25
16,40
17,8
17,20
17,39
18,5
18,23
18,36
19,18
19,35
20,12
20,37
21,10
21,16
22,39
23,36
24,34
24,38
24,40
25,21
26,24
27,39
28,36
32,33
36,39
37,35
38,36
40,37
41,39
42,34
44,39
45,36
46,33
46,37
47,18
48,39
49,4
51,20
51,39
52,34
52,36
52,37
55,10
55,39
55,40
58,24
58,27
58,39
59,2
61,39
62,23
62,37
63,33
63,36
64,32
64,34
66,39
67,4
67,12
68,18
68,37
70,30
70,36
70,39
71,28
72,20
72,26
73,31
73,38
74,39
75,3
75,7
75,33
76,12
76,34
76,37
77,1
77,13
77,35
77,40
78,2
78,39
79,24
79,36
80,6
82,39
83,15
83,25
84,12
85,19
85,22
85,36
85,38
85,39
86,11
86,14
86,20
86,37
87,33
88,26
88,39
89,29
91,18
91,36
91,37
92,12
92,17
92,24
92,39
92,40
93,4
94,27
96,36
96,38
97,39
98,10
100,36
100,37
102,8
103,9
105,35
105,36
105,39
106,37
107,33
108,1
108,16
108,38
109,36
111,37
112,13
112,18
112,33
112,34
113,36
116,5
117,15
117,20
117,36
117,38
117,39
119,10
121,35
121,36
122,25
122,33
122,37
122,40
125,36
128,33
129,23
129,36
131,2
132,19
132,36
132,38
133,39
134,21
134,33
134,37
135,12
136,36
137,40
138,39
142,20
142,34
142,36
143,32
144,39
145,28
146,35
146,37
148,36
151,7
152,2
152,4
153,3
153,6
153,20
153,24
154,13
154,29
154,31
154,39
155,11
155,14
155,36
156,16
156,33
156,35
156,40
157,1
157,15
157,18
157,24
157,26
157,38
158,9
158,12
158,30
158,34
158,37
159,4
160,10
160,36
161,39
162,8
162,22
162,25
162,33
162,40
163,21
163,23
164,24
167,36
169,13
169,37
169,39
172,38
173,36
176,39
177,10
177,17
179,12
179,36
180,38
180,39
182,37
183,40
184,39
185,36
186,33
188,39
189,20
190,36
191,37
192,27
192,38
192,39
193,33
195,36
196,39
198,24
200,36
201,38
201,39
202,18
202,33
202,37
203,15
204,2
206,29
206,36
207,4
207,39
208,1
208,37
209,9
209,24
210,35
211,26
212,5
213,39
214,25
215,23
215,33
215,36
215,37
215,38
216,12
216,16
216,18
216,34
217,28
218,32
219,9
219,10
220,12
220,36
221,6
221,8
221,38
221,39
221,40
222,35
223,20
223,37
224,33
225,7
225,36
226,2
226,13
226,19
227,3
228,26
228,36
229,39
230,24
231,13
231,34
231,37
231,38
232,4
232,35
233,36
234,40
236,39
238,14
240,37
241,36
242,31
242,34
244,22
244,27
244,30
245,33
246,37
247,36
248,10
248,39
249,1
251,18
251,37
251,38
252,20
254,2
254,17
255,36
256,12
257,29
258,11
258,33
258,35
258,37
258,39
259,36
261,24
261,40
262,19
263,25
263,36
265,20
265,37
266,38
268,21
269,4
269,36
270,9
271,12
271,37
271,39
272,15
273,36
274,26
274,40
277,35
278,13
280,36
281,23
281,37
282,3
282,33
282,38
285,4
285,39
286,36
287,37
288,28
289,39
291,10
291,31
292,6
292,18
292,27
292,33
292,36
293,7
294,1
294,5
294,24
295,2
295,38
295,39
296,12
296,20
296,36
296,37
297,8
297,16
298,23
298,39
298,40
299,25
300,15
300,32
301,34
302,4
302,12
302,36
302,37
302,39
303,33
304,38
305,24
305,26
307,39
308,36
309,33
309,37
311,39
312,9
314,37
315,36
315,39
318,1
318,10
318,30
320,36
321,39
322,33
322,37
323,40
324,13
325,14
326,29
326,35
326,39
327,36
328,18
329,34
329,37
331,39
333,36
334,33
335,2
335,19
335,35
335,37
335,39
337,20
339,12
339,22
339,39
340,2
340,17
340,24
340,36
341,4
341,38
342,34
342,39
343,25
343,37
344,11
344,31
345,12
346,15
347,39
348,36
348,37
349,8
349,26
349,33
350,20
350,27
352,39
353,37
354,16
355,38
356,5
356,40
357,35
357,36
358,21
358,37
358,39
359,6
359,32
359,34
360,23
362,28
362,37
363,13
363,39
365,36
366,2
366,40
367,38
368,3
368,10
369,1
369,9
369,37
370,33
370,39
372,7
373,13
373,18
373,35
373,36
373,37
375,39
377,29
378,37
378,38
379,12
379,36
380,26
380,34
381,24
381,39
382,35
384,18
384,37
385,33
385,36
386,38
387,4
388,9
388,39
391,36
392,35
392,37
393,20
394,39
397,33
397,36
398,15
398,30
398,37
398,39
399,4
399,34
402,14
402,36
403,38
403,39
404,35
405,24
405,33
407,18
407,37
408,17
409,25
409,36
410,38
410,39
411,12
412,23
413,35
413,37
414,1
415,36
415,38
416,8
416,28
417,13
417,27
417,37
417,39
418,10
419,16
419,33
420,12
421,18
421,36
421,38
421,40
422,37
423,2
423,5
423,22
424,11
424,19
424,35
425,36
425,39
426,12
426,26
427,13
427,24
427,38
428,20
428,33
428,37
430,32
430,36
431,2
431,7
432,6
432,9
432,39
433,31
433,38
433,40
434,37
435,20
435,21
435,36
436,29
436,33
437,39
438,25
438,34
440,37
440,38
441,39
442,36
445,39
446,36
446,40
448,39
449,33
449,38
450,23
450,37
451,36
452,39
454,36
455,39
456,15
457,10
457,37
458,4
458,26
458,36
459,24
459,39
462,12
462,36
463,39
464,20
465,25
465,37
465,38
467,36
468,30
469,34
469,39
470,40
471,33
471,35
472,9
473,36
473,37
473,39
474,1
478,37
479,39
480,3
480,14
480,33
480,36
481,13
482,27
483,37
483,39
484,36
486,18
486,24
487,39
487,40
488,8
488,36
488,37
489,32
489,38
490,29
491,20
492,12
492,36
492,37
492,39
493,13
493,15
493,18
493,22
493,33
495,36
496,12
496,16
496,34
496,37
496,39
497,4
497,25
498,2
499,24
499,36
500,39
501,10
501,26
501,37
502,11
502,12
503,36
504,33
504,39
506,6
506,23
506,35
506,36
507,7
508,12
508,17
508,19
508,39
509,36
510,28
510,37
511,38
511,39
511,40
512,4
512,31
513,34
515,2
515,39
516,36
517,38
519,5
519,39
520,35
520,36
520,37
522,1
522,33
523,20
524,36
524,39
526,18
527,34
528,36
529,33
529,37
530,35
530,38
530,39
535,36
536,39
537,38
538,20
539,37
540,33
542,9
542,35
542,36
543,4
543,38
544,13
545,39
547,10
547,24
547,30
547,33
547,36
549,39
550,15
552,25
552,27
552,40
553,16
553,35
554,21
554,33
554,36
554,39
555,2
555,23
555,37
556,8
556,9
556,34
557,20
558,1
558,32
558,39
559,12
559,13
559,36
559,40
561,5
561,37
561,38
562,17
562,39
563,24
563,26
564,28
565,12
565,29
566,18
566,39
567,36
567,37
568,3
568,33
568,35
571,4
572,7
572,36
573,39
574,1
574,24
574,37
576,6
577,14
577,36
579,10
579,13
580,9
580,26
580,37
581,39
582,22
582,36
582,40
584,25
585,31
585,38
586,36
587,33
588,18
590,13
590,23
590,39
591,10
591,15
591,36
591,37
592,12
593,19
593,38
594,36
595,35
598,20
598,33
598,36
599,39
600,37
601,40
602,2
603,36
605,38
606,12
606,37
607,39
610,36
611,39
612,4
612,37
613,34
615,33
616,36
617,11
617,16
617,39
618,38
621,39
622,24
622,27
622,33
622,35
622,36
622,37
623,12
625,39
627,8
627,29
627,38
628,2
628,37
629,36
629,39
630,18
630,20
630,30
631,33
632,1
633,12
634,28
634,32
635,26
636,5
636,36
636,38
636,39
637,13
637,24
638,7
638,40
639,15
640,3
640,12
640,35
640,37
640,39
641,9
641,19
641,20
642,14
642,33
642,36
644,34
644,39
647,27
647,36
648,4
648,31
649,37
649,38
649,39
651,2
652,36
653,25
654,39
655,37
656,17
658,36
659,10
659,23
659,33
659,39
660,37
661,6
662,20
663,40
664,34
664,36
664,39
666,37
670,21
670,39
672,36
672,37
677,39
678,1
678,36
678,40
679,22
679,31
679,33
679,37
680,35
683,12
684,2
684,8
684,24
684,34
685,38
685,39
686,36
687,4
687,13
687,20
687,37
688,40
689,23
690,15
690,18
690,39
691,36
692,12
692,16
693,37
694,29
694,34
694,35
694,39
695,24
695,26
696,11
696,33
696,38
697,32
698,39
699,36
702,28
702,30
703,20
703,25
703,37
703,39
704,7
705,33
705,38
707,24
707,36
707,39
708,26
708,37
710,10
711,9
711,27
711,39
712,2
712,40
714,23
715,5
715,37
715,39
716,34
717,12
717,36
718,18
720,1
720,39
721,17
721,36
722,19
722,40
723,12
723,37
723,38
724,39
725,6
726,29
727,3
727,36
728,37
729,13
729,33
729,39
730,38
731,4
731,9
731,36
733,37
734,39
735,36
737,34
739,36
739,39
740,10
743,33
743,36
743,38
743,39
744,37
745,2
745,20
745,35
746,13
748,15
748,36
748,39
749,10
750,25
751,33
752,4
753,32
753,34
753,36
753,39
754,8
754,23
754,37
755,40
756,14
756,38
757,26
757,36
758,18
758,39
759,24
760,31
760,36
762,22
762,37
763,39
764,16
764,33
764,36
765,1
766,24
767,12
767,20
767,36
768,39
769,38
771,36
771,37
772,39
772,40
774,15
776,36
776,39
778,28
778,37
778,38
780,20
780,33
781,7
781,39
782,36
782,40
783,35
786,37
786,39
788,36
789,27
789,34
790,13
790,38
791,36
791,37
793,33
794,39
795,36
795,37
796,24
797,1
797,2
797,4
797,19
799,3
799,12
799,36
799,39
800,26
800,30
800,37
800,40
801,15
801,38
802,11
802,18
803,9
803,29
803,37
804,21
804,33
804,36
805,5
805,16
805,20
806,12
806,17
806,35
806,37
806,39
807,38
808,24
809,6
810,34
810,36
810,40
811,31
811,32
811,37
812,25
814,37
816,39
818,37
818,38
819,8
819,9
819,36
820,10
821,39
823,37
827,36
828,39
828,40
830,37
831,10
833,38
835,4
835,39
836,23
836,36
836,37
839,1
839,18
840,24
840,36
841,14
841,20
842,10
842,22
842,37
842,39
843,2
843,26
844,12
844,38
844,40
845,25
845,33
845,34
845,36
846,18
846,28
846,37
847,5
847,24
847,29
847,39
848,15
848,19
850,3
850,36
850,37
851,27
852,7
852,35
853,18
853,26
853,39
854,9
854,37
855,13
856,12
856,24
856,36
858,39
860,37
860,40
862,39
863,23
864,33
865,36
866,39
867,34
867,37
869,20
870,38
872,39
873,4
874,33
875,2
875,21
875,36
876,34
876,37
878,35
878,39
880,11
881,1
881,30
882,15
882,39
883,36
884,32
884,33
885,12
885,16
886,6
886,39
887,13
887,20
888,10
888,35
888,37
888,38
890,8
890,40
891,36
892,9
892,34
893,12
894,31
894,33
895,39
896,36
897,38
899,25
899,39
899,40
901,10
901,37
903,17
904,39
905,36
908,37
909,26
909,39
911,19
912,2
913,27
913,33
914,12
914,24
915,7
915,36
916,23
916,37
916,38
916,39
917,14
917,21
919,18
919,29
920,10
920,24
920,35
920,37
921,4
921,39
922,20
922,40
923,1
923,36
924,11
924,28
925,22
926,37
927,33
927,34
928,3
928,39
929,6
929,12
930,2
930,15
930,37
932,36
934,25
934,38
934,39
934,40
937,35
937,37
939,33
941,36
941,37
942,39
946,8
946,37
948,12
948,13
950,5
950,36
950,37
950,39
951,38
951,40
954,12
954,18
955,16
955,20
955,37
956,9
956,33
956,38
957,39
958,32
958,34
958,36
959,10
959,24
960,26
961,20
963,33
963,39
964,30
964,37
965,4
965,36
966,38
967,23
968,31
969,15
969,37
969,39
970,27
971,36
974,34
974,38
975,37
977,18
977,39
978,35
980,36
980,37
981,24
982,17
983,33
984,1
984,2
985,36
986,12
986,37
986,38
986,39
989,13
990,36
991,40
992,25
992,29
992,37
994,4
994,36
995,34
996,9
996,33
997,18
997,19
997,26
998,36
999,38
999,39
1000,12
1001,3
1001,14
1001,22
1002,7
1002,24
1002,35
1003,20
1003,28
1003,33
1003,36
1003,37
1004,39
1005,40
1006,1
1006,29
1008,36
1009,10
1009,37
1010,13
1010,20
1010,24
1011,2
1011,4
1011,36
1012,8
1013,9
1013,38
1014,5
1014,15
1014,35
1014,39
1014,40
1015,16
1015,36
1016,37
1017,23
1018,6
1018,32
1020,27
1020,36
1021,13
1021,39
1023,11
1023,35
1023,36
1024,18
1024,37
1025,31
1025,33
1026,12
1027,10
1027,36
1028,39
1030,38
1032,36
1032,37
1033,2
1033,34
1034,33
1034,39
1036,38
1038,35
1038,36
1038,39
1041,21
1041,37
1042,25
1042,39
1044,36
1044,38
1046,33
1047,26
1047,39
1049,37
1052,17
1052,30
1052,39
1053,36
1054,9
1054,15
1055,18
1056,38
1056,39
1058,34
1058,36
1058,37
1059,24
1059,28
1060,35
1060,39
1061,7
1061,12
1062,33
1063,1
1063,36
1063,37
1064,39
1065,26
1067,23
1067,36
1068,37
1069,14
1069,40
1070,38
1071,39
1072,15
1072,36
1073,20
1073,24
1073,37
1075,4
1075,33
1075,34
1075,39
1076,36
1077,35
1078,18
1078,29
1078,31
1079,3
1079,39
1080,6
1081,37
1082,36
1083,38
1084,16
1085,12
1085,27
1086,1
1086,32
1086,33
1087,13
1087,25
1087,39
1088,8
1088,35
1088,36
1089,10
1089,37
1089,40
1090,5
1091,12
1092,38
1094,36
1094,39
1095,33
1096,2
1096,9
1096,20
1097,37
1098,35
1099,18
1100,36
1100,39
1100,40
1102,19
1103,24
1103,37
1103,38
1104,21
1104,36
1105,13
1107,10
1107,39
1108,12
1108,22
1108,37
1109,36
1110,33
1110,38
1112,39
1114,36
1114,37
1115,4
1115,12
1117,20
1118,25
1118,35
1118,36
1118,38
1119,26
1119,37
1120,34
1120,39
1121,4
1121,40
1122,36
1124,11
1124,24
1124,37
1127,15
1127,36
1128,9
1128,33
1128,35
1128,37
1129,23
1130,39
1131,14
1131,36
1131,37
1132,2
1134,36
1135,30
1135,37
1135,39
1136,33
1137,34
1138,36
1139,1
1139,37
1139,39
1140,4
1140,24
1141,17
1141,38
1143,36
1143,37
1144,39
1145,7
1145,29
1146,33
1147,18
1147,26
1147,36
1147,37
1148,24
1149,10
1149,39
1149,40
1150,12
1150,31
1151,37
1152,23
1152,27
1152,36
1153,39
1154,8
1154,32
1154,38
1155,6
1155,15
1155,37
1156,39
1158,36
1159,16
1159,20
1159,37
1160,39
1161,33
1163,38
1164,39
1165,34
1165,37
1166,2
1167,25
1167,36
1170,39
1173,13
1173,19
1173,37
1173,39
1175,33
1175,36
1176,10
1176,28
1177,12
1178,38
1178,39
1180,3
1180,37
1182,9
1182,20
1182,36
1183,39
1184,40
1185,35
1186,5
1187,39
1188,18
1188,26
1188,33
1188,34
1188,37
1189,4
1189,36
1191,1
1191,24
1192,39
1195,15
1195,22
1195,37
1196,39
1197,36
1199,9
1200,39
1201,11
1201,33
1201,35
1201,37
1202,2
1202,31
1202,36
1203,13
1205,36
1205,39
1206,37
1207,4
1207,40
1208,18
1209,29
1209,35
1209,36
1211,33
1211,37
1213,38
1215,36
1215,39
1216,16
1217,6
1217,37
1220,12
1220,36
1220,39
1221,40
1222,14
1222,20
1224,37
1225,2
1225,32
1225,38
1225,39
1226,8
1226,24
1226,27
1226,34
1227,36
1228,10
1229,23
1229,33
1229,40
1230,7
1230,39
1231,21
1231,37
1232,18
1232,25
1233,5
1233,26
1234,28
1234,30
1234,36
1234,38
1235,1
1235,9
1235,39
1236,23
1236,33
1237,12
1237,24
1238,37
1239,39
1240,36
1241,10
1241,35
1242,17
1243,27
1243,37
1244,40
1245,39
1246,33
1247,37
1248,36
1249,19
1252,12
1252,37
1254,4
1255,38
1256,20
1256,36
1256,39
1257,37
1258,3
1259,9
1259,15
1259,33
1261,40
1262,13
1262,34
1262,36
1262,39
1264,35
1264,37
1267,39
1268,18
1269,36
1269,37
1271,12
1271,33
1272,2
1273,36
1273,37
1273,39
1274,29
1275,38
1276,16
1277,37
1277,40
1278,36
1278,39
1279,22
1280,4
1281,24
1281,32
1281,36
1281,37
1283,39
1284,15
1284,38
1285,25
1285,36
1285,37
1287,26
1288,10
1290,36
1290,37
1291,8
1291,39
1293,12
1293,40
1295,36
1295,37
1296,20
1296,23
1296,38
1297,7
1297,31
1297,39
1298,1
1298,18
1298,33
1300,24
1300,34
1300,37
1300,40
1301,13
1301,36
1302,30
1302,39
1303,14
1303,28
1304,2
1305,6
1305,33
1305,36
1305,37
1307,35
1308,27
1308,40
1309,11
1310,5
1310,36
1310,37
1312,12
1313,39
1314,10
1314,33
1314,36
1315,21
1316,18
1316,37
1320,34
1321,36
1321,40
1322,29
1322,38
1323,3
1323,19
1323,39
1325,22
1325,36
1326,13
1326,37
1328,4
1329,31
1329,33
1329,38
1330,26
1330,36
1331,35
1332,2
1332,20
1332,37
1333,12
1333,25
1334,24
1334,36
1334,39
1336,9
1336,33
1336,38
1337,16
1337,17
1337,34
1338,10
1339,36
1340,39
1341,12
1342,35
1343,33
1343,38
1344,20
1344,32
1344,36
1344,39
1347,34
1348,18
1349,4
1349,38
1349,39
1350,36
1350,37
1354,33
1354,36
1355,1
1355,15
1355,38
1355,39
1357,24
1358,36
1358,37
1361,33
1362,34
1362,36
1364,39
1366,36
1367,38
1368,33
1370,37
1371,36
1371,39
1373,18
1375,20
1375,38
1376,6
1376,36
1377,2
1378,33
1378,37
1379,24
1380,27
1380,35
1381,4
1381,12
1381,23
1381,38
1381,39
1382,36
1382,40
1383,19
1383,28
1384,8
1384,34
1385,7
1385,10
1385,25
1386,24
1386,26
1386,37
1386,38
1387,15
1388,9
1388,12
1388,14
1388,36
1388,39
1389,5
1389,20
1390,13
1390,16
1390,18
1390,23
1390,29
1390,38
1390,40
1391,11
1391,30
1391,39
1392,33
1392,36
1393,12
1393,32
1394,24
1394,35
1394,37
1394,38
1395,22
1395,39
1396,34
1399,36
1400,26
1400,39
1401,38
1403,36
1404,39
1405,31
1405,37
1406,1
1408,39
1409,36
1410,33
1411,39
1412,3
1413,36
1413,37
1414,39
1415,38
1416,2
1417,13
1418,33
1418,36
1418,37
1418,39
1421,38
1421,39
1422,12
1422,36
1424,20
1424,37
1424,39
1426,36
1427,33
1427,38
1428,10
1429,37
1429,39
1431,4
1432,36
1434,33
1435,18
1435,37
1435,39
1436,15
1436,38
1437,17
1437,36
1438,25
1438,40
1439,29
1440,34
1440,35
1441,39
1443,33
1444,12
1444,13
1444,37
1445,36
1446,23
1447,39
1448,21
1448,24
1449,6
1449,36
1449,40
1450,37
1451,2
1451,26
1452,1
1452,12
1453,4
1453,9
1453,31
1453,39
1454,32
1454,33
1455,20
1455,37
1456,8
1456,14
1456,36
1456,38
1456,39
1457,7
1457,10
1457,28
1458,5
1458,19
1459,16
1459,34
1460,15
1460,18
1460,36
1460,39
1461,2
1461,24
1461,30
1461,37
1461,40
1462,27
1462,35
1462,38
1464,12
1464,33
1464,36
1464,39
1466,37
1468,39
1472,33
1472,36
1474,37
1475,39
1476,18
1476,36
1479,37
1481,36
1481,38
1481,40
1482,33
1484,37
1485,34
1487,36
1487,38
1488,3
1488,39
1490,20
1490,22
1490,35
1491,4
1491,33
1494,38
1495,36
1496,34
1496,39
1498,19
1498,37
1500,33
1501,2
1501,13
1502,29
1502,36
1503,1
1503,12
1504,23
1504,37
1505,11
1505,35
1505,39
1506,17
1506,24
1507,26
1507,40
1508,25
1508,33
1508,36
1508,37
1508,38
1509,10
1509,18
1509,21
1509,34
1510,9
1512,20
1512,39
1513,8
1513,12
1513,32
1513,37
1514,38
1515,24
1515,36
1515,40
1516,31
1516,33
1518,16
1518,27
1519,37
1519,38
1520,39
1523,9
1524,6
1524,33
1524,36
1525,15
1525,37
1526,35
1526,38
1526,39
1527,2
1527,7
1527,34
1528,4
1528,36
1530,40
1532,23
1533,37
1533,39
1534,33
1535,38
1536,36
1537,12
1538,24
1542,37
1542,39
1543,36
1544,34
1547,40
1548,39
1549,36
1549,38
1550,33
1551,28
1552,13
1552,37
1552,39
1553,36
1555,34
1555,39
1556,25
1556,36
1557,12
1557,20
1559,39
1560,22
1560,35
1560,36
1560,38
1561,10
1562,26
1563,40
1564,1
1564,14
1564,31
1564,36
1564,39
1565,18
1565,24
1566,37
1567,33
1568,2
1568,36
1568,39
1569,3
1569,8
1569,10
1569,29
1569,30
1571,39
1572,4
1572,15
1572,16
1572,19
1572,32
1573,20
1573,24
1573,36
1573,37
1573,40
1574,38
1574,39
1575,13
1576,2
1576,5
1576,9
1576,11
1576,35
1577,33
1578,7
1578,12
1578,36
1578,39
1580,34
1581,26
1581,37
1582,13
1582,20
1582,39
1583,18
1583,35
1584,36
1585,24
1586,27
1588,40
1589,39
1590,37
1591,9
1593,38
1594,33
1595,23
1595,34
1595,39
1596,36
1598,1
1598,37
1602,6
1602,36
1602,39
1604,38
1605,37
1608,4
1609,33
1611,37
1612,38
1613,36
1613,39
1614,17
1617,36
1619,15
1620,2
1620,37
1621,38
1622,12
1622,25
1622,33
1622,36
1622,39
1623,21
1624,35
1626,9
1627,36
1627,39
1628,26
1628,40
1629,13
1629,29
1629,33
1630,14
1630,32
1631,37
1632,4
1633,18
1633,20
1633,34
1633,36
1633,39
1634,28
1635,12
1635,24
1635,38
1635,40
1636,5
1637,30
1637,33
1637,39
1638,16
1639,2
1639,23
1639,27
1640,1
1640,8
1640,10
1640,36
1641,19
1641,35
1641,39
1642,3
1642,22
1643,12
1643,24
1643,33
1643,37
1643,38
1644,11
1644,36
1645,7
1646,13
1646,18
1646,31
1646,39
1647,20
1647,40
1649,36
1650,33
1651,24
1652,38
1653,39
1654,37
1655,34
1655,36
1656,15
1661,36
1662,9
1664,35
1664,39
1665,20
1665,36
1665,38
1666,25
1666,37
1667,33
1669,27
1669,36
1671,39
1672,4
1673,34
1675,10
1675,36
1677,35
1678,12
1678,23
1678,39
1680,37
1681,33
1681,36
1682,18
1683,39
1684,6
1684,26
1684,40
1686,36
1688,1
1688,29
1688,38
1690,12
1690,37
1691,13
1691,17
1691,39
1693,4
1693,36
1694,15
1694,28
1695,9
1696,36
1697,24
1697,39
1698,2
1698,33
1698,35
1699,5
1699,12
1699,14
1699,40
1700,13
1700,39
1701,32
1701,36
1702,37
1703,10
1703,16
1703,38
1704,18
1704,34
1705,36
1705,39
1706,8
1706,40
1709,38
1709,39
1711,36
1712,33
1712,37
1713,20
1714,39
1716,36
1716,38
1718,7
1719,36
1720,39
1721,24
1722,20
1722,33
1723,36
1725,38
1725,39
1727,4
1727,25
1728,31
1728,40
1729,36
1729,39
1731,26
1731,37
1732,23
1732,38
1734,33
1735,12
1735,36
1736,3
1736,30
1737,35
1737,39
1738,2
1738,38
1740,21
1741,22
1741,27
1741,36
1742,39
1744,1
1744,11
1745,19
1745,37
1746,39
1746,40
1747,33
1747,36
1749,13
1750,29
1750,38
1751,10
1751,12
1751,37
1751,39
1752,34
1753,36
1754,4
1755,6
1755,40
1756,33
1756,39
1757,18
1758,35
1758,36
1759,37
1760,25
1762,39
1763,36
1764,2
1764,38
1766,37
1767,15
1767,31
1768,24
1769,9
1769,39
1771,20
1771,36
1772,33
1774,13
1774,35
1775,37
1775,39
1777,38
1778,8
1778,36
1780,4
1780,12
1780,16
1780,28
1780,37
1780,39
1780,40
1781,33
1782,26
1783,38
1784,12
1784,34
1784,39
1785,7
1785,10
1786,15
1786,32
1787,27
1787,39
1788,9
1788,20
1788,23
1788,37
1789,1
1789,36
1789,38
1790,40
1792,24
1792,39
1795,18
1795,37
1796,5
1796,36
1796,38
1796,39
1797,34
1798,29
1800,39
1801,17
1801,33
1802,37
1802,38
1804,39
1805,36
1806,14
1807,38
1808,39
1809,30
1810,36
1811,37
1812,2
1812,38
1813,33
1814,39
1815,11
1815,25
1815,31
1815,36
1818,34
1819,38
1820,2
1820,39
1821,24
1821,36
1823,12
1823,13
1823,22
1824,37
1824,39
1825,21
1825,35
1825,38
1826,3
1826,4
1826,15
1826,33
1826,40
1827,12
1827,19
1827,36
1829,20
1829,26
1830,13
1830,39
1831,32
1831,36
1831,38
1832,6
1832,18
1833,35
1833,37
1834,39
1835,10
1835,12
1835,24
1836,16
1836,29
1836,36
1837,1
1837,39
1838,2
1838,33
1839,8
1839,9
1839,38
1840,27
1840,35
1840,37
1840,39
1841,36
1842,28
1844,10
1845,23
1845,39
1846,5
1846,33
1847,37
1848,36
1850,40
1851,39
1852,20
1853,36
1853,38
1854,24
1854,34
1856,39
1858,4
1858,36
1860,33
1860,39
1861,37
1863,36
1865,39
1866,15
1869,35
1869,36
1871,39
1873,13
1873,18
1874,37
1875,7
1875,27
1875,36
1875,39
1877,33
1878,1
1878,9
1878,12
1878,25
1878,39
1879,37
1879,40
1880,2
1881,22
1881,34
1882,10
1882,17
1882,26
1882,36
1882,39
1883,19
1884,11
1884,20
1885,12
1885,14
1885,38
1886,31
1886,33
1886,39
1887,24
1887,37
1888,4
1888,36
1890,2
1890,30
1890,34
1890,35
1891,39
1892,40
1894,36
1895,37
1897,8
1897,23
1897,33
1897,39
1900,18
1900,34
1900,36
1900,37
1903,39
1904,28
1904,36
1905,15
1905,16
1905,40
1906,33
1907,29
1907,38
1908,35
1908,36
1909,37
1910,3
1913,36
1913,39
1914,37
1915,32
1915,33
1917,36
1918,37
1918,39
1919,38
1920,6
1922,20
1922,36
1923,37
1924,39
1925,33
1925,40
1926,1
1926,4
1927,5
1928,13
1928,24
1928,36
1929,34
1929,37
1929,39
1931,26
1932,21
1932,25
1932,38
1933,12
1933,15
1933,27
1934,9
1934,36
1935,39
1936,37
1937,33
1939,18
1939,23
1939,31
1939,35
1940,36
1942,20
1942,39
1943,12
1943,24
1944,38
1945,2
1945,7
1945,10
1945,33
1945,37
1946,3
1947,39
1949,11
1949,13
1949,40
1951,36
1952,19
1952,38
1953,12
1954,33
1954,37
1954,39
1955,20
1955,34
1957,29
1958,36
1958,38
1959,4
1959,35
1959,39
1962,37
1963,39
1965,17
1966,37
1968,36
1969,30
1969,39
1970,26
1970,38
1974,33
1974,37
1975,16
1975,18
1975,25
1975,38
1975,39
1976,9
1976,12
1977,28
1977,34
1977,36
1978,7
1978,10
1979,32
1980,6
1980,8
1980,38
1980,39
1981,20
1981,23
1981,33
1981,40
1983,1
1983,24
1983,37
1985,22
1985,35
1985,36
1988,2
1988,12
1989,33
1989,38
1989,39
1990,4
1990,5
1990,14
1990,37
1992,36
1995,24
1997,27
1997,33
1997,39
1998,36
1999,10
1999,37
1999,38
2000,34
2002,36
2004,15
2005,38
2006,36
2009,39
2010,35
2011,36
2012,38
2013,29
2015,31
2016,13
2017,20
2017,33
2017,39
2018,36
2019,37
2019,38
2021,24
2021,35
2022,34
2023,36
2024,2
2024,40
2025,25
2025,39
2027,18
2028,9
2029,1
2030,36
2030,39
2031,11
2031,23
2031,38
2032,26
2032,37
2034,12
2034,28
2035,21
2035,33
2036,8
2036,15
2037,35
2037,36
2037,39
2038,3
2038,20
2038,38
2038,40
2039,1
2039,13
2039,24
2039,37
2040,30
2041,4
2041,5
2041,16
2042,34
2043,36
2043,39
2044,10
2044,17
2044,33
2046,6
2047,20
2047,38
2048,12
2048,37
2049,32
2049,40
2050,2
2050,19
2051,7
2051,39
2052,9
2052,36
2054,4
2054,37
2054,38
2055,39
2058,12
2059,24
2059,37
2060,39
2062,36
2064,27
2064,37
2064,40
2066,29
2066,33
2067,10
2067,37
2067,39
2068,14
2071,18
2071,37
2072,36
2073,39
2074,33
2074,34
2075,26
2077,22
2079,24
2079,33
2079,38
2080,36
2080,39
2081,25
2081,37
2083,31
2084,23
2087,36
2088,2
2088,33
2089,9
2089,35
2089,39
2090,37
2090,40
2091,15
2093,18
2093,36
2094,13
2095,1
2095,12
2096,33
2097,19
2097,34
2097,36
2098,38
2098,39
2099,28
2100,37
2103,33
2103,36
2104,18
2106,34
2107,4
2108,3
2108,12
2108,20
2108,36
2109,35
2109,38
2109,39
2110,24
2110,37
2113,16
2114,6
2114,20
2114,39
2115,2
2115,26
2115,33
2116,9
2117,34
2117,36
2117,37
2118,21
2118,32
2118,40
2119,1
2119,12
2119,25
2120,5
2120,29
2120,39
2121,11
2121,30
2122,10
2122,13
2122,33
2122,36
2122,37
2124,8
2125,24
2125,27
2125,35
2126,17
2126,40
2127,7
2127,14
2127,36
2128,37
2128,39
2129,13
2129,23
2131,18
2131,33
2132,36
2135,38
2135,40
2137,15
2137,37
2138,39
2139,12
2140,31
2140,33
2141,36
2142,34
2142,39
2146,2
2147,35
2147,37
2148,36
2148,39
2153,4
2153,37
2153,39
2154,9
2154,34
2155,38
2156,36
2157,33
2159,39
2160,36
2160,37
2164,39
2165,24
2165,36
2165,37
2166,12
2168,1
2168,33
2168,39
2169,20
2170,13
2170,36
2170,38
2171,22
2172,40
2173,29
2173,37
2174,36
2175,2
2175,10
2175,28
2176,39
2177,4
2177,12
2177,34
2178,5
2178,19
2178,35
2178,37
2179,25
2179,26
2179,27
2179,36
2180,8
2181,2
2181,3
2181,24
2182,39
2183,23
2183,30
2183,37
2184,16
2184,32
2185,14
2185,15
2185,36
2185,38
2186,11
2186,18
2186,33
2187,6
2187,7
2188,12
2188,13
2188,39
2188,40
2189,9
2189,20
2189,35
2189,37
2190,36
2191,24
2191,34
2192,21
2192,26
2195,37
2195,39
2196,36
2197,4
2198,31
2200,10
2200,37
2201,33
2201,36
2203,38
2203,39
2204,1
2205,34
2206,40
2207,36
2207,37
2209,33
2213,18
2213,39
2216,36
2216,38
2217,12
2217,37
2217,39
2219,20
2221,39
2223,24
2223,37
2226,15
2226,17
2226,36
2227,34
2227,39
2228,9
2228,33
2229,2
2230,36
2231,35
2231,39
2236,23
2236,39
2237,19
2237,36
2238,29
2238,33
2238,37
2239,13
2239,34
2241,36
2241,39
2242,12
2243,10
2243,40
2244,24
2245,27
2246,36
2247,26
2247,28
2247,37
2247,39
2248,25
2249,8
2249,38
2250,33
2250,35
2251,18
2252,1
2252,36
2252,37
2253,20
2254,39
2255,3
2255,5
2255,38
2256,16
2257,7
2257,32
2258,4
2258,6
2258,36
2258,40
2260,20
2260,33
2260,34
2260,39
2261,24
2261,37
2262,35
2262,36
2262,38
2263,2
2266,15
2266,23
2266,39
2267,22
2267,36
2267,37
2270,12
2271,40
2272,11
2272,36
2272,37
2272,39
2273,4
2273,25
2274,31
2276,33
2277,10
2277,36
2277,37
2279,30
2279,39
2280,14
2281,36
2281,40
2282,18
2283,39
2284,33
2284,37
2285,17
2286,36
2287,26
2287,34
2287,39
2288,38
2290,36
2292,39
2293,36
2295,38
2296,36
2297,37
2297,39
2300,36
2303,27
2303,36
2303,39
2305,1
2305,13
2305,38
2306,20
2306,24
2307,29
2307,35
2307,36
2307,37
2308,33
2309,10
2309,18
2309,34
2310,9
2310,39
2310,40
2311,36
2312,37
2313,23
2314,24
2315,12
2315,19
2315,28
2316,32
2316,36
2316,37
2316,38
2318,2
2318,3
2318,16
2318,40
2319,35
2319,39
2320,7
2320,8
2320,12
2320,15
2320,20
2321,10
2321,25
2321,36
2321,37
2322,13
2322,21
2323,39
2324,26
2324,40
2325,38
2326,4
2326,9
2326,33
2326,36
2327,37
2328,6
2329,39
2331,5
2332,36
2332,37
2334,31
2335,35
2335,39
2337,27
2338,36
2339,37
2341,34
2341,39
2342,1
2342,18
2342,33
2344,12
2344,36
2345,39
2346,2
2347,38
2348,33
2349,39
2350,36
2350,37
2351,12
2352,35
2354,34
2355,39
2359,33
2359,36
2360,37
2362,4
2364,20
2365,15
2365,24
2365,38
2366,17
2366,22
2366,37
2367,14
2367,39
2368,10
2368,26
2368,33
2368,36
2368,40
2369,9
2369,11
2370,25
2370,29
2370,30
2371,12
2371,34
2371,37
2372,2
2372,36
2373,13
2373,23
2374,19
2374,33
2374,39
2375,35
2376,36
2376,38
2377,12
2377,40
2378,20
2379,16
2379,37
2380,8
2380,39
2382,36
2383,4
2383,32
2383,33
2383,38
2384,37
2384,39
2385,18
2385,34
2386,27
2386,36
2387,24
2388,2
2388,39
2389,1
2391,6
2391,36
2391,37
2391,39
2393,35
2394,33
2395,39
2396,18
2397,36
2398,37
2399,39
2400,7
2401,10
2403,36
2403,39
2404,13
2405,28
2405,31
2405,33
2405,37
2408,38
2409,36
2409,39
2410,3
2411,12
2411,15
2413,25
2413,35
2413,36
2414,20
2414,29
2415,39
2416,23
2416,26
2417,2
2417,13
2417,33
2419,36
2419,37
2420,12
2420,34
2420,38
2420,39
2421,24
2421,40
2422,21
2423,4
2425,5
2425,39
2426,20
2428,36
2428,40
2429,10
2429,37
2429,39
2430,13
2431,16
2431,18
2431,34
2433,2
2433,36
2433,39
2434,24
2435,9
2435,14
2436,12
2436,33
2436,37
2436,38
2436,39
2437,1
2437,35
2437,40
2438,19
2438,32
2438,36
2441,37
2441,39
2443,36
2446,37
2447,8
2447,36
2447,39
2450,33
2451,37
2452,36
2453,40
2456,24
2457,18
2458,36
2458,39
2459,9
2460,37
2461,4
2461,22
2462,23
2462,27
2463,28
2463,36
2463,39
2464,29
2464,30
2465,15
2465,17
2465,24
2465,37
2465,38
2466,2
2466,11
2466,12
2466,31
2466,33
2467,26
2467,40
2468,1
2468,3
2468,36
2469,25
2469,35
2469,39
2470,10
2470,18
2470,37
2470,38
2471,7
2471,12
2472,21
2473,9
2474,20
2474,36
2475,19
2475,38
2475,39
2476,40
2477,24
2479,4
2479,37
2481,6
2481,35
2481,39
2483,38
2484,36
2485,37
2487,39
2488,12
2489,33
2490,38
2491,34
2491,36
2492,39
2495,24
2497,36
2497,38
2498,39
2499,37
2504,23
2504,36
2505,33
2506,15
2506,40
2507,13
2507,35
2507,39
2508,2
2509,10
2509,36
2511,38
2512,39
2513,36
2514,12
2514,16
2516,20
2516,33
2516,37
2517,38
2518,25
2518,26
2518,36
2519,39
2520,18
2521,4
2521,35
2522,24
2522,34
2523,32
2523,36
2524,37
2525,5
2525,39
2526,38
2527,33
2528,37
2529,20
2529,28
2529,36
2533,8
2533,27
2533,37
2534,2
2534,38
2534,40
2535,1
2536,17
2536,36
2537,11
2537,14
2537,18
2537,37
2537,39
2538,34
2539,4
2540,9
2540,38
2541,12
2541,24
2541,33
2543,19
2543,29
2543,39
2544,30
2544,40
2545,15
2545,36
2545,37
2546,7
2546,38
2547,9
2547,10
2547,31
2547,35
2548,3
2548,13
2550,23
2550,37
2551,36
2551,39
2552,22
2552,40
2554,12
2554,34
2555,10
2555,33
2555,37
2557,21
2557,25
2557,38
2558,26
2559,36
2559,37
2561,39
2564,20
2564,33
2564,37
2566,36
2566,39
2567,13
2567,40
2568,6
2570,34
2570,36
2570,38
2571,39
2572,37
2574,33
2576,36
2576,39
2578,4
2579,37
2581,36
2582,39
2583,33
2584,16
2584,34
2585,2
2585,24
2586,32
2586,36
2587,39
2588,35
2589,38
2589,40
2590,2
2590,18
2590,20
2590,27
2591,12
2592,1
2592,15
2592,36
2592,37
2593,23
2593,39
2594,29
2595,36
2597,28
2597,33
2597,37
2598,8
2598,35
2599,24
2599,39
2600,13
2600,36
2600,40
2601,18
2601,26
2601,37
2605,36
2606,9
2606,37
2607,12
2607,14
2607,33
2607,39
2608,10
2609,5
2609,36
2610,37
2610,40
2612,25
2612,39
2613,36
2614,37
2618,36
2618,37
2620,2
2620,39
2621,33
2622,31
2623,22
2623,37
2624,12
2624,36
2627,19
2627,38
2627,39
2628,3
2628,33
2628,35
2629,17
2629,37
2630,11
2631,36
2632,18
2633,1
2633,7
2633,24
2633,30
2633,37
2633,39
2634,12
2635,29
2635,38
2635,40
2636,20
2636,26
2636,37
2637,4
2638,9
2638,16
2638,34
2638,39
2639,36
2640,6
2640,37
2641,39
2643,10
2644,37
2644,38
2645,39
2646,36
2647,21
2648,33
2649,10
2649,37
2649,39
2650,13
2651,36
2654,2
2654,34
2655,20
2655,25
2655,27
2655,32
2655,39
2656,37
2657,33
2657,36
2657,38
2658,13
2660,39
2662,8
2662,23
2662,36
2663,35
2664,37
2664,38
2665,18
2665,20
2666,36
2666,39
2667,12
2669,24
2669,33
2670,1
2670,15
2670,38
2670,39
2671,36
2671,40
2673,4
2674,28
2675,37
2676,33
2676,38
2678,35
2679,5
2679,18
2679,39
2680,36
2681,33
2681,37
2684,39
2685,38
2686,36
2687,34
2687,37
2688,10
2688,24
2688,29
2689,39
2690,36
2691,33
2692,12
2694,31
2694,36
2694,37
2694,39
2695,14
2695,26
2696,4
2697,33
2697,38
2698,36
2698,40
2699,39
2701,7
2702,34
2704,33
2704,36
2704,37
2705,3
2705,19
2706,2
2706,23
2706,39
2708,24
2708,36
2709,12
2709,20
2709,30
2710,13
2710,17
2710,35
2711,16
2711,33
2712,6
2712,37
2712,38
2712,39
2712,40
2713,9
2713,36
2715,10
2715,15
2715,22
2716,25
2716,32
2717,4
2717,12
2717,27
2718,36
2719,9
2719,39
2720,2
2720,8
2720,26
2720,37
2721,1
2721,11
2721,23
2721,33
2722,40
2723,18
2724,36
2725,35
2725,38
2727,21
2727,39
2728,36
2728,37
2730,24
2731,33
2732,20
2733,34
2733,36
2734,13
2734,39
2735,4
2735,38
2738,36
2740,33
2741,10
2742,37
2742,39
2747,34
2747,36
2748,38
2749,29
2749,40
2751,33
2751,37
2752,39
2753,4
2754,18
2755,36
2756,37
2757,35
2759,19
2760,5
2760,26
2760,28
2760,38
2761,37
2763,12
2763,24
2763,36
2764,1
2764,7
2764,9
2764,20
2764,39
2765,13
2765,18
2765,23
2766,2
2766,27
2766,33
2767,31
2767,36
2767,40
2768,16
2769,14
2769,35
2769,37
2769,38
2769,39
2770,3
2771,10
2771,12
2771,32
2772,8
2772,34
2773,24
2773,25
2773,37
2773,39
2774,33
2774,36
2776,15
2776,38
2779,37
2780,20
2780,36
2780,39
2781,40
2783,9
2784,17
2784,36
2785,37
2786,38
2786,39
2787,6
2789,4
2789,36
2790,33
2791,30
2791,37
2792,40
2793,29
2793,39
2795,36
2796,37
2799,39
2800,37
2801,22
2803,10
2803,38
2805,25
2805,36
2805,37
2807,39
2808,18
2808,19
2809,40
2810,26
2810,31
2810,36
2811,37
2812,20
2813,24
2813,34
2814,2
2815,12
2816,38
2817,1
2817,9
2817,11
2817,21
2817,36
2817,37
2817,39
2819,32
2819,35
2821,33
2821,36
2821,39
2822,20
2823,13
2824,28
2824,37
2826,27
2826,36
2826,39
2827,34
2827,40
2829,29
2832,20
2832,39
2833,2
2834,35
2834,37
2837,33
2837,36
2837,38
2837,39
2840,16
2841,37
2841,39
2842,4
2843,12
2844,7
2844,8
2844,33
2845,15
2845,38
2846,34
2846,39
2847,36
2848,24
2848,37
2849,39
2849,40
2851,35
2853,23
2854,1
2854,39
2855,18
2856,37
2856,38
2857,36
2859,39
2860,30
2861,25
2862,26
2863,5
2863,34
2863,37
2864,9
2864,17
2864,33
2865,10
2866,36
2866,39
2866,40
2867,24
2868,12
2868,18
2869,2
2869,38
2870,3
2870,19
2871,14
2872,1
2872,13
2872,36
2872,39
2873,12
2873,26
2873,35
2874,6
2874,24
2874,28
2874,33
2874,37
2875,9
2875,29
2876,32
2876,39
2877,7
2877,15
2877,38
2878,20
2878,36
2878,40
2879,21
2879,25
2879,37
2880,39
2882,4
2884,36
2884,37
2885,10
2885,39
2888,5
2888,34
2889,39
2890,36
2891,37
2892,31
2893,22
2893,39
2894,4
2894,36
2895,33
2895,37
2897,39
2899,36
2899,37
2901,39
2903,36
2904,27
2905,37
2905,39
2907,24
2908,36
2909,39
2911,10
2911,23
2912,16
2912,33
2912,36
2913,2
2913,39
2914,18
2914,38
2915,37
2915,40
2916,12
2917,8
2917,35
2918,33
2918,39
2919,11
2919,34
2919,36
2919,37
2921,13
2922,38
2923,26
2923,36
2925,20
2925,37
2925,39
2927,36
2928,35
2929,33
2930,4
2931,24
2931,39
2933,36
2933,37
2934,1
2937,15
2937,33
2937,34
2937,36
2938,39
2939,29
2941,36
2944,25
2944,37
2946,33
2946,36
2946,39
2946,40
2948,9
2948,13
2949,35
2951,36
2951,39
2952,32
2953,2
2953,13
2953,33
2955,12
2956,20
2956,39
2957,18
2957,36
2957,38
2958,35
2960,10
2961,12
2961,39
2961,40
2962,16
2962,24
2962,27
2962,36
2963,3
2963,28
2964,1
2964,6
2964,19
2964,23
2964,35
2964,37
2964,38
2965,8
2965,33
2965,34
2966,7
2966,17
2967,20
2967,26
2967,31
2967,39
2968,12
2968,29
2968,30
2968,36
2969,4
2969,37
2969,38
2969,40
2971,2
2972,5
2973,9
2973,14
2973,15
2973,24
2973,33
2975,21
2975,36
2975,39
2976,38
2977,35
2978,12
2979,9
2979,36
2979,37
2980,39
2982,25
2983,10
2983,34
2984,36
2984,38
2985,4
2986,39
2987,18
2990,36
2993,22
2993,37
2993,38
2994,24
2994,39
2995,33
2998,36
3000,34
3000,39
3003,38
3004,35
3005,33
3006,36
3008,39
3010,20
3011,37
3012,39
3013,18
3013,23
3015,32
3016,36
3016,39
3017,12
3017,31
3017,38
3019,33
3019,37
3021,6
3021,20
3021,36
3021,39
3023,26
3025,36
3025,40
3026,37
3027,38
3028,1
3028,2
3028,12
3028,13
3028,15
3028,24
3029,4
3029,29
3030,11
3030,27
3030,36
3030,39
3031,37
3032,12
3033,25
3033,35
3034,9
3034,10
3034,15
3035,34
3036,33
3037,7
3037,8
3037,36
3037,39
3038,9
3038,17
3038,23
3038,38
3038,40
3039,5
3039,37
3040,16
3041,18
3041,28
3041,30
3041,36
3043,12
3043,13
3043,14
3044,3
3044,26
3044,33
3045,1
3045,24
3045,37
3046,20
3046,36
3046,39
3046,40
3047,12
3047,35
3048,38
3049,10
3050,36
3053,39
3054,4
3055,36
3057,37
3058,33
3058,39
3059,36
3063,37
3064,36
3066,39
3069,36
3070,34
3071,33
3071,37
3071,39
3074,19
3074,36
3075,37
3076,2
3076,38
3076,39
3079,10
3080,36
3080,37
3081,4
3082,39
3083,13
3085,20
3085,33
3086,25
3086,31
3086,35
3086,36
3086,37
3086,39
3087,24
3088,10
3088,40
3091,37
3092,32
3092,39
3093,36
3093,38
3094,9
3095,27
3096,37
3096,39
3097,29
3097,34
3098,36
3099,16
3100,18
3100,39
3101,15
3101,33
3102,35
3103,12
3103,23
3103,36
3104,37
3104,39
3106,1
3106,24
3106,26
3107,2
3108,6
3108,8
3108,11
3108,37
3108,39
3109,7
3110,36
3110,38
3110,40
3111,13
3111,21
3111,33
3112,9
3112,12
3112,14
3112,39
3113,20
3113,30
3113,37
3115,1
3115,4
3115,5
3115,39
3115,40
3117,36
3118,17
3118,23
3118,28
3118,33
3118,37
3119,25
3120,22
3120,39
3121,12
3121,20
3121,24
3121,34
3122,18
3123,36
3124,37
3125,38
3125,39
3126,26
3126,33
3127,24
3128,4
3128,37
3129,3
3130,31
3132,19
3132,36
3133,10
3133,37
3133,40
3135,12
3136,15
3136,39
3137,36
3138,37
3140,2
3140,33
3141,9
3141,13
3141,38
3142,12
3143,29
3143,36
3143,39
3145,37
3148,27
3148,36
3150,18
3150,25
3150,38
3151,37
3152,33
3152,36
3153,39
3154,35
3155,38
3156,32
3157,36
3159,37
3161,38
3161,39
3163,20
3165,36
3166,33
3166,34
3167,38
3170,36
3171,35
3171,39
3174,33
3175,12
3175,38
3176,24
3176,36
3176,37
3177,4
3179,10
3179,40
3180,38
3181,34
3181,39
3182,9
3183,5
3183,23
3184,17
3184,20
3184,36
3185,7
3185,15
3185,16
3186,13
3186,33
3187,2
3187,39
3187,40
3188,11
3188,28
3189,1
3189,24
3189,26
3189,35
3189,37
3189,38
3190,12
3190,30
3191,8
3191,21
3191,36
3192,9
3192,39
3193,14
3193,18
3194,34
3195,13
3195,36
3195,37
3195,39
3195,40
3196,29
3196,38
3198,6
3199,25
3199,27
3200,1
3200,3
3200,32
3200,33
3201,39
3202,37
3205,20
3205,38
3206,23
3206,36
3208,39
3212,36
3212,38
3213,40
3214,12
3215,31
3215,33
3216,34
3216,39
3217,37
3218,4
3219,22
3219,38
3223,10
3224,36
3225,38
3225,39
3226,4
3227,35
3228,33
3229,2
3230,10
3230,26
3230,36
3230,39
3232,13
3232,24
3232,37
3232,40
3234,12
3234,18
3234,19
3234,35
3235,33
3236,9
3237,34
3237,36
3237,39
3238,29
3239,12
3239,16
3240,37
3240,38
3241,1
3241,39
3243,20
3243,24
3243,33
3244,36
3245,37
3245,39
3247,15
3250,25
3250,37
3250,39
3251,35
3251,36
3252,33
3252,34
3253,12
3254,37
3254,39
3255,8
3256,40
3258,37
3259,33
3259,38
3261,4
3261,39
3262,13
3262,37
3264,10
3265,23
3265,36
3265,39
3266,37
3268,6
3268,14
3268,17
3268,24
3270,2
3270,18
3270,37
3270,39
3270,40
3272,11
3272,32
3272,36
3273,31
3273,33
3274,12
3274,25
3275,26
3275,37
3276,20
3276,38
3276,39
3277,27
3277,29
3277,35
3279,3
3279,5
3279,7
3279,21
3280,37
3281,8
3282,24
3282,30
3282,36
3283,39
3283,40
3284,1
3284,9
3284,28
3284,34
3285,16
3285,19
3285,33
3286,38
3287,12
3287,18
3287,20
3287,37
3287,39
3290,34
3290,36
3292,35
3292,39
3294,38
3295,12
3297,37
3297,39
3299,33
3300,15
3301,4
3302,36
3304,39
3307,35
3307,38
3308,13
3309,33
3309,37
3310,36
3311,10
3311,39
3312,2
3313,22
3316,36
3317,25
3317,39
3317,40
3318,10
3319,23
3320,38
3323,39
3324,34
3324,36
3324,37
3325,27
3327,24
3328,26
3328,36
3329,38
3330,39
3331,18
3333,33
3333,36
3334,10
3335,12
3335,39
3337,36
3337,40
3338,4
3338,13
3338,38
3340,20
3341,36
3341,37
3341,39
3343,35
3345,36
3348,32
3348,39
3350,1
3350,37
3351,36
3352,28
3353,2
3353,29
3353,38
3354,5
3354,6
3355,36
3356,8
3356,37
3357,14
3357,31
3357,35
3357,39
3358,9
3359,18
3360,7
3360,17
3360,20
3360,27
3360,36
3361,12
3361,15
3361,16
3361,33
3361,37
3361,40
3362,3
3362,39
3363,13
3363,21
3363,24
3364,1
3364,26
3364,38
3365,36
3366,9
3366,11
3366,30
3366,39
3367,37
3368,4
3368,10
3368,23
3369,24
3369,33
3369,34
3370,12
3370,36
3370,40
3371,25
3373,39
3375,9
3375,19
3376,38
3377,36
3379,37
3380,39
3383,36
3383,38
3384,39
3385,33
3388,37
3389,39
3391,22
3392,36
3394,2
3394,33
3395,39
3397,12
3397,38
3399,35
3399,37
3401,36
3403,39
3404,4
3404,38
3405,33
3406,34
3406,36
3409,5
3409,18
3409,20
3409,26
3410,28
3410,39
3411,12
3411,24
3411,38
3412,1
3412,35
3412,36
3414,6
3414,16
3414,39
3415,2
3415,15
3415,32
3416,18
3416,37
3417,9
3417,10
3417,25
3417,36
3418,29
3419,12
3419,39
3420,7
3420,23
3421,33
3421,36
3421,40
3422,8
3422,13
3422,35
3422,39
3424,30
3424,34
3425,3
3425,37
3426,27
3427,12
3427,20
3427,24
3427,39
3428,36
3429,40
3430,13
3431,4
3431,38
3432,39
3433,1
3434,10
3434,36
3435,14
3435,26
3436,39
3437,33
3437,37
3438,24
3438,40
3439,12
3439,31
3440,36
3441,15
3441,37
3441,39
3442,34
3445,2
3446,36
3447,37
3447,39
3451,40
3452,36
3454,17
3454,37
3455,19
3455,20
3456,33
3456,36
3457,9
3457,38
3458,39
3458,40
3459,2
3462,36
3462,37
3463,33
3464,12
3465,21
3465,35
3468,34
3468,36
3469,39
3471,11
3471,13
3471,33
3472,29
3472,38
3472,39
3473,16
3475,36
3475,37
3476,12
3477,39
3478,4
3478,18
3478,33
3479,24
3479,25
3479,27
3479,34
3479,35
3480,6
3480,10
3481,20
3481,38
3482,23
3482,26
3482,32
3482,36
3482,39
3483,37
3485,4
3485,22
3485,40
3486,1
3486,8
3486,28
3488,19
3489,5
3489,7
3489,12
3489,31
3489,36
3489,37
3489,38
3490,14
3490,24
3490,39
3491,3
3492,15
3492,18
3493,30
3494,33
3494,36
3494,40
3495,39
3496,9
3496,38
3498,37
3499,29
3500,39
3501,2
3502,36
3504,39
3507,37
3508,35
3508,39
3509,38
3512,36
3513,20
3513,39
3517,33
3517,39
3518,10
3519,34
3520,24
3522,37
3522,39
3523,35
3524,17
3524,23
3526,39
3527,34
3527,37
3528,36
3528,38
3529,12
3530,40
3531,4
3531,33
3531,39
3533,26
3534,38
3535,25
3536,36
3537,37
3538,39
3539,24
3541,12
3541,27
3542,37
3542,39
3543,18
3543,36
3543,38
3545,20
3547,35
3548,1
3548,2
3548,40
3549,23
3549,39
3550,37
3550,38
3551,6
3551,8
3552,32
3553,21
3553,36
3554,13
3554,33
3555,37
3555,39
3556,16
3556,40
3557,5
3557,11
3557,29
3557,34
3557,35
3558,12
3558,18
3558,31
3559,28
3560,36
3560,37
3561,3
3561,33
3562,22
3562,35
3563,12
3563,24
3563,38
3563,39
3564,7
3564,36
3565,13
3565,14
3566,37
3566,39
3568,4
3568,33
3568,40
3569,36
3571,15
3571,37
3572,10
3573,25
3573,36
3573,39
3576,36
3577,9
3577,26
3577,33
3578,39
3579,36
3579,37
3580,40
3583,33
3583,36
3584,37
3587,39
3588,36
3588,37
3588,38
3589,2
3589,19
3589,34
3591,39
3592,36
3592,37
3596,24
3596,38
3596,39
3597,37
3598,35
3598,36
3599,12
3599,17
3600,4
3601,33
3601,39
3602,34
3602,36
3603,20
3603,26
3604,37
3605,30
3606,10
3606,18
3606,27
3606,36
3606,38
3606,39
3606,40
3607,2
3607,24
3608,12
3609,32
3609,37
3610,39
3611,1
3611,16
3612,8
3612,9
3612,15
3612,36
3614,37
3615,13
3615,39
3616,33
3616,36
3617,20
3617,38
3617,40
3618,29
3621,5
3621,25
3621,37
3622,6
3622,36
3623,18
3623,35
3625,39
3627,36
3629,19
3629,31
3629,34
3630,39
3631,28
3632,23
3632,36
3632,38
3634,2
3635,4
3635,37
3635,39
3636,12
3636,24
3636,33
3636,35
3636,36
3637,13
3637,20
3641,14
3641,36
3641,39
3642,38
3643,37
3644,10
3645,7
3645,40
3646,36
3646,39
3647,33
3650,1
3651,35
3651,37
3653,36
3654,22
3654,34
3654,39
3656,38
3657,3
3659,37
3660,31
3661,39
3662,21
3662,26
3662,36
3664,33
3665,20
3667,15
3667,36
3668,24
3669,2
3669,13
3669,37
3669,39
3670,25
3670,33
3671,9
3671,11
3671,12
3671,29
3671,35
3671,38
3672,36
3673,16
3673,32
3673,40
3674,39
3675,4
3675,27
3675,37
3676,8
3676,33
3677,12
3677,18
3677,20
3679,6
3679,36
3679,38
3680,1
3680,5
3680,23
3680,37
3680,39
3680,40
3683,36
3684,24
3685,10
3686,17
3686,39
3687,33
3687,34
3688,9
3688,36
3691,39
3693,36
3693,37
3693,40
3694,30
3695,35
3696,33
3697,38
3699,18
3700,39
3701,34
3701,37
3702,28
3702,36
3703,26
3705,4
3705,38
3707,39
3708,12
3708,33
3708,36
3710,14
3710,15
3710,37
3712,18
3712,19
3713,36
3713,38
3714,20
3714,39
3715,40
3717,12
3717,24
3718,22
3718,25
3718,37
3719,36
3719,38
3720,13
3720,29
3721,39
3722,33
3722,40
3723,27
3724,9
3724,36
3725,8
3726,4
3726,37
3727,35
3728,2
3728,13
3728,38
3729,1
3729,33
3730,7
3730,16
3730,36
3731,3
3731,37
3731,40
3732,10
3733,21
3734,12
3734,39
3735,23
3736,13
3737,20
3737,37
3737,38
3738,26
3739,36
3739,39
3740,34
3740,40
3741,35
3742,12
3742,37
3743,31
3746,36
3746,39
3748,4
3748,33
3748,37
3749,11
3750,32
3750,39
3751,24
3751,38
3752,2
3752,34
3752,36
3752,37
3753,39
3754,10
3754,35
3757,39
3758,20
3759,37
3760,25
3760,36
3761,9
3761,39
3762,6
3762,18
3765,33
3765,39
3766,37
3767,1
3767,30
3767,36
3768,40
3771,17
3771,39
3772,33
3774,37
3775,28
3775,39
3776,5
3776,19
3776,36
3777,15
3777,38
3778,34
3779,2
3779,29
3780,26
3780,39
3781,12
3781,33
3781,35
3781,37
3782,36
3783,4
3784,7
3785,24
3786,20
3787,21
3787,39
3788,14
3789,13
3790,23
3790,33
3790,36
3790,39
3791,37
3791,38
3791,40
3792,15
3792,34
3795,12
3796,36
3797,18
3797,39
3798,33
3801,37
3801,38
3802,36
3803,31
3804,6
3804,39
3806,27
3806,36
3809,8
3810,35
3811,13
3812,1
3812,39
3813,10
3813,18
3813,36
3813,37
3815,4
3815,16
3816,9
3816,20
3817,36
3817,38
3818,25
3818,26
3818,32
3819,2
3819,5
3819,24
3819,39
3820,34
3821,35
3821,36
3822,22
3823,3
3823,11
3823,12
3823,23
3823,33
3824,39
3826,36
3828,28
3830,12
3830,20
3830,35
3830,40
3831,39
3832,36
3832,38
3835,24
3836,39
3837,17
3837,36
3837,37
3838,33
3840,18
3841,4
3841,36
3842,15
3842,27
3843,39
3844,30
3845,26
3846,1
3846,10
3846,33
3846,37
3847,36
3848,2
3848,35
3849,9
3850,7
3850,39
3851,29
3851,36
3852,14
3852,37
3852,38
3855,24
3855,39
3856,34
3857,36
3858,12
3858,37
3859,20
3859,39
3859,40
3863,37
3863,38
3864,39
3865,4
3865,34
3866,36
3867,33
3868,39
3872,37
3873,36
3873,38
3873,39
3875,20
3878,31
3879,13
3879,38
3879,39
3880,16
3881,18
3881,36
3882,10
3882,37
3883,8
3883,40
3884,3
3884,12
3884,23
3886,21
3886,35
3886,38
3887,37
3887,39
3888,2
3888,9
3888,34
3889,25
3889,29
3889,36
3890,32
3890,40
3891,20
3891,39
3892,26
3893,33
3894,36
3894,38
3895,1
3895,24
3895,37
3896,39
3897,19
3898,36
3900,15
3901,36
3901,37
3902,13
3902,38
3903,35
3903,39
3905,12
3905,33
3905,36
3906,22
3907,37
3908,27
3909,39
3910,4
3910,36
3912,34
3912,37
3913,38
3914,2
3914,6
3915,36
3917,39
3920,12
3920,37
3921,18
3921,36
3921,40
3922,38
3923,33
3925,23
3926,12
3926,36
3927,39
3928,17
3928,28
3929,24
3929,35
3930,26
3930,31
3930,37
3931,11
3931,34
3931,38
3933,1
3933,7
3933,12
3933,20
3933,36
3934,8
3935,2
3935,9
3935,24
3935,30
3935,37
3936,33
3936,38
3936,39
3936,40
3937,5
3937,15
3938,14
3938,16
3938,35
3939,25
3940,36
3940,37
3941,9
3941,18
3942,4
3942,33
3942,38
3944,34
3945,39
3946,10
3946,32
3946,36
3946,37
3950,36
3952,38
3953,20
3953,39
3955,36
3958,35
3958,37
3959,29
3959,38
3959,39
3960,36
3962,27
3964,12
3966,33
3967,36
3967,38
3967,39
3968,37
3971,13
3973,36
3973,39
3975,38
3976,33
3976,37
3978,36
3978,39
3980,4
3981,2
3981,22
3981,37
3982,39
3984,33
3984,36
3986,6
3986,37
3986,39
3987,15
3988,21
3989,25
3989,38
3990,37
3991,3
3991,20
3991,36
3991,39
3992,10
3992,31
3993,35
3994,39
3995,8
3995,37
3995,40
3996,1
3996,20
3996,24
3996,33
3997,2
3997,18
3997,26
3997,29
3997,34
3998,39
3999,19
3999,37
4000,12
4000,23
4000,24
4001,28
4001,36
4001,38
4002,4
4002,13
4002,17
4002,32
4002,39
4003,16
4003,33
4004,11
4004,12
4004,34
4005,5
4005,7
4005,14
4005,30
4005,36
4006,39
4006,40
4008,18
4008,33
4008,37
4009,35
4009,38
4010,26
4010,36
4012,34
4012,39
4013,24
4014,37
4016,33
4017,36
4018,39
4024,36
4025,10
4025,33
4025,37
4025,39
4028,9
4030,35
4031,2
4031,36
4032,4
4032,15
4032,38
4032,39
4033,37
4034,13
4034,23
4034,25
4035,40
4037,27
4038,9
4038,36
4039,10
4039,38
4039,39
4040,33
4040,37
4041,35
4043,12
4043,34
4044,37
4045,36
4047,39
4048,38
4050,1
4050,36
4050,37
4051,33
4053,39
4054,36
4054,38
4056,37
4058,36
4061,18
4061,39
4062,37
4063,38
4064,31
4064,36
4065,6
4066,19
4066,20
4067,37
4069,2
4069,4
4069,36
4069,38
4070,24
4070,32
4071,12
4071,17
4071,29
4071,33
4071,35
4071,37
4072,3
4072,16
4072,39
4072,40
4073,9
4073,15
4073,22
4073,36
4074,34
4074,37
4075,26
4076,8
4076,36
4077,7
4077,18
4077,20
4077,33
4077,39
4078,1
4078,4
4078,13
4078,30
4078,37
4079,5
4080,25
4080,36
4080,38
4080,39
4081,24
4081,28
4081,37
4082,40
4084,23
4084,26
4084,37
4084,39
4085,16
4085,34
4086,12
4086,36
4088,14
4088,35
4088,38
4088,39
4089,37
4090,33
4091,36
4092,39
4093,34
4095,36
4095,37
4098,39
4099,36
4099,38
4100,37
4104,31
4104,36
4105,33
4105,37
4106,15
4106,38
4106,39
4107,27
4109,36
4111,20
4111,37
4113,38
4114,35
4115,2
4116,33
4116,34
4116,36
4117,39
4118,21
4119,9
4121,11
4121,37
4121,39
4122,20
4122,36
4123,10
4123,33
4123,38
4125,35
4126,18
4126,24
4127,32
4127,36
4127,39
4128,40
4130,12
4130,29
4131,36
4131,37
4131,38
4135,18
4135,19
4135,39
4136,13
4137,36
4138,38
4140,12
4140,34
4140,37
4141,6
4141,36
4142,1
4143,3
4143,25
4144,28
4145,2
4145,38
4145,40
4146,4
4146,35
4146,36
4146,39
4147,5
4147,9
4147,26
4148,7
4148,8
4148,33
4148,37
4149,15
4150,12
4151,36
4152,16
4152,23
4153,13
4153,20
4153,29
4153,37
4153,38
4153,39
4154,14
4154,40
4155,33
4156,12
4156,17
4156,24
4156,27
4156,36
4157,34
4157,37
4158,39
4159,38
4160,10
4161,26
4162,18
4162,37
4163,36
4164,30
4167,19
4167,33
4167,37
4167,38
4168,22
4169,36
4170,39
4171,37
4173,2
4174,12
4174,36
4175,39
4176,24
4176,37
4176,38
4177,31
4179,33
4179,36
4180,34
4181,10
4182,4
4182,37
4182,39
4186,36
4186,38
4186,39
4188,35
4191,36
4191,39
4193,20
4193,37
4194,9
4194,33
4195,39
4196,36
4198,28
4198,37
4200,1
4201,36
4201,38
4202,37
4202,40
4203,18
4203,39
4204,12
4205,20
4205,33
4205,36
4206,15
4206,35
4208,32
4208,37
4208,39
4209,36
4211,25
4213,26
4213,34
4213,36
4214,4
4215,6
4215,24
4215,39
4216,23
4217,2
4218,11
4218,36
4218,38
4219,19
4219,31
4220,21
4220,33
4220,37
4220,39
4222,7
4222,14
4222,24
4223,8
4223,12
4223,36
4224,29
4224,30
4224,37
4224,39
4225,3
4225,13
4225,16
4226,35
4226,40
4227,33
4228,34
4228,36
4229,1
4229,9
4229,10
4229,13
4229,26
4229,37
4230,20
4230,22
4230,24
4231,18
4231,36
4232,39
4232,40
4233,9
4233,25
4233,38
4234,12
4235,23
4236,4
4236,27
4236,36
4237,33
4237,37
4237,39
4238,5
4238,17
4240,38
4241,36
4242,2
4242,39
4246,36
4246,39
4248,37
4248,40
4250,34
4250,36
4255,36
4255,38
4256,39
4259,36
4260,4
4260,33
4260,39
4263,35
4264,24
4264,36
4265,39
4266,10
4266,15
4266,37
4269,36
4269,39
4270,40
4271,13
4273,12
4274,36
4274,37
4274,39
4277,9
4277,33
4279,36
4280,1
4280,38
4280,39
4282,20
4282,32
4283,34
4285,35
4285,36
4285,37
4285,39
4286,28
4287,33
4287,38
4288,20
4289,27
4290,2
4290,5
4290,18
4290,36
4293,26
4293,37
4293,38
4293,40
4294,36
4294,39
4295,16
4295,33
4296,12
4296,29
4297,18
4297,24
4297,35
4298,36
4299,6
4300,8
4300,33
4300,38
4300,39
4301,1
4303,34
4303,36
4303,37
4307,11
4308,4
4308,36
4309,23
4311,15
4311,33
4311,39
4311,40
4312,24
4313,10
4313,14
4313,21
4314,12
4314,25
4314,36
4314,37
4314,38
4315,22
4315,39
4318,2
4318,23
4318,30
4318,40
4319,9
4319,33
4320,32
4321,3
4321,19
4321,36
4321,39
4322,7
4324,18
4325,12
4325,13
4325,26
4325,33
4325,36
4325,37
4325,38
4326,17
4326,20
4326,31
4327,29
4327,39
4327,40
4328,24
4328,35
4331,4
4331,12
4331,39
4332,9
4332,37
4332,38
4333,10
4333,36
4334,25
4335,39
4337,33
4337,36
4338,13
4338,34
4340,39
4341,36
4342,27
4343,38
4344,37
4345,33
4346,36
4346,39
4347,34
4351,35
4352,37
4352,38
4353,4
4353,39
4354,36
4356,24
4357,2
4358,33
4358,34
4358,36
4358,39
4360,5
4360,6
4361,18
4362,38
4363,36
4363,37
4364,16
4364,28
4365,1
4366,26
4366,39
4369,33
4369,37
4369,38
4371,8
4371,12
4371,36
4372,34
4373,15
4374,20
4374,35
4374,39
4375,36
4375,38
4375,40
4378,4
4378,14
4379,36
4379,37
4381,13
4381,33
4382,39
4383,32
4384,10
4384,22
4384,24
4384,36
4386,25
4386,40
4388,33
4388,39
4389,7
4389,9
4389,36
4391,23
4392,19
4392,36
4393,39
4394,2
4394,37
4394,38
4395,1
4395,11
4395,30
4396,27
4396,31
4396,36
4397,29
4398,33
4399,20
4400,26
4400,35
4400,37
4401,24
4401,34
4401,36
4401,38
4401,39
4402,18
4404,3
4405,17
4406,12
4407,36
4407,39
4408,33
4411,20
4412,36
4412,40
4413,15
4413,34
4413,37
4414,2
4414,18
4414,38
4414,39
4417,12
4417,26
4417,36
4419,33
4419,39
4421,16
4421,25
4421,38
4423,36
4424,21
4425,13
4425,33
4425,35
4425,39
4426,34
4427,9
4427,36
4427,37
4427,38
4429,12
4431,36
4433,39
4434,36
4434,40
4436,10
4436,38
4437,4
4437,35
4438,23
4438,36
4440,24
4441,7
4441,33
4442,5
4442,13
4442,36
4443,8
4443,37
4443,39
4444,28
4445,36
4445,38
4446,40
4448,14
4448,15
4448,39
4449,6
4449,18
4450,29
4451,12
4451,35
4451,36
4452,37
4453,1
4453,33
4453,38
4453,39
4454,19
4456,25
4456,36
4456,37
4457,10
4457,32
4457,39
4458,4
4458,24
4459,27
4460,36
4461,34
4461,39
4462,2
4462,10
4462,20
4462,30
4463,23
4465,36
4465,37
4465,39
4466,31
4466,33
4466,40
4469,37
4471,36
4472,39
4473,22
4475,37
4476,39
4477,33
4477,36
4479,12
4479,26
4480,39
4481,36
4482,37
4483,34
4483,38
4485,36
4485,39
4486,13
4486,40
4488,39
4489,37
4490,33
4490,36
4492,10
4493,39
4495,1
4495,36
4496,20
4496,37
4497,33
4498,2
4498,36
4498,39
4499,15
4499,16
4500,4
4500,9
4501,36
4501,37
4501,38
4502,3
4502,33
4502,39
4503,35
4504,12
4506,11
4506,13
4506,36
4507,18
4507,24
4507,37
4507,39
4508,33
4509,21
4509,36
4512,12
4512,20
4513,35
4513,36
4513,37
4514,39
4515,27
4515,40
4516,14
4516,18
4517,4
4517,29
4517,38
4518,8
4518,32
4518,36
4519,6
4519,26
4519,31
4519,33
4519,37
4520,34
4521,24
4521,39
4522,5
4522,25
4524,23
4525,19
4525,28
4525,35
4525,36
4525,39
4526,9
4526,17
4526,37
4527,24
4529,2
4529,7
4529,12
4529,30
4529,39
4529,40
4530,1
4530,33
4530,36
4531,37
4534,36
4534,39
4536,35
4538,36
4538,37
4539,33
4542,18
4543,36
4543,39
4546,33
4547,34
4548,13
4548,36
4549,22
4549,37
4550,38
4550,39
4552,4
4553,40
4554,36
4557,35
4558,10
4558,15
4558,33
4558,39
4560,37
4561,36
4562,16
4565,2
4565,26
4566,20
4566,39
4567,3
4568,33
4568,36
4568,38
4569,9
4569,24
4570,25
4570,35
4571,23
4571,34
4572,20
4572,36
4572,39
4573,1
4573,5
4574,32
4575,11
4575,24
4576,39
4577,9
4577,33
4577,37
4578,4
4578,28
4579,13
4579,36
4580,31
4581,12
4581,29
4581,38
4581,39
4582,27
4584,8
4585,6
4585,10
4585,18
4585,37
4585,40
4586,30
4586,33
4588,35
4588,36
4588,39
4592,17
4593,33
4594,37
4595,26
4596,38
4596,39
4598,40
4599,34
4600,36
4601,14
4601,23
4601,39
4602,12
4602,37
4604,15
4605,36
4605,39
4607,40
4611,12
4611,33
4611,39
4612,18
4613,36
4615,13
4615,34
4615,37
4615,38
4616,20
4616,39
4618,10
4619,19
4620,2
4620,36
4620,37
4622,9
4622,39
4623,7
4623,33
4624,38
4625,39
4626,16
4626,36
4626,40
4627,24
4627,25
4627,29
4628,21
4628,37
4629,13
4629,39
4630,33
4632,36
4632,37
4633,11
4633,32
4634,1
4634,18
4634,35
4635,8
4635,39
4636,36
4637,20
4637,37
4638,22
4639,39
4640,15
4640,33
4640,36
4641,4
4641,5
4641,31
4642,37
4643,39
4644,2
4644,12
4644,24
4644,26
4644,36
4645,27
4646,3
4646,37
4647,39
4648,18
4648,25
4649,12
4649,33
4650,36
4650,40
4651,13
4651,37
4651,39
4652,38
4653,1
4654,36
4655,23
4655,28
4657,6
4657,20
4657,37
4657,39
4658,10
4658,36
4659,33
4659,34
4661,40
4662,2
4662,4
4662,39
4663,9
4663,36
4663,37
4667,39
4668,36
4669,30
4669,37
4671,39
4672,33
4672,35
4673,34
4674,36
4675,37
4675,39
4677,20
4679,39
4680,36
4680,37
4681,33
4682,39
4685,35
4685,37
4686,20
4686,33
4687,34
4687,36
4687,39
4691,7
4691,36
4692,33
4692,39
4693,32
4694,17
4694,24
4694,37
4695,35
4696,14
4696,36
4696,39
4697,16
4698,23
4698,26
4699,13
4699,33
4700,2
4700,12
4700,29
4700,36
4700,38
4701,24
4701,37
4701,39
4702,10
4702,11
4702,25
4702,40
4704,9
4704,35
4705,12
4706,8
4706,18
4706,19
4706,36
4706,39
4708,1
4708,33
4708,37
4709,15
4709,27
4709,38
4711,12
4711,36
4712,4
4712,37
4713,39
4714,21
4715,36
4717,20
4717,37
4718,26
4719,31
4719,38
4719,39
4719,40
4721,36
4723,37
4724,5
4725,33
4725,36
4725,39
4728,34
4729,36
4730,22
4731,37
4733,36
4733,38
4733,39
4734,33
4735,31
4736,3
4736,6
4737,36
4739,37
4740,1
4740,13
4742,4
4742,36
4743,40
4744,24
4745,10
4745,15
4747,28
4747,36
4748,14
4748,20
4748,38
4748,39
4749,2
4749,9
4749,33
4749,35
4750,18
4750,40
4751,25
4751,29
4751,36
4751,37
4753,13
4753,16
4753,32
4753,39
4754,7
4755,38
4756,34
4756,36
4757,12
4757,37
4757,39
4758,23
4759,17
4760,35
4760,36
4761,9
4762,20
4762,40
4763,30
4763,36
4764,39
4765,13
4765,33
4766,36
4766,37
4767,26
4767,38
4768,4
4771,12
4771,36
4772,2
4772,33
4772,37
4775,39
4776,38
4776,40
4777,36
4778,24
4778,35
4778,37
4779,8
4781,33
4781,36
4784,37
4784,38
4786,27
4786,36
4787,18
4788,39
4789,37
4790,3
4791,38
4792,36
4792,37
4793,1
4793,9
4793,31
4793,33
4794,6
4795,19
4796,37
4796,39
4797,15
4797,24
4798,36
4798,38
4798,40
4799,29
4799,34
4800,37
4801,33
4802,20
4802,25
4803,10
4804,38
4804,39
4805,36
4805,37
4806,35
4807,34
4808,23
4808,40
4809,33
4812,12
4813,5
4813,37
4813,38
4814,20
4814,22
4814,39
4815,2
4815,36
4817,34
4818,10
4818,11
4818,33
4818,35
4819,4
4819,12
4819,37
4819,39
4821,32
4822,18
4822,26
4822,36
4823,10
4823,39
4824,8
4826,16
4827,21
4827,24
4827,36
4827,37
4827,38
4828,13
4828,23
4828,28
4828,33
4828,39
4829,20
4829,35
4830,15
4831,12
4831,36
4832,7
4832,40
4833,4
4834,39
4835,37
4836,38
4838,1
4838,27
4839,33
4840,14
4840,39
4841,37
4842,17
4842,36
4843,34
4844,20
4845,30
4846,9
4847,39
4848,40
4849,2
4849,18
4849,33
4850,38
4851,36
4852,37
4855,35
4855,39
4856,13
4857,12
4857,29
4857,36
4858,25
4862,38
4862,39
4863,37
4864,40
4865,9
4865,33
4865,36
4866,26
4869,36
4869,37
4869,39
4870,31
4871,33
4875,37
4877,24
4877,36
4877,38
4878,39
4880,2
4881,3
4881,20
4882,6
4882,33
4882,36
4882,37
4883,38
4884,15
4884,35
4884,39
4885,5
4885,18
4885,32
4886,28
4887,16
4887,20
4887,36
4888,39
4889,1
4889,24
4889,37
4890,10
4890,40
4891,12
4891,18
4891,22
4891,34
4891,38
4892,36
4893,9
4893,33
4893,35
4894,4
4894,19
4895,39
4896,12
4897,26
4897,36
4898,37
4899,8
4899,24
4900,13
4900,30
4900,39
4902,27
4903,7
4903,23
4903,25
4903,36
4903,37
4904,9
4904,38
4904,40
4905,1
4905,11
4907,39
4908,33
4909,10
4909,36
4909,37
4913,37
4914,39
4915,36
4915,40
4916,20
4918,37
4920,14
4921,33
4921,34
4921,39
4922,38
4924,2
4924,17
4924,36
4924,37
4926,4
4926,13
4926,18
4926,39
4927,29
4928,36
4929,12
4930,39
4931,31
4931,37
4931,40
4932,38
4933,26
4935,36
4936,39
4937,33
4939,21
4939,35
4939,37
4940,36
4940,39
4942,12
4942,24
4944,20
4944,39
4946,10
4946,15
4947,33
4947,34
4947,36
4947,37
4947,38
4948,1
4948,39
4949,6
4949,25
4950,32
4951,4
4952,39
4953,36
4955,37
4955,39
4956,16
4957,36
4958,28
4959,40
4960,27
4960,29
4960,39
4961,35
4961,36
4962,2
4963,3
4963,18
4963,37
4963,39
4964,12
4964,33
4964,36
4965,8
4967,20
4967,36
4967,37
4967,39
4968,7
4968,19
4968,34
4969,40
4970,24
4970,36
4971,26
4971,38
4972,39
4973,4
4973,37
4974,36
4976,33
4977,9
4977,37
4978,38
4979,39
4980,12
4980,36
4982,5
4983,23
4983,37
4984,38
4984,39
4985,36
4986,13
4987,34
4988,31
4989,33
4989,36
4990,37
4991,38
4992,39
4993,14
4993,36
4994,37
4996,30
4998,18
4998,36
4998,38
4998,39
4999,24
4999,37
