8,35
10,18
10,19
10,21
10,29
10,31
10,32
10,34
11,2
11,3
11,5
11,6
11,8
11,11
11,12
11,17
11,24
11,30
11,37
11,38
12,1
12,10
12,13
12,20
12,22
12,27
12,36
12,39
13,4
13,7
13,9
13,14
13,15
13,16
13,25
13,26
13,30
13,31
13,33
13,34
13,38
13,40
14,2
14,8
14,19
14,21
14,23
14,28
14,35
15,5
15,17
15,36
16,3
16,13
16,18
16,32
16,33
16,38
16,39
17,4
17,10
17,12
17,15
17,22
17,31
17,34
17,37
17,40
18,27
18,30
20,20
20,39
21,31
21,33
21,34
22,35
24,40
26,6
26,33
26,36
28,34
28,39
30,33
32,38
34,34
38,33
38,38
38,39
39,40
40,35
43,33
46,39
48,40
49,33
51,34
53,37
54,39
57,33
59,35
60,34
63,37
63,40
64,34
64,36
64,38
64,39
68,33
69,34
73,39
74,38
75,24
75,35
76,33
76,34
76,40
77,37
81,39
82,15
82,34
82,37
83,33
83,38
87,13
87,34
89,33
91,23
91,38
92,29
93,22
93,31
93,34
94,33
94,37
94,40
95,30
96,25
96,36
97,34
97,39
98,33
99,5
100,38
101,17
101,33
101,34
101,35
102,9
102,39
105,2
105,33
106,10
106,34
107,6
107,39
107,40
108,3
109,14
109,33
109,35
110,19
110,37
111,21
112,34
113,11
113,33
113,38
114,39
114,40
115,27
115,36
116,30
117,13
117,33
120,34
122,26
122,28
122,33
122,39
123,40
125,34
126,7
126,35
127,16
127,33
127,36
129,37
131,34
132,6
132,38
133,4
134,33
134,35
134,39
135,34
136,32
139,34
139,39
140,5
140,35
141,38
142,15
144,34
145,33
145,39
146,31
147,12
147,36
148,35
149,8
150,1
150,34
150,37
151,40
152,38
152,39
154,33
155,31
155,34
157,37
158,30
158,39
160,34
160,35
160,38
163,39
165,37
166,33
167,20
167,34
168,39
170,37
171,40
172,31
172,35
173,34
174,37
174,39
176,38
177,31
178,10
178,22
179,37
180,2
180,33
181,34
181,39
182,18
182,35
182,36
183,13
184,21
185,24
185,33
186,23
186,30
186,37
187,34
188,5
188,38
188,39
188,40
189,15
189,27
189,32
189,35
190,17
190,36
192,22
192,25
192,33
192,37
192,39
193,14
194,9
194,16
194,40
195,6
195,34
196,35
196,38
197,3
197,11
197,12
197,29
197,30
197,39
198,26
198,33
198,37
200,31
200,34
200,36
200,38
201,39
201,40
205,19
205,37
206,39
207,34
207,35
208,7
208,40
209,4
210,33
210,38
211,31
211,36
211,37
212,39
214,34
215,33
217,35
217,37
217,39
218,33
218,34
220,40
223,33
223,35
224,37
226,34
227,33
228,38
228,40
229,39
230,35
231,33
234,34
235,38
236,37
237,35
237,39
238,33
240,34
245,28
245,38
246,33
246,36
246,37
246,39
248,34
248,35
251,33
251,38
254,39
255,13
255,34
256,33
257,35
258,38
261,5
261,29
262,2
263,33
263,36
263,37
263,38
264,6
264,10
264,34
265,12
265,27
265,30
265,31
265,39
265,40
266,18
266,24
266,35
268,8
268,20
268,21
269,3
269,15
269,17
269,19
269,22
269,34
269,39
270,1
270,9
270,13
270,23
270,25
270,31
270,33
270,37
270,38
270,40
271,4
271,11
271,30
271,32
271,36
272,2
272,14
272,16
272,35
273,5
273,26
273,34
273,39
274,38
275,10
275,22
275,33
275,40
277,34
277,35
277,36
281,38
282,34
282,35
287,35
287,38
287,39
288,37
289,34
295,34
295,38
297,37
299,7
299,34
300,35
301,39
303,38
304,34
304,37
305,6
306,33
308,34
310,35
313,34
314,38
314,39
317,37
318,40
319,34
321,33
323,37
325,33
325,34
325,35
326,15
327,37
328,36
330,33
331,34
331,37
334,2
336,33
336,35
338,27
338,38
339,34
339,37
339,40
343,25
343,33
343,39
344,28
345,34
345,38
346,30
346,37
346,40
347,33
347,35
349,9
352,33
353,31
353,34
353,37
354,13
355,38
356,33
357,22
357,39
357,40
358,6
358,10
358,17
359,3
359,18
359,21
359,34
360,33
361,19
361,30
361,38
361,40
362,5
362,15
363,4
363,29
363,31
363,35
363,39
364,11
364,13
364,23
364,24
364,33
365,32
365,37
366,1
366,8
366,12
366,14
366,16
366,36
366,38
366,40
367,2
367,20
367,30
367,34
368,22
368,31
368,33
369,39
370,4
370,38
371,27
371,34
371,36
371,40
372,21
374,5
374,37
375,35
376,38
378,33
379,34
379,39
380,40
384,34
385,35
385,39
388,33
388,40
389,6
389,36
390,34
392,33
393,37
395,33
396,35
397,34
399,39
400,33
400,40
402,34
404,33
404,38
406,37
408,34
409,39
411,33
411,35
415,34
418,33
420,35
420,38
420,39
421,36
422,9
423,33
423,37
425,7
425,34
428,35
429,34
431,26
431,33
431,38
432,37
433,31
433,39
434,6
434,15
435,10
436,34
436,40
437,33
438,17
438,31
438,39
439,3
440,13
440,29
440,36
441,30
441,33
441,35
442,34
442,40
443,2
443,38
444,12
444,20
444,22
444,28
444,39
445,16
445,27
447,19
447,33
447,34
447,40
448,4
448,23
448,24
448,30
448,39
449,11
449,18
449,21
449,35
450,1
450,8
450,25
451,32
451,38
451,39
452,14
452,34
452,36
453,33
453,37
454,15
454,26
454,30
455,5
455,40
457,23
457,31
457,33
457,34
458,37
459,35
459,39
460,9
460,38
461,33
461,34
464,33
466,35
466,39
467,33
467,34
467,37
471,35
472,33
474,34
474,39
476,40
477,37
478,33
478,35
481,38
481,39
482,33
483,35
484,34
484,37
488,33
489,39
490,35
492,37
493,33
493,34
495,38
497,33
498,34
498,35
500,37
501,6
503,33
504,34
505,39
506,35
506,36
507,31
507,37
508,33
509,40
511,13
513,2
513,34
513,38
515,33
516,5
516,10
516,37
518,27
518,29
518,35
519,15
519,39
520,3
520,12
520,22
520,34
521,20
521,25
521,33
521,38
522,31
522,36
523,11
523,19
523,30
523,37
523,40
524,9
524,17
524,18
525,34
525,39
526,1
526,6
526,7
526,13
526,33
527,5
527,21
527,37
528,30
528,32
528,38
529,4
529,16
529,33
529,34
529,35
530,8
530,22
530,36
530,39
532,14
532,15
532,26
533,33
534,40
535,28
535,34
536,37
538,39
539,33
539,38
540,34
543,37
544,34
545,38
546,35
547,33
547,34
548,39
549,37
551,34
552,38
553,35
554,33
554,37
556,34
560,33
560,36
561,24
561,34
561,37
561,38
566,33
566,38
567,34
568,35
571,37
574,34
574,35
575,33
575,38
576,37
578,31
579,35
580,39
581,37
582,38
583,34
584,35
585,36
586,40
587,33
588,37
589,10
589,38
591,35
594,6
595,34
596,37
596,38
596,39
597,35
598,31
598,33
599,36
602,35
603,38
603,40
605,12
606,37
607,35
608,3
608,33
609,34
610,39
611,27
611,37
611,38
612,5
613,30
613,35
614,13
614,15
615,2
615,33
615,37
616,22
616,36
616,38
617,4
617,39
618,17
618,23
618,34
618,35
619,16
622,8
622,9
622,19
622,20
622,38
623,5
623,32
623,35
623,37
623,39
624,11
625,18
625,31
625,33
626,14
626,25
626,30
626,34
627,1
627,7
627,21
627,28
627,29
627,36
627,38
627,40
628,35
628,37
628,39
629,2
630,34
631,10
631,13
631,22
632,33
632,40
633,37
633,38
634,35
635,34
635,36
635,39
636,30
637,33
640,39
641,33
641,34
641,35
641,37
645,34
646,39
647,35
647,37
648,33
649,34
650,6
651,37
652,31
653,34
654,33
654,38
655,37
655,39
658,33
658,34
661,35
661,37
661,38
662,39
663,33
667,33
667,37
667,38
670,34
672,33
672,38
672,40
675,35
675,39
677,24
680,33
680,37
680,39
681,5
681,34
681,38
681,40
682,27
683,6
685,33
685,35
686,26
687,15
688,34
688,36
688,37
689,12
691,39
691,40
692,2
692,31
692,38
693,37
694,33
695,3
695,19
695,20
696,4
696,18
696,39
697,34
698,9
698,30
698,33
698,35
698,38
699,11
699,23
699,28
700,10
700,32
700,36
701,17
702,16
702,33
702,37
703,1
703,5
703,13
703,29
703,39
703,40
704,8
704,22
704,25
704,30
704,31
704,34
705,14
705,38
706,21
706,33
706,39
707,15
707,36
708,13
708,30
709,3
709,31
709,33
709,34
711,23
711,38
711,40
713,33
715,34
715,35
716,37
718,24
719,38
720,33
721,35
723,34
724,40
726,33
729,38
729,39
731,33
732,6
732,40
733,34
736,33
737,37
740,33
742,34
742,38
743,35
743,40
744,7
746,33
746,37
747,34
749,38
751,33
751,35
755,34
755,36
757,37
759,38
760,33
761,27
762,32
763,5
763,34
765,33
766,15
766,26
766,35
767,6
767,38
768,2
768,40
769,4
769,34
769,37
769,39
770,33
771,19
771,20
772,31
773,9
773,22
774,34
774,37
775,12
775,35
776,10
776,11
776,17
777,13
777,18
777,33
777,38
777,39
778,31
778,40
779,16
779,29
779,36
780,30
780,35
781,21
782,33
782,37
783,5
783,34
784,40
785,35
787,39
788,38
790,3
790,33
791,14
792,34
794,35
794,37
794,40
795,25
796,33
796,36
797,30
799,37
799,38
800,33
802,34
805,33
806,40
807,35
807,39
809,8
809,33
809,34
813,33
813,34
814,6
814,37
815,40
816,39
817,33
817,35
817,38
818,34
822,33
823,34
824,37
826,38
827,33
828,31
828,34
829,24
830,15
831,34
832,33
833,35
834,2
834,9
834,12
835,34
835,36
835,37
837,22
837,28
837,38
838,1
838,27
838,39
838,40
839,33
839,34
841,3
841,7
841,23
842,35
843,30
843,34
843,38
843,39
845,33
846,5
846,32
846,37
847,4
847,10
847,13
848,16
848,40
849,35
849,36
850,19
850,30
850,33
850,38
850,39
851,8
851,34
853,20
853,37
855,31
855,33
855,38
856,17
856,18
857,34
858,39
860,5
860,21
860,38
861,33
862,29
863,35
863,39
866,14
866,15
866,34
866,36
866,38
867,13
867,40
869,33
871,39
872,37
874,35
875,33
877,37
877,39
878,34
880,33
880,38
881,35
882,40
884,37
885,39
887,33
889,34
890,6
890,37
892,35
894,39
895,34
896,25
896,37
897,31
897,33
897,38
898,30
899,36
901,34
905,33
906,40
907,32
908,6
908,34
910,3
911,11
911,33
912,37
912,39
913,5
913,9
913,24
913,35
913,36
914,2
914,19
914,22
914,29
914,34
914,38
915,31
916,23
917,12
917,26
917,33
918,10
918,27
918,34
918,37
918,39
918,40
919,13
919,16
919,18
919,35
920,4
920,17
920,21
921,20
922,1
922,38
923,2
923,34
923,36
923,37
924,22
924,28
924,30
924,40
925,39
926,15
926,31
926,33
927,8
927,32
927,35
928,30
928,34
928,37
931,33
931,38
933,39
934,40
935,33
935,37
941,33
941,37
943,35
944,34
945,33
946,38
948,6
948,33
951,33
953,34
954,39
955,33
955,35
956,40
957,38
958,37
960,33
961,14
964,34
965,33
966,38
967,35
967,40
969,5
970,39
972,38
973,33
974,7
975,36
977,34
978,38
979,15
979,33
979,40
980,37
982,34
984,23
985,33
985,38
986,34
989,35
990,33
992,34
995,6
995,39
996,33
996,34
997,35
997,36
998,11
998,30
998,31
1000,3
1001,38
1002,5
1002,17
1002,34
1002,37
1003,10
1003,19
1003,22
1003,27
1003,33
1004,13
1004,20
1004,21
1004,39
1004,40
1005,16
1005,26
1005,31
1006,4
1006,30
1006,34
1006,35
1007,2
1007,9
1007,15
1007,24
1007,32
1007,37
1008,12
1008,25
1008,28
1008,29
1008,33
1008,36
1008,39
1009,8
1009,18
1009,31
1009,34
1009,38
1009,40
1010,22
1010,35
1010,37
1012,30
1014,3
1014,10
1014,33
1014,37
1014,38
1017,1
1017,35
1018,38
1018,39
1019,33
1023,33
1023,40
1024,34
1024,37
1025,38
1028,33
1031,34
1031,35
1032,38
1033,33
1033,37
1038,34
1038,38
1040,37
1041,33
1042,35
1044,38
1046,40
1048,39
1049,33
1050,37
1050,38
1052,34
1054,35
1055,33
1055,38
1057,34
1061,34
1061,38
1061,39
1062,33
1065,34
1065,35
1068,6
1069,37
1069,39
1070,33
1070,34
1071,38
1075,34
1077,36
1077,38
1078,7
1078,33
1078,39
1079,31
1079,37
1081,34
1082,13
1083,35
1084,34
1085,2
1085,15
1085,36
1087,22
1087,31
1087,37
1087,38
1088,34
1088,39
1089,33
1090,17
1090,20
1091,27
1091,40
1092,30
1092,38
1093,23
1093,34
1094,4
1094,9
1094,11
1094,14
1094,21
1094,37
1095,10
1095,12
1095,32
1095,35
1096,19
1096,26
1096,33
1096,34
1096,38
1096,39
1097,8
1097,13
1098,18
1098,25
1098,37
1099,31
1099,40
1100,6
1100,34
1100,36
1101,5
1101,15
1101,30
1101,38
1102,33
1103,28
1103,37
1103,39
1104,34
1105,3
1107,29
1108,34
1109,33
1110,35
1110,38
1110,39
1110,40
1111,1
1111,16
1113,24
1114,37
1115,34
1116,39
1117,33
1118,35
1118,38
1122,34
1124,33
1124,35
1124,38
1125,37
1128,33
1129,39
1132,34
1132,35
1133,33
1133,37
1134,40
1138,33
1141,37
1142,34
1143,33
1143,35
1143,38
1148,34
1148,38
1148,39
1150,6
1150,33
1152,34
1154,35
1155,38
1156,31
1156,34
1158,33
1159,5
1159,37
1160,19
1160,38
1161,34
1161,36
1162,10
1163,2
1164,22
1164,33
1164,37
1164,39
1165,34
1165,35
1167,20
1167,27
1167,38
1168,12
1169,30
1170,33
1170,34
1171,15
1171,36
1171,39
1171,40
1172,21
1172,35
1172,37
1173,3
1173,34
1174,4
1174,17
1175,29
1175,33
1176,9
1176,13
1176,34
1176,35
1176,38
1177,39
1179,31
1179,40
1180,30
1181,28
1181,34
1181,38
1182,8
1182,16
1182,22
1182,35
1183,33
1183,39
1184,10
1185,5
1185,38
1187,23
1187,34
1187,35
1188,33
1188,37
1189,25
1189,36
1189,38
1190,11
1190,31
1190,32
1190,39
1194,14
1194,33
1194,34
1194,37
1194,38
1194,39
1196,18
1197,35
1199,33
1201,37
1201,38
1201,40
1202,34
1203,39
1205,35
1207,33
1207,34
1208,37
1209,38
1210,39
1211,34
1212,33
1212,35
1214,37
1215,34
1216,33
1218,39
1219,34
1219,37
1220,33
1220,35
1220,38
1223,33
1224,24
1224,34
1225,39
1226,37
1227,34
1228,2
1228,33
1229,35
1230,38
1231,34
1232,6
1232,13
1232,33
1233,15
1233,27
1233,39
1234,34
1235,33
1236,35
1236,37
1237,31
1237,38
1239,34
1239,36
1239,39
1240,33
1243,35
1244,33
1244,34
1244,38
1245,37
1245,40
1247,22
1250,33
1250,34
1250,39
1252,35
1252,37
1255,38
1258,37
1259,7
1259,30
1259,33
1259,34
1261,35
1261,40
1262,17
1262,26
1262,38
1263,37
1264,39
1266,6
1266,34
1267,21
1268,4
1268,12
1268,19
1268,32
1268,33
1269,38
1269,40
1270,3
1270,5
1270,31
1270,35
1270,37
1271,36
1272,30
1272,34
1273,16
1273,33
1274,9
1274,10
1274,15
1274,23
1274,39
1275,8
1275,13
1276,20
1276,33
1277,11
1277,14
1277,22
1277,34
1277,37
1278,2
1278,28
1278,29
1278,31
1278,35
1279,1
1279,25
1279,30
1279,38
1279,39
1280,17
1280,27
1280,33
1280,40
1281,34
1281,36
1282,18
1282,26
1284,37
1285,33
1286,39
1286,40
1287,35
1288,34
1290,37
1294,33
1294,34
1294,35
1295,39
1296,37
1296,38
1297,40
1302,37
1303,33
1303,39
1305,34
1305,35
1309,38
1312,37
1315,33
1315,39
1316,34
1316,35
1316,37
1316,38
1318,32
1322,6
1322,38
1323,24
1323,37
1324,34
1325,33
1326,12
1327,19
1328,5
1328,7
1328,35
1328,39
1329,34
1329,40
1330,37
1330,38
1333,11
1333,13
1333,15
1333,22
1335,10
1335,33
1336,31
1336,34
1336,37
1336,38
1337,2
1337,35
1338,4
1338,36
1338,40
1339,21
1339,39
1340,16
1342,20
1342,37
1344,33
1344,34
1345,38
1348,9
1348,23
1350,30
1350,37
1351,3
1351,31
1351,34
1352,35
1352,39
1353,38
1354,14
1354,18
1354,26
1355,33
1357,40
1358,5
1358,25
1359,27
1359,34
1359,37
1359,39
1362,8
1362,13
1362,29
1362,33
1362,35
1364,36
1364,38
1365,32
1366,1
1366,31
1367,15
1367,34
1368,33
1369,22
1369,38
1369,39
1371,37
1372,34
1373,35
1375,33
1375,40
1377,17
1377,38
1381,5
1381,33
1382,35
1384,28
1384,37
1384,38
1385,6
1385,33
1385,39
1386,4
1388,34
1389,33
1391,35
1393,12
1393,30
1394,40
1395,36
1396,33
1396,39
1398,37
1398,38
1400,33
1400,34
1404,33
1405,39
1406,34
1406,38
1408,35
1410,33
1412,24
1412,37
1413,38
1414,39
1415,33
1415,34
1416,2
1418,35
1418,40
1419,19
1419,33
1421,34
1422,33
1425,3
1425,11
1425,35
1426,33
1426,39
1429,5
1429,30
1429,31
1429,34
1430,33
1430,35
1430,37
1430,40
1432,10
1432,38
1432,39
1433,6
1433,16
1434,33
1436,27
1436,34
1437,13
1437,15
1437,17
1438,33
1438,35
1439,22
1439,34
1440,38
1441,2
1441,9
1441,14
1441,20
1441,23
1441,36
1441,40
1442,6
1443,29
1443,34
1444,21
1444,28
1444,33
1444,39
1445,26
1445,30
1445,35
1445,37
1445,40
1446,8
1446,25
1446,34
1447,31
1447,32
1447,36
1448,4
1448,33
1449,3
1449,18
1450,39
1451,30
1451,33
1451,34
1452,38
1453,5
1453,35
1455,34
1456,13
1456,33
1457,19
1457,38
1457,39
1458,37
1459,34
1462,33
1463,34
1464,39
1467,35
1467,36
1468,34
1470,33
1471,39
1473,38
1474,34
1474,35
1478,33
1479,38
1480,34
1480,39
1480,40
1486,33
1487,12
1487,34
1487,38
1487,39
1489,35
1492,37
1493,38
1494,40
1495,34
1495,35
1495,39
1497,7
1498,33
1499,31
1499,35
1499,37
1500,34
1502,6
1502,36
1502,38
1504,10
1505,34
1505,39
1506,35
1507,33
1507,37
1508,24
1510,35
1510,40
1511,34
1511,39
1512,33
1513,31
1516,15
1517,34
1517,35
1517,38
1518,36
1519,33
1522,22
1522,29
1524,23
1524,27
1524,37
1525,31
1525,33
1525,34
1525,35
1525,39
1525,40
1526,9
1526,38
1528,13
1529,1
1529,16
1529,18
1529,25
1529,30
1531,2
1531,33
1531,36
1531,38
1532,3
1532,11
1532,14
1532,17
1532,34
1533,4
1533,5
1533,8
1533,20
1533,21
1533,37
1534,38
1534,39
1534,40
1535,12
1535,15
1535,19
1535,27
1535,32
1535,33
1535,35
1536,22
1536,30
1537,31
1537,34
1538,26
1538,28
1538,33
1538,37
1539,35
1539,39
1540,2
1540,38
1540,40
1542,10
1542,33
1546,37
1547,33
1548,4
1548,34
1548,38
1549,35
1552,33
1552,37
1555,38
1556,33
1557,37
1557,40
1561,33
1561,39
1562,37
1564,34
1565,33
1565,38
1569,35
1570,39
1571,33
1572,37
1572,38
1577,33
1577,39
1578,34
1578,37
1578,38
1579,5
1582,33
1582,35
1583,38
1585,34
1586,37
1590,37
1591,33
1592,34
1592,39
1593,35
1593,38
1594,31
1598,37
1598,38
1598,40
1599,36
1601,5
1601,33
1602,13
1602,24
1602,34
1603,38
1605,35
1606,15
1606,37
1607,2
1607,33
1608,22
1609,36
1610,34
1610,39
1611,17
1611,38
1611,40
1612,16
1612,33
1612,37
1613,6
1614,35
1615,23
1616,29
1616,34
1617,38
1618,30
1618,31
1618,33
1620,39
1621,10
1622,25
1622,27
1622,32
1623,33
1623,34
1624,38
1624,40
1625,19
1625,20
1625,35
1625,36
1626,11
1626,18
1627,9
1627,30
1628,1
1628,4
1628,33
1629,3
1629,21
1629,37
1630,12
1630,39
1630,40
1631,5
1631,7
1631,26
1631,38
1632,28
1632,34
1633,8
1633,13
1633,30
1634,31
1634,35
1635,15
1635,33
1635,37
1635,38
1635,39
1636,22
1636,34
1638,10
1639,30
1639,36
1641,14
1641,38
1642,33
1642,34
1643,37
1643,39
1647,34
1648,40
1649,33
1649,38
1655,6
1655,33
1655,34
1655,37
1655,38
1660,33
1660,34
1660,35
1664,39
1665,33
1666,37
1667,38
1670,34
1671,33
1672,38
1675,33
1678,17
1678,34
1678,35
1678,38
1679,33
1683,40
1684,6
1684,33
1684,37
1685,24
1685,34
1685,38
1689,39
1690,2
1690,33
1690,35
1690,38
1693,15
1693,27
1693,29
1693,34
1695,33
1696,3
1696,31
1696,35
1696,37
1697,22
1697,34
1697,36
1698,40
1699,9
1699,23
1699,39
1700,18
1700,38
1702,5
1702,13
1702,31
1703,37
1705,4
1705,11
1705,12
1705,16
1705,20
1705,33
1705,34
1705,38
1706,8
1706,30
1706,32
1706,35
1707,19
1707,36
1708,33
1708,38
1708,39
1710,21
1710,25
1711,5
1711,14
1711,31
1711,34
1711,37
1712,2
1712,7
1712,40
1713,33
1713,35
1713,38
1714,10
1714,39
1716,22
1716,30
1717,37
1718,1
1718,34
1718,38
1719,15
1719,33
1719,40
1720,39
1721,38
1722,35
1723,13
1723,37
1725,38
1726,33
1727,39
1728,34
1728,36
1728,37
1731,38
1735,33
1735,37
1735,38
1736,40
1737,35
1740,33
1742,34
1744,33
1745,35
1745,37
1745,38
1745,39
1747,40
1748,33
1748,34
1752,33
1752,34
1754,35
1756,38
1756,40
1758,33
1758,34
1759,37
1759,39
1764,33
1764,34
1764,35
1764,38
1768,29
1769,6
1769,39
1770,34
1771,33
1772,24
1772,35
1772,36
1772,38
1773,17
1773,28
1773,31
1773,40
1774,9
1774,12
1776,27
1777,10
1777,19
1777,20
1777,22
1777,34
1777,37
1777,38
1778,18
1779,3
1779,4
1779,11
1779,21
1779,26
1779,33
1779,35
1779,39
1779,40
1780,23
1780,30
1780,32
1780,34
1781,5
1781,6
1781,13
1781,15
1781,25
1781,37
1782,31
1782,36
1782,38
1783,2
1783,30
1783,34
1783,39
1783,40
1784,8
1784,14
1784,16
1785,33
1787,34
1787,37
1787,39
1788,15
1788,17
1791,33
1791,34
1792,35
1793,39
1794,38
1794,40
1795,34
1797,37
1798,33
1799,34
1799,39
1803,34
1804,39
1806,33
1806,35
1807,34
1810,36
1810,38
1811,39
1812,34
1816,34
1817,38
1818,39
1819,33
1821,34
1821,35
1823,40
1824,38
1825,6
1825,39
1828,31
1828,34
1829,33
1831,30
1832,36
1832,39
1833,35
1833,38
1834,34
1836,13
1837,27
1839,23
1839,35
1840,34
1840,38
1841,1
1841,22
1841,33
1841,36
1842,39
1844,3
1844,24
1844,40
1845,5
1846,31
1846,35
1847,38
1847,39
1848,19
1848,34
1849,10
1849,37
1851,2
1851,40
1852,7
1852,35
1853,32
1853,33
1854,16
1854,30
1854,34
1854,38
1854,39
1855,37
1856,4
1856,6
1856,15
1859,35
1860,8
1860,9
1860,11
1860,31
1860,33
1860,34
1860,37
1861,36
1861,39
1862,14
1862,38
1863,12
1863,33
1866,34
1867,25
1868,35
1868,39
1869,18
1869,33
1869,38
1870,29
1871,37
1873,21
1873,31
1873,33
1875,34
1875,35
1876,39
1877,13
1878,36
1878,40
1880,34
1881,28
1881,33
1881,35
1882,38
1886,34
1886,40
1887,39
1889,33
1889,35
1891,5
1892,40
1894,34
1894,38
1895,39
1896,37
1897,20
1897,30
1899,4
1899,33
1900,34
1902,17
1902,26
1903,38
1903,39
1903,40
1905,31
1906,35
1907,2
1907,34
1907,36
1910,38
1911,16
1913,10
1913,22
1913,27
1914,3
1914,33
1914,40
1915,5
1915,6
1915,23
1915,34
1915,35
1916,39
1917,37
1917,38
1918,15
1918,19
1918,24
1918,30
1918,36
1920,33
1921,31
1921,34
1924,13
1925,34
1925,38
1926,39
1926,40
1927,33
1931,38
1932,33
1932,34
1933,35
1937,12
1938,38
1940,34
1942,37
1942,39
1943,40
1944,33
1944,35
1946,34
1949,6
1951,9
1951,32
1951,38
1951,39
1953,33
1953,36
1954,30
1954,31
1954,34
1954,35
1954,40
1955,37
1956,14
1956,21
1957,11
1958,8
1958,39
1959,25
1959,38
1960,33
1960,37
1961,5
1961,7
1961,15
1961,31
1961,34
1962,18
1962,23
1962,36
1963,40
1964,13
1964,22
1964,34
1964,35
1965,2
1965,17
1965,38
1965,39
1966,29
1966,33
1966,37
1967,20
1967,31
1969,34
1969,40
1970,30
1971,10
1971,36
1972,4
1973,35
1974,16
1974,27
1974,37
1974,39
1976,34
1977,33
1977,38
1980,35
1982,33
1984,37
1987,34
1988,38
1989,37
1990,1
1990,33
1990,39
1994,37
1995,33
1995,35
1996,39
1998,38
1999,37
2000,35
2000,40
2002,12
2002,33
2003,37
2005,36
2006,5
2006,33
2006,39
2007,34
2008,3
2008,35
2010,6
2011,34
2011,38
2012,28
2012,33
2012,37
2014,31
2014,40
2015,24
2015,33
2016,19
2016,26
2016,30
2017,34
2017,35
2017,39
2019,33
2020,9
2022,37
2022,39
2023,32
2023,33
2023,40
2024,34
2025,6
2025,35
2026,36
2028,15
2028,33
2028,39
2031,37
2032,34
2033,35
2034,33
2035,39
2036,13
2037,34
2037,37
2038,33
2039,38
2041,35
2043,2
2043,33
2044,34
2045,37
2046,36
2047,35
2047,38
2048,39
2049,33
2050,34
2053,38
2053,40
2057,34
2058,22
2058,33
2058,35
2059,10
2060,37
2060,38
2061,14
2062,5
2063,17
2063,33
2063,34
2063,39
2064,21
2065,31
2066,4
2066,27
2066,37
2066,40
2067,13
2067,15
2067,29
2067,35
2067,38
2068,16
2068,18
2068,23
2068,33
2068,36
2069,20
2069,34
2069,39
2070,11
2070,25
2070,31
2071,12
2072,8
2072,9
2072,33
2072,38
2073,2
2073,19
2073,30
2073,37
2074,3
2074,31
2074,40
2075,7
2075,22
2075,34
2076,33
2076,38
2076,39
2078,30
2078,35
2080,33
2082,6
2084,38
2085,33
2085,37
2086,1
2086,40
2089,26
2089,33
2091,39
2092,40
2093,34
2093,35
2093,38
2098,39
2099,33
2101,24
2101,37
2102,35
2103,34
2103,40
2106,39
2107,38
2109,36
2110,34
2110,40
2113,33
2113,37
2114,5
2118,35
2119,27
2119,33
2119,34
2121,28
2121,37
2121,38
2122,32
2124,30
2124,39
2125,34
2125,35
2126,10
2126,13
2126,33
2127,22
2127,40
2128,15
2129,6
2129,21
2129,31
2129,34
2129,36
2131,33
2132,35
2132,37
2132,39
2133,23
2133,38
2134,8
2135,17
2135,40
2136,4
2136,34
2137,33
2138,37
2139,38
2140,34
2141,32
2141,35
2142,29
2142,30
2144,25
2144,31
2144,34
2145,33
2146,36
2146,37
2146,40
2147,18
2147,24
2147,39
2148,38
2149,2
2149,12
2149,34
2150,20
2151,33
2151,35
2152,9
2153,3
2153,34
2153,38
2158,34
2158,39
2159,31
2159,35
2159,38
2161,16
2161,33
2162,36
2165,19
2165,34
2167,5
2168,33
2168,37
2168,39
2169,6
2170,14
2170,34
2170,38
2173,13
2174,33
2174,35
2176,34
2178,38
2183,15
2183,34
2184,33
2184,38
2184,39
2185,28
2186,4
2186,11
2187,40
2188,22
2189,37
2190,7
2190,36
2190,38
2191,23
2191,34
2191,39
2193,33
2194,30
2196,31
2196,39
2197,33
2197,38
2198,34
2199,35
2200,10
2202,39
2202,40
2203,6
2204,38
2205,27
2205,33
2207,35
2207,37
2209,21
2210,34
2211,3
2211,33
2212,38
2214,31
2214,39
2215,33
2215,40
2216,5
2219,33
2220,12
2220,34
2220,35
2220,38
2220,39
2222,30
2223,40
2224,2
2226,25
2226,29
2227,33
2228,34
2228,39
2229,1
2229,38
2229,40
2230,9
2230,37
2231,17
2232,18
2233,33
2233,34
2234,32
2234,38
2235,13
2235,37
2236,26
2237,39
2238,34
2238,35
2239,36
2240,6
2240,14
2240,37
2240,38
2241,19
2241,22
2242,20
2242,30
2242,33
2243,16
2244,10
2244,34
2244,37
2245,4
2246,8
2246,15
2246,26
2246,27
2246,31
2247,38
2247,39
2248,2
2248,24
2248,33
2248,37
2249,34
2249,35
2249,36
2250,31
2251,23
2253,38
2254,40
2256,33
2256,37
2257,35
2260,5
2261,34
2261,35
2262,37
2262,39
2263,38
2267,33
2267,35
2267,37
2270,38
2272,34
2272,37
2273,35
2276,33
2276,37
2276,38
2281,37
2281,38
2283,35
2285,33
2286,34
2286,37
2288,38
2292,7
2293,39
2295,11
2295,33
2295,34
2295,38
2295,40
2296,6
2296,22
2296,35
2296,36
2296,37
2297,13
2300,33
2301,30
2301,39
2302,34
2302,35
2302,37
2307,12
2307,38
2308,34
2308,36
2308,39
2309,17
2310,33
2313,34
2313,38
2313,40
2314,35
2315,29
2317,39
2318,21
2318,33
2318,37
2320,34
2321,38
2322,15
2322,35
2323,3
2323,9
2323,33
2324,39
2325,28
2325,34
2326,24
2328,10
2328,31
2328,33
2328,35
2329,20
2329,37
2329,39
2330,1
2330,27
2330,34
2330,38
2330,40
2331,4
2332,5
2332,19
2333,33
2333,36
2334,23
2334,25
2334,39
2335,30
2335,32
2335,35
2336,2
2336,34
2336,38
2337,16
2338,14
2339,33
2340,8
2340,18
2340,22
2340,39
2341,6
2341,34
2341,40
2342,35
2343,13
2343,37
2344,5
2344,33
2345,36
2345,39
2346,38
2348,34
2349,33
2350,35
2353,33
2353,34
2355,38
2355,39
2358,33
2358,40
2360,34
2360,35
2360,36
2364,33
2368,33
2368,40
2369,34
2369,38
2369,39
2370,35
2376,33
2376,34
2376,35
2376,36
2376,37
2379,31
2382,37
2382,39
2383,33
2383,34
2383,38
2384,35
2389,36
2390,31
2391,37
2392,33
2392,34
2393,35
2394,3
2394,5
2394,39
2396,34
2396,40
2397,30
2397,38
2398,10
2399,33
2399,35
2400,39
2402,15
2402,34
2404,13
2404,17
2404,24
2406,12
2406,34
2406,35
2407,2
2407,6
2407,21
2407,22
2407,26
2407,29
2407,36
2407,38
2408,4
2408,19
2408,32
2408,33
2409,20
2409,28
2409,31
2409,37
2409,39
2409,40
2410,16
2410,18
2410,23
2410,27
2410,30
2410,34
2411,7
2411,9
2411,11
2411,35
2412,8
2412,36
2412,38
2413,5
2413,10
2413,25
2413,33
2413,39
2414,22
2414,34
2415,3
2415,15
2415,26
2416,14
2416,35
2416,37
2417,30
2417,33
2417,34
2417,38
2417,39
2417,40
2419,13
2421,33
2422,34
2423,35
2423,39
2424,38
2425,1
2426,33
2428,40
2430,33
2430,34
2430,37
2430,39
2432,35
2435,33
2435,38
2437,36
2439,34
2440,33
2440,35
2442,38
2444,40
2446,37
2448,33
2449,35
2450,38
2451,39
2452,40
2453,37
2456,33
2458,34
2460,35
2461,38
2463,37
2465,33
2467,31
2468,37
2469,34
2469,39
2471,6
2471,38
2472,37
2474,33
2475,13
2475,18
2475,39
2476,34
2477,35
2477,37
2478,36
2478,38
2481,33
2481,34
2482,37
2484,40
2487,34
2489,33
2489,39
2490,35
2490,37
2491,32
2491,34
2492,5
2494,34
2494,40
2495,2
2495,15
2495,38
2496,39
2498,27
2498,30
2498,33
2499,23
2499,29
2499,34
2500,19
2500,22
2501,4
2501,21
2501,39
2502,3
2502,34
2502,35
2503,9
2503,10
2503,17
2503,24
2503,30
2503,31
2503,36
2503,40
2504,1
2504,20
2504,33
2504,38
2504,39
2505,12
2505,13
2505,26
2505,37
2506,8
2506,11
2506,16
2506,25
2507,14
2507,30
2507,34
2508,2
2508,28
2508,33
2508,38
2508,39
2509,6
2509,37
2509,40
2510,7
2510,15
2510,35
2511,31
2511,34
2511,36
2513,33
2513,37
2514,39
2518,38
2519,33
2519,34
2520,39
2521,35
2525,39
2526,34
2527,33
2528,40
2532,35
2533,33
2534,37
2534,39
2535,38
2535,40
2537,33
2538,34
2542,37
2542,40
2543,33
2546,39
2547,33
2549,34
2550,37
2551,38
2552,40
2554,33
2557,5
2557,37
2558,35
2559,39
2560,33
2561,31
2563,16
2563,37
2563,38
2565,34
2566,36
2567,10
2567,13
2567,18
2567,32
2567,33
2568,22
2569,20
2569,37
2570,27
2570,34
2571,4
2571,17
2571,19
2571,30
2571,31
2571,35
2572,24
2572,33
2572,40
2573,6
2573,23
2573,26
2573,36
2574,3
2574,5
2574,8
2574,34
2574,37
2574,38
2574,39
2575,2
2575,12
2576,9
2577,11
2577,15
2577,28
2577,30
2577,33
2577,34
2578,31
2578,32
2578,38
2578,39
2578,40
2579,21
2579,35
2579,37
2581,33
2583,25
2583,34
2585,14
2587,33
2587,39
2588,37
2589,34
2590,35
2594,38
2595,37
2596,33
2598,29
2598,34
2599,1
2601,37
2601,38
2602,40
2606,39
2607,33
2608,34
2608,37
2608,38
2611,36
2612,33
2616,34
2618,33
2618,38
2624,34
2624,39
2625,22
2625,33
2625,37
2626,36
2626,40
2627,6
2628,35
2631,33
2631,34
2633,31
2634,5
2634,39
2637,13
2637,33
2637,35
2638,34
2638,36
2638,38
2639,30
2640,2
2640,40
2641,10
2642,21
2643,3
2643,27
2643,39
2644,15
2644,33
2644,34
2644,38
2645,35
2647,8
2647,18
2647,23
2648,19
2649,17
2649,31
2650,9
2650,30
2650,33
2650,34
2650,37
2650,39
2651,4
2651,11
2651,20
2651,24
2651,25
2651,32
2651,38
2652,12
2652,22
2652,26
2652,28
2652,35
2652,40
2653,6
2653,7
2653,14
2653,16
2653,36
2654,38
2655,30
2655,34
2655,37
2655,39
2656,5
2656,13
2656,33
2657,4
2657,15
2657,23
2657,29
2657,31
2657,40
2659,38
2660,33
2660,34
2662,2
2662,39
2664,1
2664,31
2664,35
2666,33
2667,34
2667,38
2667,40
2669,10
2673,38
2674,40
2676,33
2676,39
2677,34
2679,35
2684,34
2684,39
2685,37
2689,38
2690,33
2690,34
2692,40
2693,37
2694,35
2695,38
2695,39
2697,34
2700,38
2701,39
2703,33
2705,34
2706,38
2707,40
2711,33
2712,34
2713,38
2714,39
2717,34
2719,36
2719,38
2721,33
2721,34
2722,35
2723,6
2726,34
2726,37
2726,38
2726,39
2727,3
2727,19
2729,31
2729,33
2731,5
2731,27
2731,34
2731,38
2732,33
2732,37
2732,39
2733,22
2735,21
2735,35
2736,30
2737,13
2737,33
2737,34
2737,37
2738,10
2738,15
2738,38
2738,39
2739,40
2740,36
2742,37
2743,12
2743,17
2743,33
2744,34
2745,29
2746,2
2746,8
2746,39
2747,33
2747,37
2747,38
2748,9
2748,34
2748,40
2750,35
2751,6
2752,31
2752,33
2752,38
2753,32
2754,37
2755,33
2755,34
2755,39
2756,5
2756,24
2757,25
2758,38
2759,30
2759,33
2759,34
2759,37
2760,35
2761,39
2763,34
2765,36
2766,33
2766,38
2768,16
2768,34
2768,37
2769,15
2769,40
2770,33
2772,34
2775,37
2776,35
2777,33
2778,34
2779,39
2780,37
2780,38
2781,33
2783,34
2787,33
2787,37
2790,13
2790,23
2790,33
2790,34
2790,36
2791,7
2792,35
2792,38
2793,20
2794,34
2795,33
2795,37
2797,2
2797,6
2798,33
2798,34
2799,38
2801,27
2802,33
2802,40
2803,18
2803,19
2804,34
2804,35
2805,37
2806,33
2806,38
2807,3
2807,4
2808,28
2808,31
2809,9
2809,11
2810,5
2810,22
2810,33
2810,34
2811,10
2811,39
2812,17
2812,30
2812,37
2812,38
2812,40
2813,8
2813,12
2813,35
2814,13
2814,20
2814,21
2814,33
2814,34
2815,15
2815,26
2816,36
2816,38
2816,39
2817,16
2818,1
2818,14
2818,29
2818,31
2818,34
2818,40
2819,33
2820,38
2821,24
2821,34
2821,36
2824,33
2825,34
2825,37
2825,38
2829,33
2829,34
2830,38
2831,39
2832,35
2833,37
2834,34
2835,33
2838,34
2839,35
2839,37
2841,38
2842,33
2845,39
2847,6
2847,34
2847,37
2848,38
2848,40
2849,33
2852,39
2853,33
2855,34
2855,35
2858,40
2859,33
2859,34
2860,37
2863,34
2864,39
2865,35
2867,33
2867,40
2868,37
2869,38
2870,34
2871,30
2873,33
2874,39
2875,15
2875,35
2875,38
2876,34
2877,5
2877,37
2879,9
2879,38
2880,33
2881,27
2881,31
2882,17
2882,39
2883,35
2884,10
2884,33
2884,34
2884,38
2884,40
2885,4
2885,22
2885,36
2886,2
2887,3
2887,11
2887,13
2887,32
2888,23
2888,38
2888,39
2889,21
2889,30
2889,34
2890,19
2890,36
2890,40
2891,5
2891,12
2891,14
2891,20
2891,33
2892,18
2892,31
2892,37
2892,38
2893,1
2893,8
2893,39
2894,24
2894,33
2895,40
2896,34
2897,25
2897,38
2898,30
2898,39
2899,22
2899,35
2900,29
2900,37
2902,33
2904,34
2904,38
2904,39
2905,35
2906,33
2910,33
2911,34
2911,37
2915,34
2917,33
2917,35
2917,38
2917,39
2919,6
2919,37
2921,34
2921,40
2925,33
2925,34
2926,39
2928,38
2929,26
2930,34
2932,28
2932,37
2933,31
2934,33
2935,34
2935,39
2936,35
2936,40
2937,38
2938,16
2939,36
2942,13
2942,39
2943,5
2943,40
2944,15
2944,33
2945,34
2946,2
2947,36
2947,38
2947,39
2948,3
2949,34
2950,33
2953,34
2954,35
2954,39
2955,33
2955,40
2959,34
2960,33
2961,6
2961,39
2964,34
2965,33
2968,9
2968,31
2968,34
2968,35
2969,33
2970,40
2971,38
2971,39
2973,36
2974,10
2974,19
2974,33
2974,34
2976,17
2978,32
2978,33
2978,34
2978,38
2979,30
2979,37
2980,27
2981,21
2982,24
2983,22
2983,23
2983,33
2984,11
2984,29
2984,34
2984,38
2984,39
2985,14
2985,15
2985,26
2985,35
2985,37
2985,40
2986,4
2986,7
2986,36
2987,31
2988,2
2989,8
2989,12
2989,33
2990,13
2990,37
2990,38
2991,16
2991,20
2991,34
2991,36
2992,35
2993,5
2993,18
2993,30
2993,40
2994,31
2994,33
2996,39
2997,5
2997,37
2997,38
2999,33
3001,38
3004,33
3004,34
3008,38
3009,37
3010,34
3012,33
3012,36
3013,6
3014,34
3014,35
3016,33
3019,34
3020,38
3020,39
3021,31
3021,33
3021,35
3024,25
3025,33
3025,34
3028,35
3028,40
3029,37
3030,30
3030,33
3031,3
3032,34
3034,6
3035,38
3036,33
3036,39
3037,34
3038,10
3039,36
3040,35
3041,38
3041,40
3043,27
3044,34
3045,19
3047,33
3047,38
3048,35
3048,37
3050,40
3051,34
3053,21
3053,32
3053,39
3055,33
3056,6
3056,23
3056,31
3056,36
3056,37
3057,13
3057,34
3057,40
3058,15
3058,22
3059,5
3060,8
3060,9
3060,30
3060,38
3061,2
3061,4
3061,17
3061,28
3061,33
3062,31
3062,34
3062,37
3062,39
3063,1
3063,14
3063,35
3064,12
3064,26
3064,38
3065,20
3066,10
3066,16
3066,34
3066,36
3066,40
3067,3
3067,13
3067,18
3068,33
3069,24
3069,29
3069,30
3070,39
3071,7
3071,11
3071,34
3071,37
3072,33
3073,35
3073,38
3074,27
3076,34
3078,37
3080,33
3080,34
3084,34
3084,39
3085,38
3086,33
3086,35
3089,34
3092,33
3092,38
3094,34
3097,37
3098,33
3100,34
3101,38
3102,5
3102,33
3102,40
3106,33
3106,35
3108,40
3109,34
3110,15
3110,36
3111,38
3112,37
3113,33
3114,35
3116,34
3118,22
3119,35
3120,33
3120,37
3120,38
3122,31
3122,34
3122,39
3123,2
3124,35
3125,6
3125,33
3125,38
3127,34
3128,35
3131,21
3131,33
3131,39
3132,35
3133,36
3133,38
3135,5
3136,13
3136,25
3136,40
3137,33
3137,34
3137,35
3138,37
3139,30
3139,39
3141,32
3142,35
3143,17
3143,19
3144,33
3144,34
3144,38
3144,40
3145,4
3145,10
3146,14
3146,15
3146,39
3147,11
3148,28
3148,37
3149,33
3149,35
3150,8
3150,30
3150,34
3151,20
3151,23
3151,26
3151,29
3152,36
3152,40
3153,9
3153,31
3153,38
3153,39
3154,12
3154,30
3154,34
3155,24
3156,27
3156,37
3157,3
3157,10
3157,18
3157,34
3157,35
3157,39
3158,7
3158,33
3158,38
3160,2
3161,22
3161,34
3163,35
3164,37
3165,1
3165,34
3165,36
3165,38
3167,33
3168,39
3169,16
3170,34
3172,33
3173,40
3174,35
3176,34
3177,38
3182,33
3182,34
3182,37
3183,40
3185,5
3187,34
3187,36
3188,39
3189,6
3189,35
3190,38
3191,40
3193,33
3193,34
3194,37
3196,38
3200,34
3200,37
3202,38
3203,31
3205,33
3208,15
3208,37
3208,39
3209,34
3209,38
3210,30
3210,35
3211,13
3211,33
3214,31
3217,38
3217,40
3218,33
3219,4
3219,36
3221,37
3221,39
3223,12
3224,32
3224,38
3228,17
3228,19
3228,21
3228,33
3228,34
3228,38
3229,25
3229,37
3230,2
3230,18
3230,29
3231,31
3232,22
3232,34
3232,38
3232,40
3233,3
3233,24
3233,33
3234,5
3234,7
3234,9
3234,13
3234,35
3235,10
3235,20
3235,37
3235,39
3236,27
3236,34
3236,38
3237,1
3237,11
3237,15
3237,16
3237,36
3238,35
3239,22
3239,23
3239,33
3240,30
3241,37
3241,38
3241,40
3242,8
3242,14
3242,36
3243,34
3244,31
3245,33
3248,34
3248,35
3249,38
3250,39
3251,37
3253,38
3254,6
3254,34
3256,37
3258,39
3259,38
3261,34
3263,35
3264,38
3265,33
3265,34
3266,26
3269,35
3269,36
3270,34
3271,39
3272,40
3273,38
3274,33
3274,34
3274,37
3276,35
3277,36
3279,34
3282,35
3282,39
3283,30
3283,33
3283,38
3284,34
3284,40
3285,37
3289,36
3290,37
3290,39
3291,34
3292,33
3293,38
3295,37
3296,35
3298,33
3299,34
3299,38
3301,37
3303,39
3305,35
3306,34
3308,19
3308,32
3308,39
3309,33
3309,38
3310,37
3311,28
3311,31
3311,34
3312,29
3313,30
3314,4
3314,24
3314,34
3315,10
3315,22
3316,5
3316,9
3316,13
3316,18
3316,20
3316,27
3316,33
3316,36
3316,38
3316,39
3316,40
3317,2
3317,3
3317,8
3317,15
3317,17
3317,21
3317,31
3317,35
3318,12
3318,23
3318,30
3318,34
3319,11
3319,33
3319,37
3320,10
3320,22
3320,31
3320,38
3320,39
3321,40
3322,6
3322,13
3322,34
3323,5
3323,14
3323,16
3324,35
3324,39
3325,25
3325,33
3325,34
3326,38
3331,37
3333,38
3334,33
3334,34
3336,36
3339,26
3339,37
3341,34
3342,33
3342,38
3342,40
3343,37
3344,39
3345,35
3348,37
3350,2
3351,33
3352,38
3352,39
3353,34
3356,35
3359,34
3359,37
3360,38
3362,33
3363,6
3363,39
3365,34
3370,37
3370,39
3371,33
3372,1
3373,30
3373,34
3373,35
3373,38
3376,33
3377,36
3378,32
3379,33
3380,24
3382,5
3382,27
3382,34
3382,39
3383,15
3383,33
3383,40
3384,19
3386,33
3386,35
3387,4
3387,11
3387,38
3388,34
3388,37
3389,12
3389,28
3389,29
3390,9
3391,7
3392,33
3392,34
3392,35
3393,3
3393,22
3393,31
3393,37
3393,38
3393,40
3394,13
3394,20
3394,25
3394,30
3394,39
3396,6
3396,36
3397,10
3397,17
3397,34
3398,16
3398,30
3398,31
3398,38
3399,8
3399,14
3399,18
3399,33
3399,39
3400,15
3401,2
3401,21
3401,23
3402,5
3402,36
3403,33
3403,34
3403,35
3403,40
3404,31
3405,38
3405,39
3410,34
3411,33
3411,39
3412,35
3415,34
3416,26
3418,39
3419,33
3421,34
3421,38
3426,34
3426,35
3426,38
3428,39
3429,36
3432,40
3434,33
3435,39
3436,34
3438,37
3439,6
3441,33
3441,34
3441,35
3441,38
3444,37
3445,31
3447,34
3447,39
3448,35
3448,38
3452,36
3452,37
3452,40
3454,33
3454,35
3458,37
3459,38
3460,34
3460,40
3461,33
3461,35
3462,27
3462,39
3463,32
3464,37
3465,33
3465,34
3466,35
3468,13
3469,36
3470,22
3471,34
3471,38
3471,40
3472,10
3472,33
3472,37
3474,30
3476,35
3476,39
3477,23
3477,24
3477,33
3478,34
3478,37
3479,17
3480,20
3480,33
3481,2
3481,11
3481,38
3481,40
3482,15
3482,16
3483,19
3483,33
3483,35
3484,4
3484,5
3484,6
3484,9
3484,12
3485,14
3485,34
3486,29
3486,31
3486,37
3486,39
3487,3
3487,18
3487,28
3487,33
3487,38
3488,1
3488,7
3488,8
3488,21
3488,22
3488,25
3488,26
3488,35
3488,40
3489,13
3489,30
3490,10
3490,32
3490,34
3490,37
3490,39
3491,31
3491,33
3491,35
3491,36
3491,38
3492,15
3492,27
3492,40
3495,33
3495,34
3496,5
3497,35
3497,37
3497,38
3500,33
3502,37
3504,34
3504,40
3505,38
3506,33
3507,35
3509,34
3513,33
3513,34
3514,40
3515,38
3517,39
3518,33
3520,34
3522,33
3522,37
3523,35
3524,39
3525,38
3527,33
3527,34
3529,40
3531,35
3532,37
3532,39
3533,33
3534,6
3536,35
3537,34
3539,33
3541,39
3543,31
3543,40
3544,35
3545,33
3545,37
3545,38
3548,39
3549,34
3549,36
3550,35
3550,37
3551,33
3556,37
3558,33
3559,35
3559,39
3561,30
3563,34
3564,9
3564,37
3564,40
3565,35
3566,6
3566,38
3566,39
3567,13
3567,25
3568,17
3569,21
3569,29
3569,33
3570,38
3571,2
3571,19
3571,34
3571,37
3572,1
3572,3
3572,16
3572,30
3573,12
3573,23
3573,32
3573,35
3574,4
3574,11
3574,15
3574,20
3574,22
3574,26
3574,27
3574,38
3574,39
3575,5
3575,8
3575,14
3575,24
3575,31
3575,34
3575,37
3575,40
3576,10
3576,18
3576,28
3576,33
3576,36
3577,2
3577,7
3577,30
3578,23
3578,39
3579,15
3579,22
3579,34
3579,35
3579,38
3580,9
3580,13
3580,17
3580,37
3582,31
3582,40
3583,33
3584,38
3585,37
3589,33
3591,37
3591,38
3593,39
3594,33
3596,34
3600,33
3600,35
3600,39
3601,38
3605,36
3606,39
3607,38
3608,33
3608,37
3609,40
3610,34
3613,35
3615,37
3615,38
3615,39
3618,33
3619,34
3621,31
3623,33
3623,34
3625,35
3625,37
3625,38
3626,39
3629,33
3629,34
3630,6
3631,36
3633,34
3633,38
3636,3
3636,19
3637,33
3637,39
3638,34
3638,37
3638,38
3639,30
3640,5
3642,38
3644,10
3644,27
3644,30
3644,37
3644,39
3645,4
3645,22
3645,33
3645,35
3646,13
3646,15
3646,16
3646,24
3647,34
3648,37
3648,38
3648,39
3649,12
3649,26
3649,33
3649,36
3650,2
3650,8
3650,28
3650,35
3650,40
3651,31
3653,33
3653,37
3654,29
3654,38
3654,39
3655,25
3655,32
3655,34
3656,21
3657,18
3657,31
3658,33
3659,35
3659,37
3661,34
3661,36
3661,38
3661,39
3662,5
3664,33
3666,37
3668,33
3668,38
3669,35
3671,34
3671,39
3672,33
3676,33
3676,34
3677,39
3677,40
3678,37
3680,35
3681,33
3682,36
3682,38
3683,37
3683,39
3685,33
3686,34
3690,33
3690,37
3692,34
3692,35
3693,17
3693,39
3695,6
3696,40
3697,33
3697,38
3698,20
3698,34
3698,35
3698,36
3699,9
3699,14
3702,11
3702,33
3702,37
3703,23
3703,31
3703,34
3704,10
3705,38
3705,39
3706,35
3708,13
3708,31
3708,34
3710,30
3710,33
3711,22
3711,24
3711,36
3713,2
3713,34
3713,38
3714,40
3715,39
3716,3
3716,27
3717,33
3717,35
3718,5
3719,32
3720,34
3721,15
3721,33
3721,40
3722,28
3723,1
3723,21
3723,38
3724,4
3724,19
3724,39
3725,33
3726,34
3727,6
3727,16
3727,30
3727,37
3728,38
3728,40
3729,36
3730,31
3730,33
3731,8
3731,25
3731,34
3732,12
3732,29
3732,39
3735,33
3735,38
3736,7
3736,34
3737,31
3737,39
3738,36
3741,30
3741,34
3742,33
3742,35
3742,39
3743,13
3743,40
3747,34
3748,39
3749,33
3753,5
3754,34
3754,35
3754,39
3756,2
3756,6
3756,33
3756,38
3759,36
3761,35
3762,33
3763,37
3764,26
3764,39
3766,33
3766,40
3768,35
3769,18
3771,39
3772,33
3773,37
3775,34
3776,40
3777,9
3777,33
3779,15
3779,35
3780,39
3781,13
3782,37
3783,34
3784,33
3785,10
3785,38
3786,17
3789,31
3789,34
3790,35
3792,16
3792,20
3792,24
3792,39
3793,29
3793,30
3793,33
3794,5
3794,14
3794,22
3794,23
3794,34
3794,38
3795,3
3795,27
3795,36
3796,4
3796,11
3796,32
3796,40
3797,12
3797,19
3797,31
3797,35
3798,2
3798,34
3798,39
3799,13
3799,15
3799,25
3799,33
3799,38
3800,30
3800,37
3801,21
3801,22
3802,31
3803,28
3803,34
3803,38
3804,33
3804,35
3805,10
3805,36
3807,8
3807,39
3808,37
3809,34
3810,33
3814,35
3814,38
3815,34
3817,6
3819,34
3819,39
3820,33
3820,37
3821,38
3824,34
3825,33
3826,38
3828,34
3829,35
3830,38
3831,33
3832,34
3836,35
3836,38
3837,34
3839,33
3841,35
3843,40
3844,34
3844,38
3846,37
3847,33
3848,35
3849,34
3849,39
3851,38
3854,34
3855,33
3856,35
3857,18
3857,39
3858,38
3859,37
3862,1
3862,33
3863,31
3864,34
3865,7
3865,9
3865,12
3865,38
3866,35
3866,37
3867,39
3867,40
3868,34
3872,2
3873,34
3873,38
3874,4
3874,13
3874,29
3874,33
3875,35
3876,3
3876,36
3876,40
3877,30
3878,5
3878,24
3879,27
3880,10
3880,16
3880,34
3880,38
3881,15
3881,20
3881,22
3881,26
3881,35
3881,39
3882,17
3882,19
3882,33
3882,36
3883,8
3883,31
3883,37
3884,2
3884,23
3884,28
3884,34
3885,11
3885,40
3886,6
3886,32
3886,33
3887,14
3887,30
3887,31
3887,38
3887,39
3888,21
3889,34
3891,33
3891,35
3892,25
3892,36
3892,39
3893,34
3893,38
3897,5
3897,33
3898,34
3899,38
3901,35
3902,39
3904,33
3904,34
3910,35
3911,33
3911,39
3912,34
3912,37
3912,40
3918,37
3918,38
3920,34
3921,33
3922,39
3923,35
3924,34
3925,38
3931,34
3932,37
3934,33
3934,38
3935,6
3937,30
3937,34
3937,39
3938,33
3939,31
3939,38
3941,26
3942,13
3942,33
3943,3
3943,35
3944,38
3945,18
3945,34
3946,10
3946,19
3947,22
3947,24
3947,33
3947,40
3948,15
3949,4
3949,27
3949,34
3949,38
3949,39
3950,5
3950,17
3950,29
3950,33
3950,36
3950,37
3951,9
3951,20
3953,2
3953,12
3953,35
3953,38
3954,11
3954,30
3954,33
3954,34
3956,37
3957,21
3957,22
3957,23
3957,38
3957,39
3958,13
3958,33
3959,34
3961,31
3962,36
3962,38
3965,33
3965,34
3966,7
3966,40
3967,16
3967,39
3969,33
3970,34
3971,6
3972,37
3973,38
3974,33
3974,36
3975,34
3976,35
3978,33
3981,33
3983,35
3983,38
3985,33
3985,34
3985,39
3990,33
3991,38
3995,33
3995,34
3996,28
3997,5
3998,36
3999,35
4000,25
4000,38
4000,40
4001,32
4003,30
4003,37
4004,1
4004,4
4004,33
4005,18
4007,10
4007,14
4007,15
4007,34
4007,39
4008,5
4008,27
4008,35
4008,38
4009,9
4009,17
4010,12
4010,23
4010,33
4011,2
4011,13
4011,29
4011,31
4011,40
4012,3
4012,22
4012,34
4012,36
4013,8
4013,19
4013,20
4013,21
4013,30
4013,38
4013,39
4015,6
4015,11
4015,35
4015,37
4016,26
4016,31
4016,33
4016,40
4017,38
4018,34
4020,10
4022,37
4022,38
4027,24
4027,35
4028,33
4028,37
4030,38
4031,16
4031,34
4032,33
4032,39
4036,40
4037,33
4039,34
4040,37
4042,33
4045,35
4046,34
4047,33
4047,38
4050,39
4053,33
4053,37
4054,34
4055,38
4056,39
4059,34
4060,33
4061,31
4061,35
4062,38
4064,36
4064,39
4065,33
4066,34
4069,6
4071,31
4071,33
4072,34
4072,38
4072,40
4073,5
4073,35
4073,39
4074,32
4075,3
4076,13
4078,15
4078,19
4078,33
4079,28
4079,34
4079,36
4079,39
4080,1
4080,30
4080,40
4081,4
4081,22
4081,35
4082,33
4082,38
4083,6
4084,2
4084,9
4084,37
4084,39
4085,29
4086,23
4086,34
4087,12
4087,17
4087,27
4087,33
4088,8
4088,25
4088,35
4089,30
4089,31
4090,11
4090,37
4090,38
4090,39
4091,10
4091,13
4091,20
4091,26
4091,34
4091,40
4092,33
4093,35
4094,21
4095,7
4096,24
4097,33
4097,40
4098,16
4098,35
4098,37
4098,39
4099,34
4099,36
4099,38
4100,5
4102,33
4104,38
4106,34
4106,39
4107,35
4108,33
4111,38
4111,39
4112,35
4113,33
4115,40
4116,34
4120,39
4121,33
4121,35
4121,38
4122,34
4122,37
4124,40
4127,34
4127,39
4128,35
4130,38
4134,34
4135,14
4135,39
4136,33
4136,35
4136,38
4137,37
4138,6
4140,34
4140,36
4142,31
4142,33
4143,15
4144,22
4144,38
4145,34
4145,40
4146,2
4147,33
4147,35
4148,39
4149,37
4151,4
4151,38
4153,34
4155,37
4157,34
4158,33
4158,38
4160,35
4161,37
4162,34
4164,39
4165,18
4166,5
4166,34
4168,33
4168,37
4169,35
4169,36
4170,10
4170,19
4170,27
4170,30
4170,34
4171,1
4171,32
4172,13
4172,17
4172,40
4173,30
4173,34
4173,39
4174,20
4174,21
4174,37
4175,3
4175,11
4175,23
4176,4
4176,8
4176,15
4176,16
4176,24
4176,25
4176,33
4176,36
4177,9
4177,12
4177,14
4177,26
4177,28
4177,31
4177,34
4177,38
4177,40
4178,2
4178,6
4178,22
4178,39
4179,20
4179,33
4179,35
4179,37
4180,7
4180,30
4180,34
4181,13
4181,18
4181,31
4181,32
4181,40
4182,5
4183,38
4184,3
4184,10
4184,23
4184,33
4184,34
4184,35
4185,29
4185,37
4185,39
4188,34
4188,36
4189,33
4190,35
4192,38
4194,33
4196,34
4200,35
4200,38
4201,37
4201,39
4204,33
4205,34
4211,35
4211,39
4212,34
4214,33
4216,38
4218,6
4219,33
4221,34
4221,36
4223,35
4223,40
4224,33
4228,33
4229,34
4230,35
4231,39
4234,33
4235,37
4235,38
4237,34
4238,25
4238,35
4239,33
4240,2
4240,39
4241,38
4244,33
4244,40
4245,15
4245,34
4249,17
4249,33
4249,39
4250,38
4252,33
4252,35
4253,34
4254,12
4254,29
4254,37
4256,9
4256,24
4257,19
4257,31
4257,33
4257,34
4257,40
4258,35
4258,39
4259,13
4259,22
4259,36
4261,33
4261,38
4262,11
4262,26
4262,37
4263,8
4263,27
4263,30
4264,33
4265,34
4265,39
4266,2
4267,10
4267,35
4267,38
4269,15
4269,33
4271,5
4271,31
4271,34
4271,40
4272,21
4274,33
4274,37
4274,39
4276,4
4276,35
4276,38
4277,3
4279,16
4279,28
4279,36
4280,34
4281,31
4281,33
4281,38
4282,40
4283,5
4285,20
4285,32
4286,18
4288,14
4288,30
4288,33
4288,34
4288,37
4289,1
4289,23
4290,38
4290,39
4290,40
4291,36
4292,6
4294,13
4295,33
4296,34
4299,38
4301,30
4302,37
4304,26
4304,33
4304,40
4305,35
4305,39
4307,34
4307,38
4310,17
4312,38
4314,33
4314,34
4315,30
4316,27
4317,35
4317,39
4318,6
4318,22
4319,37
4319,38
4322,33
4323,34
4323,36
4324,31
4325,35
4326,40
4327,38
4328,5
4329,19
4330,37
4331,25
4331,38
4332,33
4333,7
4335,31
4335,32
4335,34
4335,38
4336,37
4337,4
4338,15
4338,18
4338,33
4338,35
4339,9
4340,38
4340,39
4341,12
4342,2
4342,37
4343,33
4343,34
4343,36
4344,30
4345,29
4345,38
4345,40
4347,21
4347,24
4349,3
4349,10
4350,34
4350,37
4350,38
4350,39
4351,8
4351,33
4351,35
4351,40
4352,36
4353,20
4357,37
4357,40
4358,33
4358,34
4358,38
4362,34
4363,33
4363,37
4366,35
4366,38
4367,33
4367,34
4367,39
4372,13
4372,34
4372,37
4372,38
4373,33
4376,34
4377,33
4379,37
4380,38
4382,33
4382,34
4382,35
4382,39
4388,34
4388,37
4390,33
4390,38
4390,39
4392,34
4393,35
4395,31
4398,33
4398,34
4399,16
4399,38
4399,39
4400,5
4400,10
4400,37
4401,22
4401,24
4401,28
4401,35
4402,40
4403,17
4403,33
4404,27
4404,30
4404,34
4404,38
4405,15
4405,37
4405,39
4406,4
4406,6
4406,13
4406,35
4407,1
4407,19
4408,33
4408,38
4409,11
4409,23
4409,26
4409,34
4410,9
4410,37
4411,14
4411,29
4411,31
4411,32
4411,36
4412,2
4413,30
4413,38
4413,39
4413,40
4414,8
4414,18
4414,20
4414,21
4414,33
4414,34
4414,35
4415,3
4415,22
4415,36
4418,38
4419,33
4420,34
4420,37
4420,39
4420,40
4421,15
4421,25
4421,35
4425,34
4426,33
4426,38
4427,37
4427,39
4429,34
4429,35
4434,34
4435,33
4435,36
4436,38
4439,33
4440,35
4441,12
4444,5
4444,33
4444,34
4444,38
4445,37
4446,6
4446,40
4447,39
4448,35
4449,33
4449,34
4451,38
4454,37
4455,33
4456,34
4457,7
4457,38
4459,37
4460,35
4462,39
4463,31
4463,33
4463,34
4463,36
4464,38
4466,37
4470,35
4470,37
4470,38
4471,34
4471,39
4472,33
4474,13
4475,34
4476,33
4477,39
4479,37
4479,38
4480,35
4483,33
4483,34
4483,38
4484,39
4486,10
4487,33
4487,35
4490,37
4490,39
4491,29
4492,27
4493,6
4493,33
4493,34
4493,40
4494,35
4494,38
4495,25
4497,2
4497,9
4497,24
4497,30
4498,33
4498,39
4499,11
4499,17
4499,34
4500,3
4500,15
4500,35
4500,37
4501,8
4501,19
4501,21
4501,26
4502,1
4502,20
4502,33
4502,38
4503,12
4503,22
4503,31
4503,32
4503,36
4503,40
4504,4
4504,14
4504,16
4504,23
4504,34
4504,39
4505,5
4505,28
4505,37
4506,2
4506,30
4506,35
4507,33
4507,36
4508,13
4508,38
4508,40
4509,6
4509,31
4511,34
4512,10
4512,18
4512,38
4513,33
4516,39
4517,31
4519,33
4519,35
4519,38
4524,39
4524,40
4525,5
4526,33
4526,38
4529,34
4532,35
4535,33
4535,38
4536,36
4542,38
4543,35
4543,36
4543,37
4544,34
4545,33
4545,40
4548,37
4549,33
4550,38
4551,35
4553,31
4554,33
4555,38
4555,39
4557,37
4558,36
4559,33
4559,38
4562,33
4562,34
4565,37
4565,38
4567,33
4568,15
4569,30
4569,35
4571,27
4571,33
4572,34
4572,37
4572,38
4575,33
4575,35
4576,3
4576,22
4576,39
4577,12
4577,40
4580,9
4580,37
4580,38
4580,39
4581,11
4581,13
4581,34
4582,31
4582,33
4583,35
4584,23
4584,38
4585,10
4585,29
4585,30
4586,7
4586,33
4587,24
4588,17
4588,25
4588,38
4589,34
4589,35
4589,36
4590,5
4591,20
4591,26
4591,32
4591,33
4592,6
4592,16
4592,21
4592,30
4592,38
4592,39
4592,40
4593,2
4593,19
4594,4
4595,14
4595,15
4595,33
4595,34
4595,35
4596,8
4596,18
4596,28
4597,27
4597,36
4597,38
4598,1
4598,13
4599,5
4599,31
4599,34
4600,33
4600,35
4600,37
4600,40
4601,22
4602,38
4603,39
4605,36
4606,33
4607,34
4609,35
4610,37
4610,38
4615,34
4616,38
4619,35
4621,34
4622,33
4622,37
4622,39
4623,36
4624,6
4626,34
4630,31
4630,33
4632,36
4632,38
4633,34
4633,35
4634,33
4635,37
4635,39
4637,40
4639,33
4641,34
4644,33
4644,37
4645,35
4645,38
4647,34
4649,33
4650,38
4653,37
4655,33
4656,38
4657,34
4658,37
4658,39
4659,12
4661,5
4661,33
4662,31
4662,35
4662,37
4663,34
4664,2
4664,29
4664,39
4665,38
4666,34
4667,3
4667,40
4668,15
4668,37
4669,13
4669,16
4670,22
4670,30
4670,33
4670,38
4671,10
4671,34
4671,39
4672,4
4673,31
4673,35
4673,37
4674,24
4675,9
4675,23
4675,27
4675,36
4675,38
4676,32
4676,34
4677,8
4677,17
4677,18
4677,33
4678,20
4679,21
4679,34
4679,37
4679,39
4680,19
4680,26
4680,30
4681,33
4681,35
4681,38
4681,40
4682,11
4682,14
4682,25
4683,34
4685,31
4685,33
4685,37
4687,6
4687,38
4687,39
4688,34
4690,33
4692,38
4693,34
4695,33
4695,38
4697,34
4699,5
4699,38
4700,33
4700,39
4701,34
4703,35
4705,38
4706,34
4706,39
4707,33
4710,36
4712,33
4712,34
4712,38
4716,40
4719,33
4719,38
4720,34
4721,37
4721,39
4725,38
4726,33
4726,35
4726,39
4729,34
4730,38
4734,39
4735,34
4735,38
4736,1
4736,33
4738,7
4738,28
4740,3
4740,34
4740,35
4740,36
4740,38
4741,12
4741,40
4742,16
4743,22
4743,33
4743,39
4744,6
4744,32
4745,13
4746,4
4746,34
4747,2
4747,15
4747,30
4747,33
4747,37
4747,38
4748,10
4748,31
4748,39
4749,5
4749,8
4749,9
4749,14
4749,23
4749,35
4751,17
4751,34
4751,38
4751,39
4752,21
4752,24
4752,27
4752,33
4753,11
4753,20
4753,25
4753,40
4754,31
4754,36
4756,26
4756,29
4756,33
4756,38
4757,15
4757,19
4757,35
4757,39
4758,18
4758,34
4759,33
4759,37
4759,40
4761,2
4763,33
4764,35
4765,38
4766,40
4767,33
4770,37
4771,39
4772,33
4772,35
4773,34
4775,38
4778,33
4779,40
4781,34
4781,37
4784,33
4784,35
4784,39
4790,35
4790,38
4791,6
4791,34
4793,33
4794,36
4795,35
4796,40
4797,31
4798,33
4798,34
4799,39
4802,30
4804,34
4804,35
4805,5
4805,33
4806,38
4809,13
4810,33
4811,35
4811,38
4812,34
4816,22
4816,33
4816,34
4817,38
4818,39
4819,35
4820,27
4821,33
4821,37
4822,34
4824,35
4825,33
4826,36
4826,38
4827,31
4827,40
4828,10
4828,33
4829,37
4831,34
4831,35
4831,39
4832,33
4833,2
4833,38
4836,33
4837,3
4837,35
4838,38
4841,33
4842,38
4843,5
4843,24
4844,28
4844,34
4845,12
4845,35
4846,15
4846,38
4846,39
4847,4
4847,6
4847,19
4847,33
4847,37
4848,20
4848,30
4849,40
4850,9
4850,16
4850,17
4850,22
4850,31
4850,34
4851,32
4852,1
4852,11
4852,26
4852,29
4852,30
4852,33
4853,8
4853,13
4853,14
4853,21
4853,31
4853,36
4853,37
4853,38
4853,39
4854,4
4854,18
4854,23
4854,34
4854,35
4854,40
4855,5
4855,10
4855,25
4855,33
4856,2
4856,7
4856,27
4856,30
4857,34
4857,38
4858,15
4858,35
4858,39
4859,13
4859,33
4861,34
4862,38
4863,33
4865,22
4866,34
4867,35
4867,39
4868,6
4868,38
4869,33
4869,40
4874,34
4874,37
4874,38
4875,33
4875,39
4880,39
4881,34
4882,38
4885,35
4887,38
4887,39
4887,40
4888,33
4892,33
4893,34
4893,35
4894,37
4895,38
4896,40
4897,39
4899,33
4902,34
4904,35
4905,33
4906,40
4907,34
4910,39
4912,3
4912,37
4913,34
4914,33
4914,35
4914,40
4917,38
4918,30
4918,31
4920,39
4922,24
4922,34
4923,21
4923,33
4923,36
4924,8
4924,40
4925,15
4925,18
4925,19
4925,23
4925,29
4926,14
4926,30
4927,5
4927,33
4927,34
4927,35
4927,37
4928,6
4928,27
4928,31
4928,38
4928,39
4929,4
4929,13
4929,17
4929,32
4930,2
4930,9
4930,10
4930,12
4930,22
4930,25
4931,1
4931,11
4931,26
4931,33
4931,34
4931,36
4931,40
4932,16
4932,20
4932,35
4933,30
4933,38
4933,39
4934,21
4934,31
4934,33
4934,37
4935,3
4935,13
4935,28
4935,34
4937,15
4937,34
4938,40
4939,33
4939,38
4940,5
4940,34
4940,35
4940,37
4941,22
4944,31
4944,33
4944,39
4945,34
4945,35
4946,37
4948,40
4949,34
4950,37
4952,33
4953,34
4954,35
4956,37
4957,33
4957,34
4958,38
4963,33
4963,34
4965,35
4967,37
4970,34
4972,33
4972,38
4973,40
4978,33
4980,34
4980,37
4980,39
4981,35
4982,36
4984,18
4985,34
4987,33
4988,37
4988,38
4988,40
4989,6
4989,34
4989,39
4992,34
4993,5
4993,17
4993,35
4996,19
4996,32
4996,33
4996,39
4997,34
4997,36
4997,38
4998,10
5000,2
5000,35
5000,40
