8,21
8,33
9,5
9,24
9,34
10,7
10,10
10,26
10,30
10,36
11,4
11,9
11,15
11,17
11,18
11,22
11,37
11,39
12,2
12,6
12,8
12,11
12,12
12,16
12,25
12,28
12,29
12,38
12,40
13,1
13,3
13,13
13,19
13,20
13,23
13,27
13,30
13,31
13,32
13,33
13,35
14,14
14,15
14,18
14,34
14,37
14,39
15,2
15,4
15,5
15,8
15,9
15,16
15,17
15,22
15,26
15,40
16,3
16,10
16,21
16,25
16,29
16,30
16,31
16,33
16,36
17,20
17,28
17,34
17,35
17,37
18,7
18,11
18,38
18,39
18,40
19,1
19,8
19,18
20,9
20,19
20,30
21,22
21,23
21,24
21,33
21,36
22,34
22,35
22,39
25,14
26,37
26,40
27,39
28,34
28,36
34,35
35,34
36,36
36,39
39,33
39,37
40,35
40,40
41,34
41,39
44,36
46,39
48,35
51,34
52,39
54,33
54,35
55,37
55,40
56,34
59,35
61,37
61,39
61,40
62,34
62,35
63,33
67,35
68,39
69,37
71,33
71,35
71,36
72,34
75,30
76,35
77,40
78,37
80,35
80,39
82,14
82,33
82,34
83,32
85,35
85,36
85,38
85,40
87,37
89,3
89,33
89,39
90,35
91,22
93,40
95,37
96,33
96,35
97,36
98,2
98,22
99,30
99,38
100,35
101,34
102,11
102,33
102,40
103,20
104,39
105,13
105,35
105,37
107,36
108,25
108,35
109,4
110,15
110,39
111,3
112,35
113,28
113,33
113,37
113,40
114,16
114,34
115,1
115,6
116,35
116,36
116,39
118,23
119,27
120,35
121,33
121,34
122,39
123,9
123,12
123,31
123,37
124,22
124,40
125,35
125,38
127,8
127,14
129,5
129,33
129,34
129,35
129,36
130,17
130,39
131,26
131,30
132,18
132,22
132,38
133,7
133,34
134,21
134,24
135,28
135,30
135,35
135,37
135,39
136,33
136,40
137,10
137,18
139,29
139,34
140,19
140,20
140,36
141,35
141,39
141,40
142,30
142,37
142,38
143,9
143,18
143,34
144,33
147,34
147,35
147,40
149,36
150,33
152,34
152,37
152,40
154,32
154,39
155,35
156,33
158,36
160,2
160,34
160,37
160,40
162,15
164,40
165,33
165,38
165,39
166,2
166,37
167,1
167,34
169,35
171,36
171,37
172,11
172,16
172,39
173,34
173,40
175,35
176,4
176,37
177,33
177,39
179,3
181,37
181,39
181,40
183,25
183,34
184,30
185,37
186,22
186,28
186,33
186,35
186,39
189,34
189,37
190,40
191,18
191,30
192,39
194,33
194,34
194,35
195,17
195,37
196,23
196,30
196,39
197,5
198,36
200,26
200,31
200,34
200,39
201,35
201,37
203,33
203,40
204,7
206,6
206,30
207,36
207,39
208,3
208,19
208,35
209,34
210,10
210,37
210,40
212,9
212,33
212,39
213,34
215,15
217,8
217,37
217,39
218,33
218,34
218,36
218,38
218,40
219,35
220,24
222,2
222,29
223,14
224,20
224,33
224,34
224,39
225,35
225,36
225,40
226,27
226,37
227,3
227,30
230,11
231,18
231,32
231,33
231,34
231,35
231,37
231,40
232,1
232,4
232,16
232,22
233,28
233,36
233,39
234,33
235,15
235,25
235,37
236,13
236,34
236,40
237,30
239,35
240,23
240,34
241,37
242,22
242,40
244,21
244,35
245,12
245,34
246,33
246,37
248,2
248,34
248,40
251,37
252,34
252,35
252,40
253,36
256,2
256,34
258,33
258,37
259,35
259,40
262,34
263,40
266,35
267,33
267,37
267,39
269,34
269,38
271,36
271,40
275,35
276,40
280,33
280,36
281,34
282,37
282,40
284,1
285,31
286,35
287,30
287,36
288,14
289,33
289,37
290,8
291,17
291,38
291,40
292,34
293,36
294,7
294,9
294,22
294,35
295,6
295,19
297,3
297,5
297,13
297,20
297,30
297,34
297,39
297,40
298,18
298,26
298,35
299,16
299,27
299,28
299,33
299,37
300,4
300,15
300,22
300,24
301,23
301,29
301,30
301,36
302,3
302,9
302,10
302,21
302,25
302,31
302,37
302,39
302,40
303,2
303,34
304,11
304,18
304,30
304,33
304,38
305,17
305,36
305,40
306,1
306,35
307,14
307,37
308,32
308,33
309,28
311,35
311,40
312,39
313,33
313,36
315,34
315,38
315,40
316,35
320,40
321,35
324,33
325,37
325,38
325,40
327,36
329,34
330,35
330,40
333,33
335,38
336,40
337,37
339,33
340,22
340,35
341,2
341,39
341,40
342,37
344,33
348,36
348,40
349,37
352,33
353,38
353,40
355,1
356,37
358,35
359,34
360,40
361,30
361,36
362,8
362,39
364,33
364,37
366,34
366,40
367,28
367,35
368,4
368,5
369,15
369,36
370,37
371,20
371,40
372,33
373,38
373,39
374,35
376,27
377,30
377,39
378,35
378,40
379,33
380,37
381,10
381,36
382,3
382,34
382,39
384,11
384,40
385,7
385,35
385,37
386,33
387,16
387,38
388,22
388,26
388,39
389,37
390,25
390,32
390,34
391,30
392,36
393,6
393,17
393,19
393,33
393,35
393,40
394,9
394,13
394,31
394,37
394,38
395,23
395,39
396,18
396,21
396,34
397,1
397,8
397,14
398,33
398,35
398,40
399,38
400,24
400,34
400,36
401,15
401,29
401,37
402,16
402,39
403,18
403,20
403,30
404,35
404,40
405,34
405,37
406,38
407,3
408,33
409,12
409,40
410,34
410,39
412,35
413,40
416,4
416,37
417,34
417,35
417,36
417,40
418,38
419,39
420,33
423,40
425,34
426,35
426,39
427,37
427,40
428,2
429,28
431,38
432,33
432,34
432,37
432,40
433,39
434,2
437,36
437,40
439,37
439,39
440,2
440,11
440,33
440,34
441,27
442,40
444,35
445,34
445,37
447,1
447,33
450,36
451,22
451,40
453,38
454,33
454,34
454,35
457,22
458,39
459,14
459,34
460,40
461,33
461,37
462,35
462,36
463,31
464,18
464,34
465,9
468,3
468,35
468,37
468,38
468,40
469,6
469,15
469,33
469,34
469,39
470,25
470,30
472,23
472,40
473,5
473,8
473,34
474,7
474,37
474,39
475,4
475,19
475,33
476,26
476,36
476,40
477,20
477,34
477,35
478,17
478,18
479,28
479,37
480,16
480,30
480,33
480,40
482,35
483,1
483,34
483,36
483,38
483,39
484,24
485,22
485,33
486,40
488,34
488,36
488,39
489,35
491,33
491,37
492,40
494,39
496,32
496,33
497,35
498,36
498,39
498,40
500,33
501,34
501,37
503,40
504,39
505,35
506,37
508,22
508,39
508,40
509,33
511,36
512,39
512,40
513,11
513,34
515,37
516,9
516,35
517,33
517,36
517,39
517,40
521,34
521,37
522,29
522,40
523,35
524,33
525,36
526,37
526,39
527,40
530,34
532,15
532,30
533,33
533,37
534,10
534,35
534,40
535,39
536,27
536,34
537,28
537,36
538,2
538,4
538,21
538,37
539,30
539,40
540,13
540,33
541,12
541,34
541,35
541,37
543,14
543,25
543,31
543,38
543,39
544,3
544,5
544,17
544,18
545,35
545,40
546,33
546,37
547,6
547,8
547,20
547,24
547,36
548,7
548,16
548,30
548,34
548,39
549,15
549,19
550,1
550,22
550,40
551,9
551,23
551,37
552,26
552,32
552,39
553,28
553,33
553,34
553,36
554,2
554,30
554,40
555,35
555,38
557,37
558,40
559,34
559,39
562,37
563,36
564,34
564,40
568,34
568,35
569,33
569,40
570,37
571,39
572,2
573,11
573,40
574,34
576,36
576,37
577,33
577,35
578,3
578,40
581,34
582,22
582,40
583,33
584,35
585,37
587,34
588,35
589,40
591,22
592,35
593,33
593,37
595,40
596,34
596,35
596,36
596,39
598,30
599,33
600,35
602,40
603,37
604,33
604,35
605,36
605,39
607,30
609,35
609,39
610,33
612,40
613,15
613,39
614,4
615,23
616,33
616,35
616,40
617,37
617,38
618,14
618,39
619,25
619,28
619,36
620,1
620,10
621,18
622,16
622,17
622,33
622,35
622,39
622,40
623,13
623,20
623,32
624,3
624,9
624,31
624,34
624,38
625,5
625,8
625,19
625,21
625,37
626,29
626,30
626,33
626,36
626,39
626,40
627,7
627,11
627,35
628,18
628,24
628,26
629,22
630,4
630,15
630,34
630,37
630,39
630,40
631,30
631,35
632,33
632,38
633,6
633,27
634,9
634,39
635,35
635,36
637,39
637,40
640,33
640,35
640,39
641,34
643,40
644,39
648,33
648,35
648,39
650,36
650,37
651,40
652,38
652,39
655,33
657,39
658,35
658,38
658,40
660,34
661,33
661,39
663,35
664,36
665,34
665,37
665,39
666,33
669,40
670,33
670,35
670,36
672,39
673,34
674,33
674,37
678,36
679,38
679,40
680,33
680,35
682,1
682,39
683,34
684,2
684,40
685,33
688,36
688,37
689,34
689,40
692,33
694,11
694,30
694,35
695,2
696,22
696,39
697,33
697,40
698,12
698,31
698,37
700,3
700,14
700,16
700,34
701,8
701,36
701,38
702,17
702,23
702,28
702,35
703,13
703,15
703,18
703,20
703,22
703,40
704,5
704,7
704,9
704,29
704,30
704,33
705,21
705,25
705,26
705,37
705,39
706,1
706,2
706,10
706,32
706,35
706,40
707,3
707,18
707,19
707,24
707,31
707,34
707,38
708,16
708,28
708,30
708,36
709,4
709,20
709,22
709,33
709,37
709,39
709,40
710,17
711,34
712,35
713,6
713,8
713,9
713,14
714,37
716,39
717,33
717,35
717,36
717,40
719,34
720,38
722,35
726,35
726,39
727,34
728,37
728,40
730,33
732,39
734,35
737,37
738,27
738,34
738,39
739,36
740,33
742,35
743,34
744,40
746,37
750,33
750,35
750,36
752,40
753,22
753,34
753,37
754,38
757,11
758,34
759,33
759,37
761,40
763,2
763,36
763,39
764,28
766,1
766,4
766,35
767,33
767,37
767,40
768,38
769,25
769,34
769,39
770,36
771,30
772,35
774,34
776,3
777,33
777,35
777,36
782,18
783,23
783,34
783,35
783,39
783,40
784,15
784,37
785,13
785,32
785,33
787,20
787,36
787,38
789,30
790,2
790,21
790,40
791,22
791,37
791,39
792,17
792,19
792,31
792,34
792,35
793,1
793,6
793,16
793,24
793,36
794,9
794,10
794,29
794,30
794,33
795,3
795,5
795,35
795,40
796,4
796,7
796,8
796,14
796,27
796,34
796,37
796,39
797,26
797,36
797,38
798,18
799,35
800,11
800,12
800,22
800,28
800,34
800,40
802,15
802,33
802,35
802,39
803,30
803,37
806,36
808,33
808,35
809,34
814,36
816,33
816,35
816,38
818,34
822,40
823,35
823,36
823,39
824,34
826,37
828,33
831,38
832,36
832,37
832,40
833,39
834,35
835,34
837,33
840,39
841,34
841,37
842,38
842,40
843,36
844,35
845,33
848,39
849,34
850,36
852,33
852,35
853,38
853,40
859,33
859,34
859,36
859,37
859,39
860,35
860,38
860,40
861,25
864,30
864,35
866,36
866,39
868,33
870,9
870,20
870,34
871,13
871,35
871,40
872,3
872,23
873,37
873,38
874,11
874,14
874,30
875,1
875,2
875,15
875,18
875,33
876,10
876,17
876,22
876,34
876,35
876,36
876,39
876,40
877,8
877,16
877,29
877,31
878,19
878,37
879,4
879,20
879,33
880,9
880,34
880,38
881,6
881,24
881,26
881,30
881,36
881,39
881,40
882,5
882,7
882,12
883,32
883,35
884,21
884,27
884,37
885,3
885,22
885,28
885,30
885,36
885,40
886,2
886,18
887,33
887,34
888,4
888,38
889,35
889,37
889,40
891,15
891,36
892,31
892,39
895,33
895,35
896,36
896,38
896,40
899,35
899,37
901,39
904,35
906,34
906,39
907,33
907,36
909,35
909,37
909,40
915,35
916,33
916,39
918,34
919,36
922,1
922,35
922,40
923,37
926,13
927,22
929,38
930,30
930,33
930,34
930,35
930,36
931,18
933,37
935,39
935,40
936,16
937,36
938,33
938,35
939,34
940,30
943,36
943,39
945,34
945,40
946,30
946,37
947,35
950,2
950,11
951,36
953,3
953,28
953,35
954,39
954,40
955,25
955,34
955,37
956,22
957,33
958,15
958,38
960,17
960,34
960,37
960,40
961,8
961,19
961,35
962,4
962,36
963,23
964,34
964,39
965,40
966,33
966,35
966,38
967,22
967,37
968,20
971,26
971,35
971,40
972,1
972,34
973,7
973,9
973,14
974,2
974,30
974,36
974,39
975,29
975,35
976,5
976,6
976,13
976,24
976,33
976,40
977,18
977,34
977,37
977,38
978,30
978,31
979,21
979,35
979,36
979,39
980,3
980,10
980,40
981,33
981,34
983,32
983,39
984,15
984,35
986,33
986,36
987,35
987,37
987,40
988,39
991,35
993,39
995,33
995,35
995,37
995,40
996,34
996,36
1001,35
1002,33
1002,34
1002,39
1002,40
1007,35
1008,36
1008,38
1009,40
1010,39
1012,33
1015,39
1016,35
1017,40
1018,1
1018,30
1018,34
1018,37
1019,39
1021,16
1021,33
1021,35
1022,11
1023,39
1026,9
1026,22
1026,35
1026,37
1027,27
1027,39
1028,4
1028,33
1029,40
1030,12
1030,25
1030,34
1031,3
1031,36
1031,37
1031,38
1032,26
1033,14
1033,34
1033,35
1033,39
1034,8
1034,20
1035,5
1035,28
1036,31
1037,35
1037,39
1037,40
1038,2
1038,17
1038,34
1038,36
1039,23
1039,33
1040,30
1042,10
1042,13
1042,19
1042,39
1043,3
1043,24
1043,34
1044,7
1044,22
1044,32
1044,35
1044,37
1044,40
1045,6
1045,18
1046,33
1046,36
1046,39
1047,22
1047,29
1048,15
1048,30
1048,35
1048,40
1049,21
1049,34
1049,37
1051,16
1051,33
1051,39
1055,39
1056,40
1057,33
1057,34
1059,35
1061,33
1062,37
1064,39
1066,33
1066,38
1067,34
1068,39
1071,40
1072,33
1072,35
1072,36
1072,39
1073,37
1079,33
1079,39
1081,9
1082,34
1082,35
1082,38
1083,40
1084,37
1086,33
1086,35
1089,18
1090,39
1091,11
1091,33
1091,35
1092,37
1094,22
1094,25
1095,4
1096,30
1096,36
1097,33
1097,35
1098,34
1098,39
1099,1
1099,14
1099,26
1099,31
1099,37
1100,40
1101,13
1102,33
1103,15
1103,35
1104,20
1104,28
1106,5
1106,27
1106,37
1107,33
1107,39
1108,24
1108,36
1108,38
1108,40
1109,2
1109,3
1109,8
1109,23
1109,34
1110,22
1111,19
1111,33
1112,16
1112,17
1112,37
1113,6
1113,34
1113,40
1114,30
1114,36
1114,39
1115,7
1115,29
1115,33
1116,18
1117,22
1117,35
1118,40
1119,9
1119,30
1119,33
1119,39
1120,34
1120,37
1121,10
1121,12
1121,36
1122,35
1123,40
1125,34
1127,33
1127,35
1130,37
1131,34
1133,33
1135,36
1135,40
1136,35
1136,39
1137,34
1140,37
1141,33
1143,34
1143,40
1144,32
1145,36
1145,39
1146,37
1147,1
1147,35
1150,33
1150,40
1151,11
1152,3
1153,37
1154,35
1154,36
1154,38
1155,4
1155,33
1156,2
1157,22
1158,28
1158,34
1158,39
1159,33
1159,40
1160,15
1160,35
1161,37
1162,36
1162,39
1164,40
1165,23
1166,33
1167,38
1168,39
1169,36
1169,37
1170,40
1171,25
1171,34
1171,35
1172,30
1174,33
1175,39
1175,40
1177,35
1179,37
1181,40
1183,36
1183,39
1184,33
1184,34
1184,35
1187,21
1188,35
1188,40
1191,31
1192,13
1192,37
1193,35
1193,40
1194,14
1195,8
1195,17
1195,36
1196,16
1196,33
1197,3
1197,18
1197,34
1197,35
1197,39
1198,7
1198,12
1198,20
1199,9
1199,37
1200,22
1200,30
1200,38
1200,40
1201,4
1201,32
1201,35
1202,5
1202,15
1202,33
1203,26
1204,1
1204,10
1204,28
1204,29
1204,34
1204,35
1204,39
1205,24
1205,37
1205,40
1206,18
1206,22
1206,30
1207,2
1207,33
1208,27
1208,36
1209,23
1209,25
1209,37
1210,19
1210,35
1210,40
1211,11
1211,20
1211,34
1211,39
1213,2
1214,30
1214,35
1214,37
1215,3
1215,6
1215,38
1215,40
1216,34
1217,33
1217,36
1218,35
1221,40
1224,34
1224,35
1224,36
1229,35
1230,33
1231,38
1231,39
1232,34
1234,37
1234,40
1235,36
1237,34
1241,35
1242,37
1243,33
1244,34
1246,40
1247,35
1249,39
1251,37
1253,35
1253,36
1253,39
1254,40
1256,33
1257,37
1258,22
1260,35
1261,34
1262,33
1262,39
1263,36
1263,37
1263,38
1264,40
1265,35
1268,33
1271,35
1271,39
1272,37
1274,30
1274,33
1274,40
1276,9
1276,16
1276,31
1278,4
1278,14
1279,5
1279,8
1279,35
1279,39
1279,40
1280,15
1280,17
1280,25
1280,33
1280,34
1280,36
1281,1
1281,7
1281,10
1281,18
1281,28
1281,30
1281,37
1282,2
1282,3
1282,6
1282,26
1282,38
1283,20
1283,21
1283,40
1284,13
1284,18
1284,30
1284,33
1284,34
1284,39
1285,11
1285,22
1285,23
1285,24
1285,27
1285,35
1285,36
1285,37
1286,15
1286,16
1286,19
1287,29
1287,32
1288,9
1288,22
1288,31
1288,33
1288,35
1288,37
1288,40
1289,14
1289,34
1289,39
1290,3
1290,12
1291,2
1291,20
1291,33
1292,8
1292,30
1292,35
1292,36
1292,37
1292,38
1293,34
1294,40
1296,33
1298,34
1298,35
1298,37
1302,33
1304,37
1304,39
1304,40
1305,34
1309,33
1309,34
1311,40
1312,35
1312,37
1316,33
1317,36
1318,34
1318,39
1319,37
1320,35
1322,40
1324,34
1325,33
1326,35
1326,37
1326,39
1328,36
1329,34
1330,40
1332,35
1333,33
1336,37
1336,39
1337,34
1339,35
1341,38
1342,23
1343,34
1343,39
1343,40
1345,35
1345,37
1346,4
1346,36
1347,3
1348,33
1349,11
1350,34
1351,22
1351,28
1351,40
1353,7
1353,25
1353,35
1353,37
1353,39
1354,15
1354,33
1356,2
1358,37
1359,34
1359,38
1359,39
1359,40
1360,13
1360,16
1361,35
1362,1
1362,24
1362,32
1362,36
1365,8
1365,17
1365,29
1365,30
1365,33
1366,6
1366,20
1366,31
1366,35
1366,37
1366,40
1367,3
1367,9
1367,14
1367,38
1367,39
1368,5
1368,21
1368,22
1368,34
1368,36
1369,10
1369,18
1369,30
1370,26
1370,40
1371,4
1371,12
1371,19
1371,33
1371,35
1372,27
1372,34
1373,23
1373,37
1374,28
1374,39
1375,35
1376,18
1376,30
1376,36
1376,38
1376,40
1377,2
1377,33
1378,35
1378,39
1380,34
1382,35
1383,36
1383,40
1384,39
1386,35
1388,33
1390,35
1391,39
1392,36
1393,37
1394,33
1394,35
1397,34
1397,39
1399,33
1400,35
1402,39
1403,33
1403,37
1404,36
1407,34
1407,39
1408,40
1409,35
1410,33
1410,38
1413,39
1414,35
1416,37
1417,22
1417,33
1417,35
1420,39
1421,35
1422,33
1422,37
1423,13
1423,22
1424,36
1426,35
1426,40
1427,33
1428,22
1428,25
1429,11
1431,34
1431,36
1431,37
1431,39
1432,3
1432,15
1432,33
1432,35
1433,38
1436,40
1437,33
1437,35
1439,30
1439,37
1440,1
1440,36
1442,39
1443,8
1443,9
1444,14
1444,40
1445,35
1446,38
1447,5
1447,17
1447,26
1447,34
1447,36
1448,20
1448,33
1448,37
1448,39
1449,4
1449,7
1449,27
1449,32
1450,15
1450,30
1450,35
1451,28
1451,31
1451,40
1452,2
1452,3
1452,6
1452,16
1452,18
1452,21
1452,36
1452,37
1453,1
1453,22
1453,29
1453,33
1453,34
1454,10
1454,24
1454,40
1455,11
1455,23
1455,30
1455,39
1456,9
1456,17
1456,19
1456,37
1457,33
1457,35
1457,36
1457,38
1458,25
1458,39
1458,40
1459,8
1459,18
1459,34
1460,30
1461,12
1461,35
1462,39
1463,33
1463,40
1464,34
1466,35
1466,37
1467,40
1468,39
1470,33
1470,35
1472,40
1473,35
1476,33
1476,35
1476,39
1478,40
1481,33
1481,35
1482,37
1485,33
1485,39
1485,40
1486,35
1489,37
1489,39
1490,33
1490,35
1491,40
1493,34
1495,38
1496,33
1496,35
1497,39
1501,35
1501,40
1502,36
1503,14
1503,37
1504,22
1504,33
1504,39
1505,38
1506,35
1508,36
1508,40
1510,33
1510,39
1511,35
1515,40
1516,35
1517,34
1517,37
1517,39
1518,33
1519,36
1521,30
1523,40
1526,35
1526,37
1527,2
1527,13
1527,19
1528,4
1528,33
1528,34
1528,39
1529,28
1529,36
1530,3
1530,32
1530,37
1532,15
1532,31
1533,10
1533,18
1533,35
1533,40
1534,17
1534,20
1534,22
1534,33
1534,34
1534,39
1535,7
1535,9
1535,16
1535,21
1535,23
1535,36
1536,29
1536,38
1537,2
1537,5
1537,8
1537,11
1537,30
1537,37
1537,40
1538,18
1538,24
1538,26
1538,33
1538,35
1539,1
1539,34
1539,39
1540,14
1540,20
1540,25
1540,37
1541,3
1541,4
1541,6
1541,15
1541,40
1542,9
1542,22
1542,33
1543,34
1543,35
1543,40
1544,27
1544,30
1544,36
1544,37
1546,33
1546,34
1546,39
1548,40
1550,33
1550,37
1551,34
1552,40
1554,35
1555,34
1556,33
1556,40
1557,36
1558,37
1560,34
1560,38
1561,33
1561,39
1561,40
1565,33
1565,34
1565,39
1566,35
1567,40
1569,33
1569,37
1570,36
1571,39
1573,40
1574,33
1574,34
1575,39
1578,37
1579,39
1580,33
1580,34
1581,36
1581,40
1584,37
1585,35
1587,34
1587,36
1588,33
1588,39
1590,37
1593,38
1593,40
1594,36
1595,34
1595,35
1596,39
1597,33
1597,37
1600,35
1600,40
1601,34
1603,36
1604,35
1605,30
1605,37
1606,3
1606,33
1607,34
1608,11
1610,30
1610,32
1610,35
1610,40
1611,22
1612,1
1612,16
1612,33
1612,36
1612,37
1613,34
1614,29
1615,8
1615,20
1615,25
1615,35
1616,9
1616,31
1617,4
1617,15
1617,34
1617,39
1618,10
1618,14
1618,30
1618,35
1618,40
1619,3
1619,12
1619,19
1619,26
1619,37
1620,5
1620,7
1620,18
1620,21
1620,23
1620,28
1621,17
1621,33
1621,36
1621,38
1622,24
1622,27
1622,30
1622,34
1622,39
1622,40
1623,1
1623,2
1623,18
1623,35
1623,37
1624,6
1624,13
1625,4
1625,15
1625,20
1625,22
1625,28
1625,33
1626,8
1627,9
1627,34
1627,35
1627,39
1627,40
1628,25
1628,36
1628,37
1629,16
1629,31
1630,33
1631,35
1632,38
1632,40
1634,36
1635,39
1636,35
1636,40
1637,22
1637,34
1641,35
1641,40
1642,33
1642,36
1642,37
1646,35
1646,40
1648,33
1648,36
1651,40
1652,35
1655,33
1656,37
1656,40
1657,35
1659,36
1661,33
1662,37
1663,35
1664,34
1664,36
1664,40
1667,11
1668,33
1669,37
1669,39
1670,38
1671,40
1672,36
1673,30
1673,34
1673,35
1675,33
1680,1
1680,38
1681,35
1681,37
1681,39
1681,40
1682,33
1686,35
1687,39
1688,38
1689,33
1690,14
1690,40
1692,13
1692,35
1692,36
1693,32
1695,37
1695,39
1696,3
1696,21
1697,30
1697,35
1698,17
1698,22
1699,33
1699,34
1699,40
1700,18
1700,36
1701,9
1701,23
1701,39
1702,7
1702,31
1702,38
1703,15
1703,35
1703,37
1704,33
1704,39
1704,40
1705,20
1705,30
1706,16
1707,10
1707,36
1708,8
1708,19
1708,22
1708,37
1709,5
1709,24
1710,6
1710,25
1710,34
1710,39
1711,4
1711,33
1711,35
1711,37
1711,38
1712,26
1712,36
1712,40
1713,9
1715,1
1715,27
1715,39
1716,40
1717,33
1718,37
1719,11
1719,28
1719,29
1720,2
1720,34
1721,14
1721,22
1722,33
1722,35
1722,40
1723,39
1724,3
1724,37
1725,36
1726,40
1727,33
1727,34
1728,35
1730,30
1731,37
1732,40
1733,33
1734,35
1734,39
1735,34
1737,40
1738,35
1738,37
1741,40
1745,35
1746,33
1746,40
1747,34
1747,36
1747,39
1749,37
1750,40
1752,30
1755,35
1755,40
1756,34
1757,28
1759,2
1759,37
1759,39
1760,33
1760,35
1761,12
1761,34
1761,40
1762,36
1764,35
1765,15
1766,34
1768,35
1768,37
1768,40
1769,31
1769,33
1772,34
1772,35
1772,38
1773,39
1774,40
1775,16
1777,35
1777,37
1778,36
1778,40
1780,39
1781,4
1781,34
1782,33
1782,35
1782,40
1785,22
1787,11
1787,17
1787,34
1787,35
1787,36
1787,37
1788,32
1788,40
1789,33
1789,39
1790,1
1790,8
1790,35
1791,22
1792,25
1792,30
1793,20
1793,23
1793,26
1793,37
1793,39
1793,40
1794,35
1795,9
1795,18
1795,33
1795,34
1795,36
1796,19
1796,30
1797,5
1797,21
1797,40
1798,3
1798,10
1798,35
1799,15
1799,24
1799,37
1800,13
1800,39
1800,40
1801,31
1801,33
1802,7
1802,14
1802,28
1802,34
1803,29
1803,30
1803,35
1803,36
1803,37
1804,6
1804,38
1804,40
1805,18
1807,34
1807,35
1807,39
1809,2
1809,36
1809,37
1809,40
1810,3
1810,35
1811,34
1812,27
1812,33
1814,35
1814,40
1815,36
1816,34
1816,37
1818,35
1820,34
1821,40
1822,36
1824,39
1825,34
1826,33
1826,35
1826,36
1829,39
1832,34
1832,36
1834,33
1834,35
1834,40
1836,37
1837,34
1837,39
1838,36
1838,40
1841,34
1843,37
1844,35
1844,40
1846,2
1846,34
1847,33
1847,36
1848,38
1849,40
1851,34
1852,35
1852,37
1852,39
1853,40
1855,1
1855,22
1855,36
1858,33
1858,35
1858,40
1859,11
1860,13
1861,4
1861,20
1861,37
1862,25
1862,28
1863,33
1863,35
1863,39
1863,40
1864,1
1864,5
1864,9
1864,14
1864,15
1864,34
1864,36
1865,18
1865,22
1865,32
1866,8
1866,10
1866,17
1867,3
1867,23
1867,26
1867,29
1867,35
1867,37
1868,16
1868,21
1868,30
1868,31
1868,33
1868,34
1868,39
1868,40
1869,7
1869,18
1869,20
1869,22
1869,38
1870,12
1870,36
1871,9
1871,24
1871,27
1871,40
1872,35
1873,3
1873,4
1873,6
1873,19
1873,30
1873,33
1874,2
1874,37
1874,39
1875,14
1875,34
1875,40
1876,15
1876,18
1876,22
1877,35
1878,36
1879,16
1879,33
1879,37
1881,35
1881,39
1885,35
1886,37
1886,40
1887,34
1887,39
1889,33
1891,35
1891,36
1894,39
1898,40
1899,35
1899,39
1900,33
1900,34
1900,37
1903,40
1904,39
1908,37
1908,39
1908,40
1909,35
1910,36
1912,33
1912,34
1914,28
1914,30
1914,40
1916,39
1917,35
1918,33
1918,36
1920,37
1924,40
1925,34
1926,33
1926,38
1927,35
1927,39
1928,26
1928,40
1929,37
1930,36
1933,33
1933,40
1935,30
1935,34
1935,38
1936,32
1936,37
1939,35
1939,36
1939,40
1940,11
1941,15
1941,37
1942,33
1944,2
1944,3
1944,22
1944,30
1945,8
1945,40
1946,24
1946,35
1946,37
1946,39
1947,27
1947,31
1947,33
1947,34
1948,16
1948,17
1948,36
1949,4
1949,9
1949,23
1950,10
1950,25
1950,29
1951,7
1951,33
1951,34
1951,35
1951,37
1951,39
1951,40
1952,1
1952,6
1952,18
1952,19
1952,20
1952,28
1952,30
1952,38
1953,5
1953,14
1953,22
1954,3
1954,13
1954,26
1954,35
1954,36
1954,40
1955,21
1955,33
1955,34
1955,39
1956,18
1956,30
1956,37
1958,2
1958,23
1958,35
1959,15
1959,22
1959,40
1960,9
1960,12
1960,34
1960,37
1961,1
1961,33
1961,36
1962,39
1963,35
1963,40
1964,34
1968,33
1968,34
1968,35
1970,2
1970,37
1971,39
1972,36
1972,40
1973,33
1974,34
1976,11
1977,35
1978,36
1978,39
1979,34
1979,40
1980,33
1981,37
1983,35
1984,34
1985,40
1986,33
1988,37
1989,40
1990,35
1990,36
1991,34
1992,33
1996,40
1997,33
1998,39
2000,34
2000,35
2000,37
2000,40
2001,22
2003,33
2004,35
2004,40
2005,1
2008,35
2009,33
2009,37
2009,40
2011,25
2011,39
2012,14
2014,35
2014,39
2014,40
2015,36
2016,34
2018,35
2019,3
2019,32
2021,33
2021,39
2021,40
2022,35
2023,30
2024,37
2025,16
2025,17
2025,29
2025,31
2025,39
2026,4
2026,40
2027,9
2027,13
2028,33
2028,35
2029,8
2029,10
2029,37
2029,38
2029,39
2030,5
2030,18
2030,26
2030,28
2031,15
2031,22
2031,34
2031,40
2032,20
2032,27
2032,39
2033,24
2033,36
2033,37
2034,35
2034,40
2035,2
2035,7
2035,33
2036,23
2036,30
2037,1
2037,19
2037,39
2038,28
2038,40
2040,11
2040,33
2041,37
2041,39
2042,6
2043,34
2043,35
2043,40
2044,36
2045,39
2048,33
2048,34
2048,35
2050,40
2051,37
2051,39
2055,40
2057,33
2057,35
2058,34
2058,39
2059,37
2064,3
2065,37
2066,35
2067,34
2067,36
2067,39
2067,40
2068,22
2069,33
2073,37
2073,40
2075,34
2075,35
2075,36
2077,22
2079,33
2081,39
2081,40
2082,34
2082,37
2084,1
2084,36
2087,34
2088,40
2089,33
2090,35
2090,37
2092,14
2093,34
2094,40
2095,15
2096,36
2097,34
2099,21
2100,35
2100,37
2100,40
2101,38
2102,11
2102,34
2103,4
2104,30
2104,33
2106,35
2106,39
2107,28
2107,34
2107,40
2108,37
2109,2
2109,9
2109,36
2110,31
2110,38
2111,3
2111,17
2111,20
2111,25
2111,33
2112,8
2112,34
2112,40
2113,18
2113,35
2114,7
2114,16
2114,22
2114,30
2114,36
2114,39
2115,19
2115,29
2116,23
2116,26
2116,35
2117,5
2117,10
2117,12
2117,32
2117,33
2117,34
2117,39
2118,13
2118,30
2118,36
2118,37
2118,40
2119,27
2119,38
2120,9
2120,24
2120,35
2122,2
2122,39
2122,40
2123,22
2123,36
2124,33
2124,37
2125,34
2125,35
2126,14
2127,40
2128,36
2130,35
2130,39
2132,37
2133,33
2133,40
2135,35
2135,36
2138,37
2141,1
2141,33
2142,35
2142,40
2143,34
2143,36
2143,37
2148,33
2148,35
2148,37
2149,34
2149,40
2150,39
2153,33
2153,37
2156,36
2157,2
2157,40
2158,37
2159,6
2159,33
2159,38
2160,4
2161,30
2161,40
2162,34
2163,37
2164,3
2164,35
2164,36
2165,33
2165,39
2167,15
2167,28
2167,40
2169,34
2170,33
2170,37
2170,38
2170,39
2172,40
2175,17
2175,37
2176,30
2176,33
2176,34
2177,11
2179,40
2180,8
2180,35
2180,36
2180,37
2181,22
2182,20
2182,31
2182,33
2182,39
2185,34
2185,37
2185,40
2186,9
2186,16
2186,25
2187,21
2188,13
2189,14
2189,35
2189,37
2190,5
2190,18
2190,19
2190,40
2191,3
2191,33
2191,36
2191,39
2192,1
2192,15
2192,30
2193,7
2193,10
2193,24
2193,34
2194,2
2194,35
2194,37
2195,23
2195,32
2195,38
2195,39
2195,40
2196,4
2196,29
2197,22
2197,26
2197,30
2197,33
2197,36
2198,2
2198,20
2199,18
2200,17
2200,35
2200,37
2200,38
2200,39
2200,40
2201,27
2201,34
2204,30
2204,33
2204,35
2205,39
2206,37
2207,34
2208,3
2210,35
2211,39
2211,40
2214,33
2214,34
2214,37
2216,28
2216,35
2217,39
2219,40
2220,35
2220,37
2223,36
2224,33
2224,39
2225,35
2226,38
2229,40
2230,35
2230,39
2232,33
2233,36
2234,34
2236,35
2236,37
2237,40
2240,33
2240,39
2241,35
2244,40
2245,11
2247,33
2247,35
2247,37
2248,1
2248,39
2250,30
2252,22
2252,35
2252,38
2253,16
2253,25
2253,33
2253,40
2254,37
2254,39
2255,14
2255,31
2256,35
2258,5
2258,12
2259,4
2259,9
2259,33
2259,40
2260,35
2261,30
2261,34
2261,36
2261,37
2261,39
2262,13
2263,3
2263,6
2263,8
2263,40
2264,18
2264,35
2264,38
2265,15
2265,19
2266,34
2266,40
2267,37
2268,22
2268,33
2268,36
2268,39
2270,2
2270,20
2270,21
2270,40
2271,35
2272,37
2273,23
2273,40
2274,32
2274,34
2274,36
2276,24
2277,2
2277,30
2277,33
2277,40
2278,1
2278,27
2278,37
2279,28
2279,35
2280,11
2280,40
2281,14
2281,36
2283,35
2284,17
2284,25
2284,33
2284,34
2285,16
2285,37
2285,40
2287,22
2287,39
2288,7
2288,35
2288,38
2289,36
2290,33
2291,40
2293,35
2293,37
2296,39
2296,40
2299,34
2299,36
2300,33
2300,35
2303,37
2303,39
2303,40
2304,35
2308,33
2308,35
2311,34
2311,36
2311,37
2311,39
2312,26
2312,30
2312,40
2314,35
2317,37
2318,33
2320,3
2320,10
2320,30
2321,40
2322,29
2322,35
2322,37
2322,38
2323,39
2324,4
2324,34
2325,15
2325,33
2326,30
2327,39
2328,36
2328,40
2329,9
2329,18
2329,35
2330,37
2332,20
2332,22
2333,39
2334,33
2335,34
2335,35
2335,37
2336,23
2337,31
2337,40
2338,13
2338,30
2338,36
2338,39
2339,16
2340,33
2340,37
2341,3
2341,32
2342,17
2342,40
2343,35
2344,8
2344,19
2344,22
2344,33
2344,39
2345,1
2345,18
2345,36
2345,37
2346,30
2346,34
2347,35
2348,5
2348,7
2348,33
2350,6
2351,35
2351,36
2351,38
2352,11
2352,25
2352,37
2352,39
2352,40
2354,35
2355,33
2356,39
2359,35
2359,36
2360,34
2360,37
2361,33
2365,40
2366,35
2366,38
2367,36
2368,39
2369,33
2369,37
2373,14
2373,35
2373,40
2374,36
2376,34
2376,35
2376,37
2381,22
2381,35
2381,40
2382,33
2382,34
2382,38
2382,39
2383,37
2386,35
2388,34
2388,36
2388,37
2388,39
2391,33
2391,35
2392,40
2393,34
2393,39
2394,37
2396,35
2397,36
2397,40
2400,34
2400,35
2400,39
2401,37
2404,33
2405,40
2406,15
2406,35
2407,4
2407,39
2409,36
2410,37
2410,38
2410,40
2411,2
2412,20
2412,30
2412,34
2412,35
2413,1
2413,9
2413,33
2414,28
2415,3
2415,36
2416,31
2417,10
2417,11
2417,39
2417,40
2418,8
2418,26
2418,27
2418,35
2419,12
2419,18
2419,33
2419,34
2419,38
2420,7
2420,13
2420,16
2420,17
2420,21
2420,23
2420,28
2420,30
2420,36
2420,37
2421,5
2421,14
2421,24
2421,29
2421,32
2421,39
2422,4
2422,18
2422,19
2422,20
2422,22
2422,40
2423,3
2423,15
2423,25
2423,30
2423,31
2423,33
2423,35
2423,36
2423,37
2424,1
2424,2
2424,6
2424,8
2424,9
2424,17
2424,34
2424,39
2425,10
2425,26
2425,40
2426,13
2427,33
2427,34
2427,35
2427,38
2428,16
2428,18
2428,21
2428,22
2428,23
2428,30
2428,36
2428,39
2429,37
2431,34
2432,30
2432,33
2432,39
2433,40
2435,34
2435,35
2435,37
2436,36
2438,40
2440,39
2441,34
2442,35
2442,40
2443,37
2445,34
2446,36
2447,33
2447,40
2448,38
2450,34
2450,35
2450,37
2453,36
2453,40
2454,34
2458,34
2458,35
2458,38
2458,40
2459,36
2460,37
2461,2
2462,34
2462,35
2465,40
2466,37
2467,3
2467,34
2467,38
2468,33
2468,35
2471,36
2472,34
2473,40
2474,39
2475,35
2476,34
2477,11
2477,36
2479,35
2479,37
2480,34
2481,22
2482,39
2483,33
2483,35
2483,36
2484,40
2485,34
2487,35
2487,37
2490,34
2490,36
2492,35
2494,33
2495,34
2496,35
2496,36
2496,39
2497,40
2498,37
2500,34
2502,40
2503,2
2503,35
2504,34
2505,15
2505,36
2506,33
2506,40
2507,37
2508,30
2508,35
2508,38
2509,34
2510,39
2510,40
2514,20
2514,34
2514,35
2514,36
2515,40
2516,30
2516,33
2516,37
2518,28
2519,9
2519,32
2520,40
2521,5
2521,34
2521,35
2522,8
2522,24
2522,25
2522,26
2523,31
2523,37
2523,39
2524,2
2524,4
2524,6
2524,7
2524,14
2524,33
2524,36
2524,40
2525,13
2525,16
2525,22
2526,3
2526,17
2526,18
2526,27
2526,29
2526,30
2526,35
2526,38
2527,15
2527,19
2527,21
2527,23
2527,34
2527,37
2527,40
2529,1
2529,10
2529,14
2529,18
2529,22
2529,28
2529,30
2529,33
2529,39
2530,36
2531,9
2531,31
2531,35
2531,37
2531,40
2532,20
2532,34
2533,12
2533,33
2534,25
2534,39
2534,40
2535,11
2536,34
2538,37
2539,36
2539,40
2540,34
2540,35
2541,33
2542,39
2544,35
2545,34
2545,40
2549,33
2549,36
2549,39
2549,40
2550,35
2550,37
2551,34
2554,40
2555,34
2555,35
2556,36
2556,39
2561,40
2562,35
2562,39
2563,34
2563,36
2565,35
2566,39
2568,22
2568,37
2570,34
2570,35
2570,40
2571,39
2572,33
2575,39
2576,34
2576,35
2576,37
2579,33
2581,35
2582,3
2582,39
2584,40
2585,34
2585,35
2587,30
2587,33
2587,37
2587,38
2588,39
2589,32
2591,35
2591,40
2592,36
2592,39
2593,33
2593,37
2594,22
2595,34
2595,35
2596,30
2598,39
2600,33
2600,35
2601,37
2602,9
2604,36
2604,39
2606,5
2606,35
2607,4
2607,34
2607,37
2607,38
2607,40
2608,15
2608,33
2609,16
2610,1
2610,11
2611,35
2611,36
2612,37
2613,6
2613,34
2613,39
2613,40
2614,33
2616,35
2616,36
2617,3
2617,40
2621,10
2621,34
2621,40
2622,35
2623,8
2623,33
2624,13
2625,22
2625,37
2625,38
2625,39
2626,36
2627,17
2627,28
2629,23
2629,31
2629,34
2629,40
2630,14
2630,35
2631,20
2631,26
2631,28
2631,33
2631,36
2632,7
2632,18
2633,24
2633,29
2634,1
2634,21
2634,25
2634,30
2634,40
2635,2
2635,3
2635,12
2635,27
2635,37
2635,39
2636,9
2636,18
2636,19
2636,33
2636,34
2636,35
2636,36
2636,38
2638,14
2639,11
2639,15
2639,16
2639,22
2639,40
2640,32
2640,34
2640,35
2640,39
2641,30
2641,33
2641,37
2642,4
2645,34
2646,33
2646,35
2646,40
2647,36
2647,39
2648,37
2648,38
2652,33
2653,34
2656,36
2656,37
2657,39
2658,40
2660,34
2661,33
2663,35
2665,37
2665,39
2668,34
2670,40
2672,30
2672,35
2673,39
2675,33
2675,37
2676,34
2678,39
2678,40
2682,33
2682,36
2684,37
2684,40
2688,33
2688,39
2689,34
2689,35
2690,1
2690,2
2691,37
2692,5
2692,36
2692,40
2694,33
2695,8
2695,22
2697,34
2697,35
2698,6
2698,23
2698,30
2698,31
2698,36
2698,37
2698,39
2700,40
2701,7
2701,22
2701,33
2702,9
2702,15
2702,20
2702,25
2703,34
2703,36
2704,3
2704,19
2704,30
2704,35
2704,40
2705,10
2705,13
2705,26
2705,37
2705,38
2705,39
2706,16
2706,18
2707,29
2707,33
2708,4
2708,17
2708,21
2708,39
2709,28
2709,30
2709,34
2709,40
2710,36
2710,37
2710,38
2711,18
2711,24
2711,35
2712,33
2714,14
2714,32
2715,30
2715,39
2715,40
2716,34
2717,33
2717,35
2717,36
2717,37
2721,22
2721,34
2722,40
2723,35
2724,11
2725,33
2725,36
2725,39
2727,34
2728,37
2728,40
2730,35
2731,33
2732,40
2734,37
2736,34
2736,39
2737,36
2737,40
2739,1
2739,27
2739,35
2740,2
2741,40
2742,33
2743,3
2743,37
2744,34
2744,35
2746,40
2747,30
2747,39
2748,36
2749,33
2750,35
2751,40
2756,37
2757,22
2757,35
2758,40
2760,12
2760,34
2760,39
2761,33
2761,37
2764,35
2764,36
2765,40
2766,9
2766,23
2767,30
2767,39
2769,15
2769,38
2771,20
2771,31
2771,36
2771,40
2772,8
2772,33
2772,35
2772,39
2773,19
2774,34
2776,36
2776,37
2778,4
2779,5
2779,39
2780,35
2782,40
2783,28
2783,33
2783,36
2784,18
2784,34
2784,35
2784,37
2785,25
2786,22
2786,32
2787,30
2787,35
2788,14
2788,26
2788,33
2789,34
2789,37
2789,38
2790,6
2790,11
2790,39
2791,21
2791,35
2792,3
2792,7
2792,17
2792,36
2793,34
2793,40
2794,16
2794,30
2794,35
2794,37
2794,39
2795,24
2795,33
2796,15
2796,36
2799,37
2800,34
2800,35
2800,39
2800,40
2802,1
2802,13
2803,36
2805,10
2805,35
2805,38
2806,29
2807,33
2807,39
2808,34
2809,36
2809,37
2810,35
2811,40
2813,33
2815,36
2816,35
2817,39
2820,38
2821,22
2821,33
2821,35
2821,36
2823,34
2823,39
2824,30
2824,37
2824,40
2827,35
2827,36
2829,33
2831,35
2831,39
2832,34
2833,40
2837,35
2839,37
2839,38
2841,2
2841,35
2841,39
2842,28
2842,34
2843,33
2844,9
2844,35
2845,40
2847,36
2847,37
2848,31
2848,35
2849,14
2849,18
2850,11
2850,38
2851,3
2851,15
2851,35
2851,39
2852,20
2852,33
2852,40
2853,4
2853,30
2853,37
2855,25
2855,34
2856,28
2856,29
2857,1
2857,35
2858,19
2858,32
2858,37
2858,40
2859,2
2859,5
2859,18
2859,36
2859,38
2860,23
2860,26
2860,33
2860,39
2861,16
2862,8
2862,37
2863,17
2863,30
2863,34
2863,35
2863,39
2864,3
2864,22
2864,27
2864,40
2865,38
2866,33
2867,37
2868,7
2868,22
2868,40
2869,35
2870,34
2870,36
2871,21
2873,40
2874,33
2874,39
2875,37
2877,34
2877,35
2877,38
2879,40
2886,6
2886,34
2886,37
2887,2
2887,33
2887,39
2887,40
2888,35
2889,24
2889,36
2890,38
2892,37
2892,40
2896,36
2897,35
2898,14
2901,13
2901,33
2902,34
2902,35
2902,39
2904,36
2904,40
2905,12
2907,15
2909,18
2909,35
2909,37
2911,33
2911,34
2911,36
2911,39
2912,30
2913,40
2914,9
2918,36
2919,33
2920,38
2920,39
2921,28
2921,34
2921,35
2923,20
2924,39
2925,36
2925,40
2928,31
2928,33
2929,1
2929,35
2930,23
2930,36
2931,10
2931,11
2931,39
2932,16
2932,38
2933,33
2933,40
2934,3
2934,4
2934,30
2934,32
2934,35
2935,22
2935,36
2935,37
2935,39
2936,8
2936,17
2936,29
2937,25
2938,30
2938,33
2938,34
2938,35
2938,40
2939,18
2939,38
2940,37
2941,9
2941,15
2942,5
2942,39
2943,21
2943,40
2944,35
2944,36
2944,38
2945,37
2948,39
2949,28
2950,40
2951,34
2951,35
2951,38
2952,37
2953,26
2953,36
2956,27
2956,33
2956,39
2957,34
2957,38
2958,7
2958,30
2958,35
2958,40
2959,37
2960,2
2961,6
2962,39
2962,40
2963,34
2964,22
2964,35
2964,36
2965,19
2967,37
2969,22
2969,33
2969,35
2969,40
2970,20
2970,34
2971,37
2972,39
2974,33
2974,40
2975,34
2977,14
2977,37
2978,36
2979,24
2979,35
2979,39
2980,34
2980,40
2982,33
2982,38
2983,3
2985,35
2985,40
2986,34
2987,4
2987,30
2987,37
2990,33
2990,40
2994,36
2996,2
2997,37
2997,40
2998,13
2998,34
2999,35
2999,39
3001,28
3001,33
3002,1
3002,37
3003,11
3003,40
3004,17
3004,25
3006,15
3006,34
3007,33
3008,16
3008,22
3008,35
3008,37
3008,38
3009,1
3009,8
3009,39
3009,40
3010,18
3010,29
3011,36
3012,5
3012,26
3012,31
3012,40
3013,9
3013,20
3013,33
3013,34
3013,37
3013,39
3014,4
3014,23
3014,35
3015,30
3016,36
3016,40
3017,10
3017,37
3018,14
3018,18
3018,33
3018,35
3018,39
3021,37
3021,39
3022,3
3022,32
3022,34
3022,36
3022,38
3022,40
3023,35
3024,33
3027,37
3027,39
3027,40
3028,36
3031,22
3033,33
3034,34
3034,37
3034,39
3034,40
3035,12
3035,35
3037,36
3039,35
3040,27
3041,39
3041,40
3042,35
3042,37
3044,30
3044,33
3044,34
3046,35
3048,36
3050,35
3050,37
3051,33
3052,21
3052,40
3054,36
3054,39
3056,35
3056,38
3060,36
3061,39
3062,33
3062,34
3062,35
3062,37
3062,40
3063,11
3066,38
3066,39
3067,36
3068,35
3069,40
3070,15
3070,33
3070,37
3071,3
3072,39
3073,40
3074,22
3074,30
3074,36
3076,34
3076,35
3077,33
3077,38
3079,8
3079,9
3080,37
3081,39
3081,40
3082,35
3083,20
3083,34
3083,36
3084,5
3084,38
3085,25
3087,7
3087,34
3088,28
3089,6
3089,19
3089,36
3089,40
3090,32
3090,35
3090,39
3091,2
3091,13
3091,18
3091,24
3092,3
3092,23
3092,26
3092,31
3092,34
3093,1
3093,16
3093,33
3093,37
3093,38
3094,17
3094,22
3094,29
3094,35
3094,40
3095,2
3095,4
3095,10
3095,14
3095,15
3095,18
3095,30
3095,36
3095,39
3097,33
3097,34
3097,37
3097,40
3098,9
3098,35
3099,20
3099,38
3099,39
3100,11
3101,36
3102,33
3103,35
3104,39
3104,40
3105,34
3107,35
3107,37
3108,33
3108,38
3109,39
3112,40
3114,34
3114,35
3114,39
3115,36
3116,33
3117,38
3118,35
3119,40
3120,34
3121,39
3122,35
3124,34
3125,40
3126,33
3126,35
3128,36
3129,37
3131,33
3131,34
3131,35
3132,39
3133,40
3135,33
3137,35
3137,36
3138,34
3138,39
3139,30
3140,33
3140,37
3143,35
3143,40
3145,34
3145,36
3145,38
3145,39
3146,33
3149,40
3152,35
3152,36
3154,33
3154,34
3154,39
3155,37
3156,27
3157,40
3159,3
3160,36
3161,16
3161,34
3161,35
3162,33
3163,5
3163,32
3164,4
3164,8
3164,22
3164,37
3164,40
3165,7
3165,31
3166,2
3166,6
3166,14
3166,28
3166,39
3167,1
3167,25
3167,33
3167,35
3167,36
3167,38
3168,10
3168,12
3168,17
3168,22
3168,26
3168,30
3168,34
3168,40
3169,9
3169,18
3169,19
3169,20
3169,24
3169,37
3170,11
3170,13
3170,15
3170,21
3170,23
3171,3
3171,30
3171,33
3171,39
3171,40
3172,29
3172,34
3172,35
3173,1
3173,8
3173,18
3173,22
3173,28
3173,37
3174,2
3174,4
3174,10
3174,16
3175,14
3175,38
3175,40
3176,20
3176,33
3176,34
3176,35
3176,39
3177,9
3177,15
3177,26
3177,30
3177,37
3178,36
3180,35
3180,40
3181,38
3181,39
3182,33
3183,37
3184,2
3184,35
3185,25
3186,39
3186,40
3187,33
3188,34
3188,35
3188,37
3191,39
3192,35
3194,37
3194,40
3195,33
3195,39
3196,35
3197,34
3198,39
3199,36
3200,33
3200,37
3201,35
3201,39
3203,40
3205,35
3205,37
3206,39
3208,33
3208,34
3209,35
3211,37
3211,39
3214,33
3214,34
3214,35
3215,36
3216,39
3217,40
3218,35
3218,37
3220,33
3220,34
3222,39
3223,35
3225,34
3226,33
3227,37
3228,35
3229,36
3230,39
3231,33
3231,34
3231,40
3233,35
3235,37
3237,33
3237,40
3239,36
3239,38
3240,34
3241,35
3242,22
3243,33
3245,35
3245,40
3247,30
3248,37
3248,39
3250,33
3250,35
3250,38
3250,40
3251,34
3255,5
3255,37
3256,32
3256,35
3256,36
3256,40
3257,33
3257,34
3259,37
3260,3
3263,15
3263,35
3263,40
3264,6
3264,11
3264,33
3264,36
3264,37
3265,2
3265,7
3265,34
3266,38
3267,22
3267,35
3267,40
3268,8
3268,14
3268,16
3268,23
3268,39
3269,17
3269,29
3269,37
3270,4
3270,19
3270,20
3270,27
3270,31
3271,1
3271,3
3271,21
3271,33
3271,34
3271,35
3271,40
3272,10
3272,18
3272,24
3272,25
3272,30
3273,9
3273,12
3273,14
3273,26
3273,28
3273,37
3273,39
3274,36
3274,40
3275,5
3275,13
3275,15
3275,18
3275,30
3275,33
3275,35
3276,4
3276,16
3276,20
3276,22
3276,37
3277,29
3277,38
3278,8
3278,31
3278,39
3278,40
3279,33
3279,34
3279,35
3279,37
3280,1
3280,9
3280,23
3282,30
3282,36
3283,39
3284,37
3285,3
3285,33
3285,34
3285,35
3285,40
3288,37
3289,35
3290,33
3290,39
3290,40
3293,34
3293,35
3293,36
3293,37
3295,40
3296,33
3298,37
3299,35
3299,39
3302,33
3302,40
3304,35
3304,37
3305,36
3308,35
3308,39
3309,37
3309,40
3311,33
3314,35
3314,37
3315,34
3316,33
3316,39
3316,40
3320,37
3320,39
3322,33
3322,35
3322,38
3322,40
3323,36
3328,33
3329,39
3330,37
3330,40
3332,36
3333,22
3333,32
3333,34
3333,35
3335,33
3335,40
3336,11
3337,37
3337,39
3338,35
3339,6
3339,40
3340,15
3340,30
3343,25
3343,33
3343,39
3343,40
3344,27
3344,36
3344,37
3345,35
3346,13
3347,40
3348,2
3348,17
3348,28
3348,30
3348,34
3350,22
3350,35
3350,37
3351,3
3351,33
3351,34
3351,36
3351,40
3352,26
3352,31
3352,39
3353,19
3355,1
3355,33
3355,40
3356,4
3356,37
3357,8
3357,30
3357,34
3357,35
3358,16
3358,36
3359,9
3359,23
3359,38
3360,24
3360,39
3361,7
3361,20
3361,28
3361,40
3362,14
3362,35
3362,37
3363,5
3363,36
3364,30
3364,39
3365,18
3365,40
3366,33
3366,34
3367,21
3369,19
3369,37
3370,36
3371,34
3371,39
3372,35
3373,33
3373,40
3379,36
3379,39
3380,33
3380,35
3381,2
3382,37
3383,34
3383,40
3385,36
3385,38
3387,39
3388,33
3389,35
3390,34
3390,40
3395,36
3395,37
3397,39
3398,22
3398,33
3398,35
3398,38
3401,10
3401,11
3402,34
3402,37
3402,39
3402,40
3403,36
3404,22
3404,38
3406,3
3407,33
3407,35
3408,34
3408,37
3409,39
3411,40
3412,15
3415,39
3416,35
3416,36
3416,37
3416,38
3417,28
3419,29
3419,40
3420,34
3421,37
3421,39
3422,30
3422,33
3423,35
3425,38
3425,40
3426,9
3428,17
3428,35
3428,36
3428,39
3429,37
3429,40
3431,18
3431,22
3431,33
3432,32
3434,30
3434,34
3434,40
3435,25
3435,35
3435,37
3436,27
3436,31
3437,23
3437,33
3438,2
3438,8
3438,14
3438,18
3438,20
3438,36
3439,3
3439,4
3439,6
3439,34
3439,40
3440,16
3440,39
3441,1
3441,7
3441,15
3441,33
3441,35
3442,11
3442,21
3442,24
3442,30
3442,37
3443,18
3443,26
3443,36
3443,38
3443,40
3444,39
3445,5
3445,17
3445,30
3445,35
3446,22
3446,33
3446,34
3446,37
3447,13
3448,28
3450,9
3450,12
3450,35
3451,37
3452,33
3453,35
3453,39
3453,40
3457,35
3457,37
3457,39
3460,34
3460,36
3462,35
3463,39
3465,37
3467,34
3467,35
3467,40
3469,39
3471,33
3472,35
3474,39
3475,37
3476,34
3477,36
3479,35
3479,40
3480,37
3481,39
3482,33
3487,37
3488,35
3488,39
3489,30
3490,1
3490,38
3492,33
3493,35
3495,19
3495,34
3495,39
3496,22
3496,37
3498,33
3498,36
3499,13
3499,40
3502,22
3502,35
3502,39
3503,10
3503,34
3505,11
3505,14
3505,37
3506,40
3507,33
3508,4
3508,20
3508,34
3508,36
3508,39
3510,3
3510,25
3510,35
3512,40
3513,16
3513,34
3514,15
3514,29
3514,32
3514,33
3514,37
3514,39
3515,31
3516,8
3517,18
3517,35
3518,30
3518,37
3518,38
3518,40
3519,28
3519,34
3519,36
3519,39
3521,5
3521,9
3521,33
3522,2
3523,34
3524,40
3525,17
3525,23
3525,37
3526,3
3526,7
3526,35
3527,27
3527,38
3528,1
3528,34
3529,6
3529,26
3529,30
3530,33
3530,40
3531,4
3531,18
3531,34
3531,39
3532,2
3532,36
3533,35
3533,37
3534,28
3534,34
3535,24
3536,22
3536,33
3536,39
3536,40
3538,34
3539,37
3540,21
3541,33
3541,36
3543,40
3544,39
3545,30
3545,34
3547,20
3550,33
3550,35
3551,34
3551,40
3552,37
3555,33
3556,11
3557,39
3558,36
3559,12
3559,37
3559,40
3560,34
3560,35
3562,33
3564,15
3564,37
3567,38
3568,22
3568,40
3569,35
3569,37
3570,34
3570,39
3571,14
3571,33
3572,30
3574,36
3577,40
3578,35
3579,39
3580,31
3580,38
3581,33
3581,36
3581,37
3582,10
3584,34
3585,1
3585,38
3585,40
3588,35
3588,36
3589,37
3590,33
3590,40
3596,33
3596,37
3596,40
3597,32
3598,22
3598,39
3599,9
3599,25
3599,38
3600,34
3601,3
3601,16
3602,2
3602,18
3602,23
3602,35
3602,37
3602,40
3603,5
3603,8
3603,19
3603,33
3603,36
3604,20
3604,26
3604,28
3604,39
3605,11
3605,30
3605,31
3605,34
3606,4
3606,15
3606,17
3607,7
3607,35
3607,40
3608,2
3608,6
3608,18
3608,29
3608,33
3608,37
3609,3
3609,24
3609,28
3609,36
3609,39
3610,34
3611,1
3611,27
3611,30
3611,40
3612,16
3612,33
3612,37
3613,21
3614,13
3614,14
3614,22
3614,38
3615,35
3616,34
3616,40
3617,36
3618,8
3618,18
3619,39
3620,35
3621,34
3621,37
3621,40
3623,22
3623,33
3626,35
3626,37
3628,39
3628,40
3630,34
3632,35
3632,36
3632,37
3636,40
3637,33
3638,35
3639,39
3640,37
3640,38
3642,40
3643,36
3644,34
3644,39
3648,35
3648,40
3649,33
3650,39
3652,37
3653,36
3654,35
3655,40
3658,33
3658,35
3660,37
3663,32
3663,39
3664,35
3664,40
3665,14
3666,36
3666,37
3667,9
3667,33
3668,30
3668,35
3671,15
3671,34
3672,36
3673,39
3674,22
3674,35
3674,40
3676,33
3676,37
3678,23
3679,36
3680,35
3681,33
3681,40
3682,20
3682,22
3682,25
3682,38
3682,39
3684,36
3685,2
3685,35
3686,31
3686,34
3687,19
3687,40
3688,17
3689,3
3689,4
3689,30
3690,12
3690,26
3690,33
3690,37
3690,39
3691,18
3691,35
3691,36
3691,38
3692,11
3692,29
3692,34
3692,40
3693,5
3693,8
3693,28
3693,30
3694,1
3694,7
3695,6
3695,13
3695,35
3695,37
3695,39
3696,10
3696,33
3696,40
3697,9
3697,15
3697,34
3697,36
3698,16
3698,22
3699,3
3699,18
3699,20
3699,24
3699,30
3699,35
3700,4
3700,26
3701,21
3701,33
3701,37
3701,39
3701,40
3702,30
3702,35
3703,22
3703,34
3703,38
3704,31
3706,2
3706,33
3706,40
3707,35
3708,27
3708,36
3710,40
3711,37
3712,33
3712,39
3714,34
3714,35
3715,40
3718,35
3718,37
3720,33
3720,36
3722,35
3722,40
3724,34
3725,39
3726,33
3726,35
3728,37
3728,38
3730,40
3733,39
3734,33
3734,35
3734,36
3739,34
3739,35
3740,38
3741,30
3741,37
3742,33
3744,39
3745,40
3746,36
3747,32
3747,33
3747,35
3749,39
3750,37
3752,33
3753,23
3753,34
3754,36
3754,39
3754,40
3755,30
3755,38
3756,33
3756,35
3758,22
3762,33
3762,37
3762,38
3763,10
3763,34
3763,39
3765,14
3765,35
3766,40
3768,36
3769,24
3770,9
3770,33
3770,34
3770,35
3770,37
3771,17
3772,39
3775,25
3776,35
3776,37
3777,33
3777,34
3777,40
3778,7
3778,18
3778,39
3779,16
3780,11
3780,22
3781,1
3781,37
3781,40
3782,4
3782,8
3782,15
3782,29
3782,34
3782,39
3783,3
3783,20
3783,33
3783,35
3783,36
3785,12
3785,28
3785,39
3786,30
3786,37
3786,38
3786,40
3787,22
3787,26
3788,33
3789,5
3789,31
3790,34
3790,35
3790,39
3790,40
3791,2
3792,30
3792,33
3792,37
3793,19
3793,27
3794,36
3794,40
3797,2
3797,6
3797,33
3797,34
3797,35
3798,39
3799,37
3801,40
3802,39
3803,13
3804,33
3805,34
3806,36
3806,39
3806,40
3808,35
3809,33
3811,34
3812,30
3812,39
3813,35
3814,34
3814,37
3814,40
3815,33
3816,36
3819,40
3820,34
3821,35
3822,39
3823,33
3825,37
3827,35
3827,40
3828,34
3831,37
3832,40
3833,38
3835,33
3835,35
3836,34
3837,21
3837,39
3838,2
3839,36
3839,37
3839,40
3840,35
3842,33
3844,11
3845,1
3845,40
3846,3
3847,33
3847,35
3847,39
3848,2
3848,14
3848,23
3848,30
3848,37
3849,15
3849,25
3849,28
3849,29
3850,9
3850,16
3850,17
3850,22
3850,32
3850,40
3851,4
3851,18
3851,20
3851,34
3851,35
3852,2
3852,3
3852,8
3852,19
3852,26
3852,30
3852,31
3852,33
3852,36
3852,37
3852,38
3852,39
3853,5
3853,7
3853,28
3854,10
3854,13
3854,24
3854,40
3855,33
3855,35
3856,1
3856,15
3856,22
3856,30
3856,34
3857,6
3857,27
3857,36
3857,37
3857,39
3858,3
3858,9
3858,17
3858,18
3859,4
3859,8
3859,28
3859,33
3859,34
3859,35
3859,40
3861,18
3861,39
3862,12
3862,35
3862,36
3864,15
3864,33
3864,34
3864,37
3864,40
3865,35
3868,39
3869,35
3871,37
3872,34
3873,33
3873,35
3876,36
3877,40
3878,35
3878,38
3878,39
3879,33
3879,34
3884,33
3884,35
3884,37
3886,34
3886,36
3886,40
3891,22
3893,35
3893,40
3894,33
3894,34
3894,37
3894,39
3900,33
3901,34
3901,35
3901,36
3903,39
3903,40
3906,11
3907,37
3908,33
3908,34
3908,35
3909,40
3911,38
3913,34
3915,36
3917,33
3917,35
3917,37
3918,1
3918,34
3918,40
3923,34
3924,33
3925,16
3925,37
3926,20
3927,39
3928,40
3929,30
3929,34
3930,35
3931,4
3931,37
3933,31
3933,33
3935,38
3936,2
3936,14
3936,34
3936,40
3937,37
3938,7
3938,36
3939,5
3941,34
3942,3
3942,6
3942,22
3943,35
3943,37
3943,40
3944,8
3944,13
3944,17
3944,23
3944,33
3944,34
3944,36
3945,25
3945,30
3946,21
3946,22
3946,24
3947,9
3947,15
3947,18
3947,38
3947,39
3948,19
3948,26
3948,32
3948,33
3948,34
3948,35
3948,37
3948,40
3949,29
3950,10
3950,20
3950,30
3952,1
3952,28
3952,35
3952,39
3953,2
3953,27
3953,34
3953,37
3953,40
3954,38
3955,12
3956,33
3956,35
3957,18
3957,36
3957,37
3958,11
3958,34
3959,35
3959,40
3961,33
3962,35
3962,37
3965,3
3966,35
3966,39
3967,37
3968,33
3969,34
3970,22
3970,40
3971,35
3972,37
3975,34
3976,33
3976,35
3979,37
3980,40
3982,35
3983,36
3983,39
3984,34
3988,33
3989,35
3990,34
3991,37
3991,40
3992,36
3995,39
3996,34
3997,33
3997,35
3998,40
4002,40
4003,36
4004,35
4004,37
4004,39
4005,30
4006,34
4007,33
4008,40
4009,35
4014,35
4015,9
4015,40
4016,39
4017,16
4017,34
4018,37
4018,38
4019,4
4019,33
4020,8
4020,22
4020,35
4020,40
4021,15
4023,5
4023,31
4023,33
4023,36
4023,37
4024,20
4025,14
4025,22
4025,40
4026,3
4026,6
4026,38
4027,10
4027,36
4027,39
4028,1
4028,7
4028,12
4028,21
4028,23
4028,25
4028,33
4028,35
4029,19
4029,32
4029,34
4029,40
4030,17
4030,18
4030,30
4031,11
4031,26
4032,24
4032,33
4032,35
4032,37
4032,39
4033,8
4033,16
4033,22
4033,29
4034,2
4034,28
4034,30
4034,34
4035,40
4036,9
4036,13
4036,15
4036,37
4036,39
4037,4
4037,33
4037,35
4039,27
4039,36
4039,39
4041,35
4042,34
4042,40
4045,35
4047,33
4047,39
4050,35
4051,37
4051,40
4054,39
4055,35
4057,33
4057,40
4058,37
4062,34
4063,36
4064,35
4064,39
4064,40
4066,38
4068,33
4068,37
4072,40
4073,39
4074,36
4074,37
4077,35
4078,2
4080,14
4080,33
4080,34
4080,37
4080,38
4081,39
4082,3
4082,40
4086,35
4087,33
4087,40
4088,18
4089,39
4091,11
4091,37
4093,35
4093,36
4093,40
4095,22
4095,30
4096,33
4096,34
4097,1
4097,25
4097,38
4098,39
4099,2
4099,15
4100,31
4100,35
4100,40
4101,33
4101,34
4102,5
4102,37
4103,26
4104,28
4106,4
4107,20
4107,34
4107,39
4107,40
4108,2
4108,7
4108,23
4108,30
4108,32
4108,36
4108,38
4109,6
4109,8
4109,17
4109,24
4109,33
4109,35
4111,3
4111,18
4111,30
4112,19
4112,21
4112,22
4112,29
4112,31
4112,34
4112,37
4112,39
4112,40
4113,10
4113,16
4113,36
4114,9
4114,33
4114,35
4115,15
4115,30
4116,12
4116,34
4116,37
4116,40
4118,4
4118,14
4118,20
4118,38
4118,39
4119,11
4120,35
4120,36
4120,40
4121,18
4121,33
4124,37
4125,34
4125,40
4126,39
4127,2
4127,33
4128,35
4131,37
4132,40
4133,34
4135,36
4135,39
4136,27
4136,33
4137,35
4137,37
4139,1
4139,40
4142,34
4142,36
4143,33
4143,37
4144,40
4145,35
4148,37
4152,36
4152,38
4152,40
4153,33
4153,35
4154,39
4156,34
4157,13
4157,37
4158,28
4159,40
4163,36
4164,2
4164,33
4164,35
4165,34
4167,40
4168,37
4168,38
4169,22
4169,39
4170,33
4170,36
4173,34
4175,40
4176,35
4177,33
4177,39
4178,36
4181,37
4181,40
4182,33
4183,35
4184,38
4185,36
4187,25
4187,35
4188,33
4188,39
4190,30
4190,35
4190,40
4192,22
4193,37
4194,35
4196,33
4196,34
4196,40
4197,36
4199,16
4199,35
4202,9
4202,37
4203,11
4203,33
4203,34
4203,39
4204,17
4204,35
4205,4
4205,40
4206,3
4206,15
4206,23
4207,8
4207,31
4208,26
4208,33
4208,35
4208,37
4209,28
4209,39
4209,40
4210,5
4210,7
4210,14
4210,16
4210,18
4210,20
4210,22
4210,30
4210,34
4210,38
4212,1
4212,24
4212,27
4212,40
4213,3
4213,6
4213,19
4213,33
4213,35
4213,36
4213,39
4214,2
4214,9
4214,28
4214,30
4214,37
4215,18
4215,21
4215,29
4215,32
4215,34
4216,10
4216,39
4216,40
4217,4
4217,11
4217,25
4217,31
4217,33
4217,37
4218,14
4218,15
4218,18
4218,20
4218,35
4219,23
4219,36
4219,40
4220,30
4220,33
4220,38
4220,39
4221,13
4221,17
4221,37
4223,1
4223,34
4223,35
4223,39
4224,40
4225,33
4226,37
4228,39
4229,36
4229,40
4231,37
4232,33
4235,38
4236,36
4236,37
4236,39
4237,34
4238,40
4239,35
4242,33
4242,37
4243,39
4244,36
4249,37
4249,40
4250,39
4252,36
4253,33
4254,35
4254,39
4255,22
4255,37
4258,40
4259,39
4261,35
4262,34
4262,37
4263,36
4263,40
4269,37
4269,39
4269,40
4270,2
4270,33
4271,35
4273,40
4274,34
4275,35
4275,37
4276,36
4279,33
4280,35
4280,40
4282,34
4282,36
4283,37
4285,30
4286,33
4286,40
4288,34
4288,35
4288,37
4289,36
4290,8
4291,22
4291,40
4293,33
4293,38
4294,34
4295,32
4295,35
4295,40
4296,22
4296,36
4296,37
4297,33
4300,34
4300,40
4301,1
4302,35
4303,14
4303,37
4304,24
4304,33
4304,36
4306,4
4306,6
4306,7
4306,40
4307,20
4307,22
4307,25
4307,35
4308,9
4308,30
4308,33
4309,3
4309,5
4309,16
4309,17
4309,18
4309,29
4309,36
4309,39
4309,40
4310,1
4310,11
4310,13
4310,15
4310,23
4310,26
4310,35
4310,37
4311,10
4311,12
4311,19
4311,30
4311,31
4311,34
4312,3
4312,21
4312,22
4312,27
4312,33
4312,38
4312,40
4313,8
4313,9
4313,14
4313,28
4313,37
4313,39
4314,4
4314,15
4314,18
4314,34
4314,35
4314,40
4315,2
4315,16
4315,33
4315,36
4316,1
4316,20
4317,37
4317,40
4318,17
4318,30
4318,35
4318,39
4320,22
4321,33
4321,36
4321,40
4322,35
4323,37
4326,33
4326,40
4327,35
4329,37
4330,40
4332,33
4333,35
4333,36
4334,40
4335,38
4336,33
4337,37
4340,40
4341,33
4341,34
4344,39
4345,40
4346,37
4347,35
4347,36
4348,33
4350,40
4352,38
4353,35
4354,37
4355,39
4356,40
4357,33
4358,34
4359,35
4359,37
4361,40
4363,33
4363,39
4365,35
4365,40
4366,34
4366,37
4368,33
4370,40
4372,33
4372,34
4373,39
4374,35
4374,36
4374,37
4374,40
4376,11
4377,33
4378,38
4379,40
4380,2
4380,39
4381,34
4381,35
4382,36
4382,37
4383,22
4383,33
4384,3
4384,40
4385,35
4386,30
4386,39
4387,33
4388,6
4388,25
4389,35
4389,37
4390,39
4390,40
4391,5
4391,32
4393,16
4393,19
4393,23
4393,31
4394,18
4394,30
4394,33
4394,35
4395,15
4395,37
4395,39
4396,7
4396,8
4396,9
4396,12
4396,36
4396,40
4397,4
4397,10
4397,14
4397,24
4397,34
4398,20
4398,21
4398,35
4399,17
4399,26
4399,28
4399,30
4399,37
4399,40
4400,27
4400,29
4400,33
4400,36
4400,38
4400,39
4402,3
4402,40
4403,1
4403,2
4403,18
4403,22
4404,13
4404,35
4405,30
4405,33
4405,34
4405,37
4406,40
4407,11
4407,39
4408,36
4410,40
4411,35
4413,37
4415,34
4415,40
4417,28
4419,33
4419,39
4420,40
4422,34
4422,35
4422,37
4423,36
4429,34
4429,40
4430,35
4431,37
4432,33
4435,36
4436,34
4438,40
4439,37
4439,38
4442,40
4444,2
4444,34
4444,37
4445,6
4445,36
4446,33
4447,40
4448,35
4449,34
4450,14
4451,37
4453,33
4454,40
4455,39
4457,35
4457,36
4458,40
4459,37
4460,15
4460,30
4460,33
4460,39
4462,40
4464,9
4464,37
4465,22
4465,35
4465,39
4466,36
4468,37
4468,40
4470,25
4470,33
4471,32
4472,22
4472,38
4473,39
4474,20
4475,8
4475,31
4475,33
4475,34
4475,36
4475,37
4476,35
4476,40
4477,5
4477,7
4477,27
4478,30
4479,16
4479,18
4479,19
4479,23
4480,4
4480,17
4480,37
4481,1
4481,26
4481,28
4481,33
4481,35
4481,36
4481,38
4481,39
4481,40
4482,3
4482,10
4482,12
4482,34
4483,11
4483,14
4483,24
4483,30
4484,18
4484,29
4485,15
4485,33
4485,34
4485,35
4485,37
4485,40
4486,9
4486,20
4486,21
4486,39
4487,36
4488,4
4488,22
4488,30
4488,40
4490,33
4490,35
4492,34
4494,40
4495,13
4495,35
4496,37
4496,39
4497,36
4498,33
4499,34
4500,40
4503,35
4504,39
4505,37
4507,33
4507,36
4508,40
4510,34
4513,35
4513,40
4515,22
4515,37
4516,2
4517,34
4518,33
4520,37
4520,38
4520,40
4521,39
4525,33
4527,40
4528,34
4528,35
4528,36
4529,1
4529,37
4531,30
4532,33
4532,40
4538,22
4538,25
4538,36
4538,37
4538,40
4539,30
4539,35
4539,38
4540,34
4540,39
4541,33
4544,8
4544,11
4544,40
4546,35
4547,34
4547,39
4548,15
4548,33
4549,4
4549,37
4550,5
4551,16
4551,40
4552,6
4553,28
4553,36
4554,3
4554,27
4554,37
4555,34
4555,38
4556,17
4556,23
4556,35
4556,40
4557,14
4557,33
4557,39
4558,2
4558,7
4558,18
4558,31
4560,24
4560,32
4560,34
4560,40
4561,22
4561,35
4561,36
4562,19
4562,30
4562,37
4563,20
4563,33
4563,39
4564,9
4564,21
4565,3
4565,29
4565,34
4566,10
4566,40
4567,13
4567,18
4567,30
4567,35
4568,33
4569,15
4569,34
4569,37
4571,35
4571,39
4572,40
4573,33
4574,26
4574,34
4575,35
4577,36
4577,37
4578,34
4578,35
4579,38
4580,33
4581,35
4585,35
4586,34
4586,40
4587,39
4588,37
4589,33
4590,35
4591,34
4592,36
4594,35
4595,33
4595,34
4597,37
4597,40
4600,34
4601,33
4602,35
4602,39
4603,22
4604,36
4604,37
4605,1
4605,40
4607,11
4607,39
4608,34
4609,33
4610,37
4610,40
4611,35
4612,4
4612,28
4613,39
4614,22
4614,37
4615,40
4616,25
4616,33
4616,35
4617,34
4618,30
4619,18
4619,28
4619,37
4620,39
4621,33
4621,34
4621,36
4621,40
4623,23
4623,35
4625,30
4626,5
4626,31
4626,37
4626,39
4628,33
4628,34
4629,3
4629,16
4629,35
4629,36
4629,38
4629,40
4632,8
4633,9
4634,34
4634,35
4635,14
4635,37
4635,38
4635,40
4636,7
4636,17
4636,39
4637,12
4637,20
4637,33
4637,36
4638,34
4639,10
4639,35
4639,40
4641,30
4642,34
4642,37
4643,39
4644,35
4644,40
4645,33
4645,34
4648,37
4649,34
4649,35
4651,15
4652,40
4653,33
4653,35
4654,2
4654,34
4655,36
4656,37
4656,40
4658,35
4659,11
4659,34
4661,1
4661,6
4661,27
4661,32
4662,35
4662,37
4662,38
4662,40
4663,29
4663,33
4664,3
4664,4
4664,22
4664,34
4664,36
4666,39
4666,40
4667,30
4668,18
4668,26
4668,33
4668,35
4669,28
4669,34
4670,37
4670,40
4672,33
4673,24
4673,30
4673,36
4674,35
4675,39
4675,40
4676,33
4677,25
4678,19
4679,36
4679,37
4680,13
4680,34
4681,9
4681,33
4681,35
4682,38
4682,40
4683,5
4684,21
4684,22
4686,8
4686,14
4686,31
4686,33
4686,36
4687,1
4688,37
4689,7
4689,39
4689,40
4690,33
4690,35
4691,16
4691,36
4693,34
4694,17
4694,39
4694,40
4695,37
4696,38
4697,23
4697,33
4697,35
4698,40
4699,36
4699,39
4703,33
4703,35
4704,2
4704,20
4704,40
4705,37
4706,36
4706,39
4707,40
4708,30
4708,34
4709,35
4710,33
4712,40
4713,37
4714,39
4716,15
4716,35
4717,33
4717,40
4718,34
4718,37
4719,36
4722,40
4725,11
4725,37
4727,33
4727,35
4728,22
4728,34
4729,3
4730,36
4730,37
4730,39
4730,40
4731,33
4732,34
4734,4
4735,40
4736,36
4737,1
4737,33
4737,35
4738,6
4738,30
4741,37
4741,39
4741,40
4742,22
4742,35
4743,34
4744,33
4744,38
4745,15
4745,36
4745,37
4747,32
4747,35
4748,40
4750,33
4750,37
4751,22
4752,35
4752,40
4755,30
4755,37
4756,2
4756,35
4756,36
4758,33
4758,34
4758,40
4759,35
4760,25
4761,37
4762,27
4762,35
4764,9
4764,14
4764,22
4764,39
4764,40
4766,35
4767,13
4767,33
4767,36
4768,20
4768,31
4768,34
4769,3
4769,16
4769,26
4769,29
4770,11
4770,39
4771,10
4771,17
4771,24
4771,37
4771,40
4772,8
4772,12
4772,18
4772,21
4772,23
4772,35
4772,38
4773,4
4773,5
4773,28
4773,30
4773,33
4773,34
4774,7
4774,15
4774,19
4774,22
4774,36
4774,39
4774,40
4775,1
4775,9
4775,35
4775,37
4776,20
4777,18
4777,26
4777,33
4778,39
4778,40
4779,14
4780,35
4780,37
4781,2
4782,30
4782,33
4782,38
4784,37
4784,40
4785,39
4787,36
4789,33
4789,37
4790,35
4790,39
4791,40
4792,34
4794,37
4795,35
4795,39
4797,33
4797,40
4799,37
4799,39
4802,35
4804,37
4804,40
4806,36
4806,39
4809,33
4811,34
4811,37
4811,39
4812,40
4814,38
4815,35
4816,36
4816,39
4817,34
4819,33
4820,37
4821,34
4822,39
4822,40
4823,35
4824,37
4827,33
4828,34
4830,28
4830,37
4831,2
4832,35
4832,38
4833,40
4834,34
4834,36
4834,39
4835,32
4835,33
4837,35
4837,37
4838,25
4839,3
4839,34
4840,6
4841,11
4842,22
4842,34
4842,39
4842,40
4843,18
4843,31
4843,35
4843,37
4844,4
4844,8
4844,15
4845,33
4846,16
4846,23
4847,28
4847,30
4847,34
4847,36
4847,39
4848,14
4848,20
4848,35
4849,9
4849,10
4849,17
4849,33
4849,37
4850,1
4850,5
4850,21
4850,29
4850,38
4850,40
4851,7
4852,3
4852,18
4852,30
4852,35
4853,22
4853,24
4853,34
4854,19
4854,33
4854,39
4855,13
4855,26
4855,35
4855,36
4855,37
4855,40
4857,2
4857,30
4859,31
4859,34
4860,35
4862,27
4863,37
4863,38
4864,35
4866,12
4866,33
4866,39
4866,40
4867,34
4868,35
4868,36
4873,33
4873,36
4874,35
4874,37
4875,39
4876,34
4878,35
4879,37
4881,40
4882,33
4882,34
4883,36
4884,35
4887,33
4889,36
4890,37
4891,39
4891,40
4892,38
4893,35
4895,33
4895,36
4897,1
4901,33
4901,35
4901,36
4901,39
4901,40
4904,22
4905,11
4906,40
4907,32
4907,39
4908,33
4908,36
4908,37
4910,35
4911,22
4913,40
4914,38
4914,39
4915,4
4915,33
4915,35
4916,25
4916,34
4917,36
4918,15
4918,39
4919,35
4919,40
4920,18
4921,37
4922,23
4922,33
4923,9
4923,28
4923,34
4923,35
4923,39
4924,16
4925,40
4926,30
4927,34
4928,8
4928,20
4928,33
4928,39
4929,2
4929,14
4929,35
4930,5
4930,31
4930,36
4930,37
4931,24
4932,3
4932,13
4932,34
4932,39
4932,40
4933,17
4933,19
4934,7
4934,33
4934,35
4935,10
4935,34
4935,36
4936,6
4937,28
4937,29
4937,37
4938,18
4938,34
4938,39
4938,40
4939,22
4939,35
4939,36
4940,21
4940,30
4940,38
4941,33
4942,37
4944,39
4945,15
4945,34
4945,36
4946,40
4947,35
4949,37
4952,35
4952,40
4953,36
4953,38
4954,37
4955,1
4955,33
4956,34
4957,35
4957,40
4958,36
4960,37
4961,35
4962,40
4964,33
4964,35
4965,11
4965,36
4966,37
4968,35
4968,40
4969,33
4970,25
4970,39
4971,36
4972,22
4972,35
4974,37
4974,40
4975,32
4975,33
4977,35
4979,33
4980,36
4980,39
4980,40
4981,3
4981,30
4981,35
4981,37
4982,22
4983,33
4986,4
4986,39
4986,40
4987,35
4988,33
4988,37
4989,23
4989,34
4990,14
4990,36
4992,33
4992,39
4993,26
4994,9
4994,35
4994,40
4996,36
4996,39
4997,7
4997,30
4997,38
4998,17
4998,27
4998,33
4999,20
4999,35
5000,13
5000,39
5000,40
