8,3
8,6
8,25
8,36
9,7
9,13
9,34
9,40
10,8
10,23
10,26
10,33
10,39
11,4
11,9
11,11
11,12
11,19
11,20
11,22
11,24
11,27
11,36
12,1
12,5
12,15
12,28
12,30
12,31
12,32
12,35
12,37
12,38
13,10
13,16
13,18
13,21
13,39
14,2
14,6
14,12
14,17
14,33
14,34
14,36
14,40
15,4
15,8
15,14
15,19
15,29
16,7
16,20
16,23
16,26
17,13
17,15
17,24
17,28
17,36
17,37
17,39
18,4
18,33
18,34
18,35
18,38
18,40
19,1
19,5
19,22
19,27
20,9
21,2
21,39
23,28
23,34
23,36
24,33
25,38
27,34
27,39
27,40
28,29
28,37
29,33
29,36
32,34
32,39
36,33
36,38
37,40
38,34
38,36
41,33
41,39
43,36
46,33
46,34
46,40
47,39
50,36
50,40
52,34
53,33
53,38
53,40
54,39
56,37
57,40
59,33
61,34
61,40
64,40
66,34
67,36
67,38
67,39
68,40
71,34
72,29
72,33
73,39
73,40
76,34
76,36
79,38
79,40
80,33
80,39
83,4
83,34
84,40
85,35
86,28
86,39
87,20
88,36
89,34
89,40
90,33
90,38
91,14
91,37
92,8
93,39
95,40
96,30
96,33
98,15
98,34
99,5
99,19
100,25
100,39
101,18
101,29
101,40
102,3
102,16
102,21
102,31
102,38
103,1
103,7
103,11
103,27
103,28
103,32
104,2
104,4
104,9
104,15
104,33
104,34
104,36
105,23
105,24
105,35
105,40
106,6
106,10
106,12
106,16
106,26
106,28
106,29
106,37
106,39
107,5
107,8
107,13
107,17
107,19
107,22
108,7
108,30
108,33
108,34
108,36
108,38
109,1
109,4
109,6
109,20
109,28
109,40
110,12
110,35
110,39
111,23
111,37
112,36
112,40
113,33
113,34
114,18
114,21
115,39
116,36
117,40
118,34
122,36
124,33
124,34
124,40
125,39
128,38
128,40
129,36
132,33
134,34
134,40
135,36
137,39
138,34
138,40
141,36
142,34
142,37
143,40
144,38
147,34
149,40
151,36
152,34
153,40
155,38
155,39
156,36
158,34
158,40
159,37
161,38
162,34
163,39
163,40
164,36
167,34
168,38
169,39
170,33
170,40
172,36
174,39
175,34
175,38
179,36
179,40
181,33
181,39
182,34
183,38
186,39
187,4
187,34
188,15
188,36
188,40
190,22
190,38
190,39
191,35
192,20
192,37
195,34
196,12
196,28
196,38
196,40
198,2
198,3
198,39
199,8
199,33
200,6
200,13
200,21
200,25
200,36
201,27
201,32
201,34
201,40
202,7
202,9
202,24
202,38
202,39
203,5
203,11
203,19
203,30
203,37
204,1
204,10
204,26
204,31
205,4
205,14
205,23
205,29
205,35
205,36
205,39
206,12
206,16
206,18
206,28
206,33
206,34
206,40
207,38
208,6
208,8
208,17
208,19
208,36
208,39
209,4
209,35
210,9
210,34
210,40
211,15
211,33
211,38
212,36
212,39
215,40
217,39
218,34
218,36
218,40
219,33
221,38
222,39
222,40
224,33
224,34
224,36
224,37
225,40
226,39
228,40
229,33
230,34
231,39
232,36
232,40
234,33
236,38
236,40
238,36
239,33
241,40
242,39
244,34
245,33
245,36
245,40
248,39
250,40
253,33
255,36
255,37
255,39
255,40
256,34
257,29
259,40
260,36
261,38
262,29
262,33
263,28
264,34
264,39
265,20
265,40
266,36
267,7
269,22
269,38
269,40
270,33
271,27
271,39
272,4
273,15
273,34
274,40
275,26
275,36
275,39
276,35
279,1
279,5
279,40
280,33
280,37
281,39
284,34
284,36
285,14
285,40
286,2
286,39
287,30
289,35
289,38
290,34
290,40
291,12
291,33
291,36
293,18
293,40
295,24
295,39
297,6
297,34
297,36
297,40
298,11
298,33
298,38
299,35
299,39
300,40
301,10
301,23
301,32
303,28
303,33
303,34
303,36
303,39
304,8
304,29
304,40
305,9
305,13
305,19
305,37
307,3
307,4
307,21
307,34
307,36
307,39
308,7
308,33
309,1
309,20
309,25
309,28
309,31
309,40
310,38
310,39
311,16
312,15
312,33
312,34
312,36
312,40
313,37
315,4
315,17
315,35
317,8
317,39
317,40
318,27
319,38
320,34
320,36
321,33
323,39
323,40
327,40
328,34
328,36
330,33
331,39
332,34
333,40
334,38
336,22
337,36
338,33
338,34
339,28
340,40
342,33
343,34
343,39
344,35
344,36
347,37
347,38
349,2
349,33
349,39
350,40
351,34
352,36
356,33
356,36
356,39
357,34
357,40
359,38
361,19
363,34
363,36
363,40
364,33
364,39
366,40
369,4
369,33
370,34
370,39
371,40
372,5
372,36
372,38
373,33
375,23
375,40
376,12
376,29
378,20
378,33
378,34
378,36
378,39
379,4
379,6
380,3
380,13
380,30
380,40
381,15
381,35
382,1
382,7
382,38
382,39
383,9
383,26
384,8
384,33
384,37
384,40
385,11
385,21
385,22
385,25
385,28
385,34
385,36
386,14
386,18
386,24
386,27
386,32
387,12
387,39
388,16
388,19
388,31
388,34
389,4
389,33
389,35
389,36
389,38
389,40
390,6
390,15
390,37
391,5
391,10
391,17
391,23
391,28
392,7
393,8
393,36
393,39
393,40
394,28
394,33
394,34
395,4
396,2
396,29
396,38
398,33
398,36
399,39
400,34
400,35
400,40
402,30
404,36
406,33
407,34
408,37
408,40
411,33
411,36
411,39
412,34
415,40
417,34
418,38
420,33
420,36
420,40
424,34
425,33
425,39
425,40
426,36
428,38
431,33
431,34
432,40
434,38
435,29
436,34
436,40
437,33
437,39
441,36
441,40
442,34
443,13
443,33
443,38
444,39
447,35
448,33
448,40
449,36
451,34
452,38
452,39
455,36
456,33
458,40
460,39
461,4
462,20
462,33
462,37
464,11
464,36
464,40
465,22
465,34
467,38
467,39
468,19
469,15
469,27
469,37
470,36
471,33
472,9
472,34
472,35
473,12
473,16
473,21
474,1
474,2
474,6
474,31
474,39
476,18
476,26
476,28
476,36
476,40
477,5
477,23
477,34
477,38
478,7
478,8
478,15
478,24
478,30
478,33
479,3
479,32
479,39
480,4
480,28
480,36
480,40
481,29
482,25
482,37
483,11
483,20
483,33
483,35
484,13
484,34
484,39
484,40
485,7
485,14
486,28
487,39
488,36
488,38
489,10
489,34
490,33
490,40
492,34
493,39
494,29
494,36
496,34
499,40
500,36
500,38
501,34
503,39
503,40
505,34
508,36
508,38
509,40
510,39
511,34
512,40
515,34
516,33
516,40
518,36
518,38
518,39
519,37
520,40
521,34
523,33
525,38
525,40
527,36
527,39
528,33
529,34
530,28
531,40
533,33
533,36
535,34
536,38
536,40
537,25
538,8
538,35
540,34
541,28
541,36
541,38
541,40
542,4
542,19
543,21
544,39
544,40
545,6
545,32
545,33
546,24
546,34
547,36
548,40
549,4
549,23
549,35
549,37
549,38
549,39
550,1
550,30
551,12
551,40
553,18
553,31
553,33
554,9
554,34
555,5
555,14
555,27
555,39
555,40
556,7
556,15
556,22
556,36
557,28
558,2
558,3
558,40
559,4
559,20
559,29
559,33
559,34
559,35
559,37
559,39
560,6
560,17
560,38
561,26
561,36
561,40
562,11
562,13
562,28
564,33
565,8
565,16
565,19
565,34
565,36
565,38
565,39
566,10
566,40
567,12
568,33
569,36
569,38
570,4
570,39
570,40
571,34
571,37
572,33
574,36
574,39
574,40
575,38
577,33
579,40
580,39
582,33
582,36
582,38
583,34
586,33
586,40
587,39
588,36
590,33
590,38
593,40
594,33
595,39
597,34
598,29
598,33
598,36
598,38
599,40
602,20
602,38
603,33
603,34
605,36
607,38
608,15
608,40
609,33
609,34
610,39
613,34
614,35
615,33
615,40
616,38
617,34
618,36
619,37
621,34
621,39
622,28
623,36
623,40
624,33
624,38
626,34
627,40
628,23
629,39
630,33
631,22
631,34
631,36
631,40
633,1
634,38
635,4
636,34
636,35
636,40
637,33
639,13
639,38
641,8
641,36
641,39
641,40
642,7
642,33
643,21
643,28
645,9
645,33
645,34
645,36
646,26
646,40
647,4
647,32
647,37
647,38
647,39
648,5
648,30
649,12
649,17
649,27
650,33
651,31
651,36
651,39
651,40
652,6
652,19
652,28
652,34
653,38
655,33
656,2
656,35
656,39
656,40
657,8
657,36
658,16
659,24
660,33
661,34
661,38
661,39
662,18
663,11
663,36
664,20
664,40
665,33
665,35
665,38
667,15
668,39
669,40
670,36
670,37
671,33
672,38
673,14
673,40
676,33
676,38
677,25
677,39
679,40
682,29
682,33
682,36
682,38
683,7
683,34
683,40
684,39
686,40
687,3
687,33
687,38
690,40
691,28
691,39
692,22
692,36
692,37
692,38
693,33
694,34
695,12
695,40
697,39
698,33
699,34
699,40
700,38
701,36
701,39
703,33
704,37
704,40
705,34
706,4
707,33
707,38
707,39
710,40
712,36
712,39
713,33
715,34
715,38
716,39
717,33
717,40
720,39
721,36
722,23
722,33
722,34
724,1
724,29
724,39
725,40
726,4
726,9
726,34
726,36
727,30
727,33
727,38
728,13
728,35
729,39
730,15
730,27
730,34
730,37
730,40
732,19
732,28
732,33
733,34
733,39
735,6
735,21
736,33
736,36
737,8
737,32
737,34
737,38
737,40
738,4
738,5
738,18
738,39
739,7
739,10
739,11
739,20
739,35
741,26
741,28
741,33
741,34
741,37
741,38
741,40
742,16
742,24
742,36
742,39
743,2
744,34
745,12
745,22
745,23
745,33
747,1
747,34
747,36
747,39
747,40
748,19
749,35
749,38
750,2
750,33
752,40
753,34
755,6
756,33
756,39
757,36
757,40
759,34
759,38
761,33
762,40
763,36
765,33
765,34
766,39
767,40
769,36
769,38
770,33
771,34
772,39
774,36
775,31
775,34
775,38
776,40
778,39
779,33
780,4
781,36
781,38
781,40
782,34
783,39
785,35
785,40
786,38
789,34
790,15
791,33
791,40
792,29
793,20
793,39
794,30
794,38
795,25
795,35
795,36
796,33
797,37
797,40
798,9
798,14
798,28
799,39
800,8
800,15
800,21
802,33
802,34
802,36
802,38
802,40
803,7
803,39
804,6
804,28
804,35
804,37
806,11
806,27
806,39
806,40
807,24
807,33
807,36
808,5
808,19
809,3
810,34
810,39
811,28
811,33
811,36
811,38
811,40
812,4
812,26
813,16
813,17
813,22
813,37
814,23
814,39
815,34
816,40
817,29
817,35
817,36
817,39
818,1
818,32
818,33
818,38
819,12
819,20
820,13
820,34
821,40
822,37
822,39
823,18
823,36
825,33
826,40
827,36
827,39
828,34
828,38
830,37
830,40
832,36
833,39
835,33
835,34
835,40
837,36
837,39
840,40
841,33
842,39
843,34
843,36
846,33
847,40
848,39
849,36
850,37
852,40
853,39
854,29
854,33
855,34
855,36
857,39
858,40
860,33
862,7
862,34
863,15
863,39
863,40
864,36
864,37
865,4
866,33
867,39
868,8
869,30
869,35
869,36
869,38
869,40
871,33
871,34
872,39
874,40
876,36
878,9
878,33
878,40
879,34
880,38
880,39
881,20
881,40
883,21
883,37
884,28
884,36
884,39
885,40
887,31
887,33
888,22
888,38
889,12
889,34
889,39
889,40
890,19
890,25
890,27
890,36
892,5
892,33
893,1
893,6
893,15
893,39
894,29
894,34
894,36
895,35
895,38
895,40
896,4
896,33
896,39
897,7
897,11
897,23
897,26
898,28
899,2
899,16
899,40
900,13
900,33
900,37
900,39
901,3
901,4
901,18
902,8
902,10
902,34
902,35
902,36
903,30
903,32
903,40
904,39
905,28
906,9
906,37
906,38
907,7
907,33
907,34
908,6
908,24
908,39
910,36
911,40
912,34
912,39
915,33
916,40
917,34
917,38
917,39
923,33
923,40
924,34
924,39
925,14
925,36
928,39
929,34
929,40
930,33
932,36
934,39
934,40
935,34
940,34
940,39
940,40
941,36
942,33
943,38
945,35
945,39
946,34
947,40
951,40
953,34
953,36
953,39
955,40
956,35
956,37
960,12
960,20
961,33
961,40
962,34
963,19
963,22
963,28
963,38
964,2
964,39
965,15
966,29
966,34
967,5
967,33
967,36
968,8
968,27
968,30
968,40
969,4
969,17
969,23
969,39
970,7
970,28
970,34
970,35
971,1
971,24
971,31
971,37
971,38
971,40
972,3
972,9
972,18
972,33
973,6
973,13
973,16
973,36
973,39
974,32
975,21
975,28
975,29
975,34
975,40
976,11
976,25
976,26
977,4
977,8
977,36
977,38
977,39
978,1
978,19
978,33
978,37
978,40
979,7
979,12
979,15
979,34
979,35
981,40
982,36
983,39
984,33
984,34
985,40
986,36
988,34
990,40
991,37
991,38
992,36
993,34
995,33
995,39
996,40
998,34
999,36
1000,40
1003,33
1004,40
1005,34
1005,38
1007,36
1007,40
1008,33
1008,39
1010,34
1011,40
1013,33
1014,29
1014,34
1015,36
1015,38
1015,39
1016,40
1019,33
1021,34
1021,38
1023,36
1023,39
1023,40
1027,34
1028,33
1028,39
1031,36
1031,38
1031,40
1034,34
1034,39
1035,37
1036,40
1038,33
1040,4
1040,34
1040,39
1042,23
1042,40
1043,38
1044,22
1044,33
1045,39
1047,34
1048,15
1048,20
1049,4
1049,33
1049,35
1049,40
1050,10
1050,13
1050,30
1051,36
1051,37
1051,39
1052,34
1053,9
1053,21
1053,38
1054,19
1054,24
1054,40
1055,6
1056,2
1056,28
1057,11
1057,34
1057,38
1058,5
1058,12
1058,14
1058,33
1058,39
1058,40
1059,16
1059,18
1059,36
1060,26
1060,27
1060,29
1060,31
1061,8
1061,34
1062,1
1062,7
1062,28
1062,35
1062,38
1062,39
1062,40
1063,4
1063,6
1063,33
1064,32
1064,34
1064,36
1065,40
1066,15
1066,37
1067,39
1068,34
1068,38
1071,39
1071,40
1072,33
1073,36
1073,38
1074,34
1075,39
1078,40
1079,34
1081,38
1081,39
1082,36
1083,34
1083,40
1085,33
1087,34
1090,36
1090,38
1090,40
1091,33
1091,39
1092,34
1094,40
1096,34
1097,39
1098,28
1100,34
1100,40
1102,33
1103,36
1103,38
1103,39
1106,3
1106,40
1108,34
1109,36
1109,39
1111,33
1111,40
1112,4
1113,20
1113,35
1113,36
1114,34
1114,37
1115,25
1115,39
1115,40
1116,38
1117,8
1117,22
1118,17
1120,21
1120,40
1121,19
1121,36
1122,15
1122,33
1122,34
1122,37
1122,39
1124,12
1124,28
1124,40
1125,7
1125,29
1125,38
1126,36
1127,4
1127,9
1128,5
1128,30
1128,31
1128,33
1128,34
1128,35
1128,39
1129,40
1130,23
1130,28
1131,27
1131,38
1132,6
1132,29
1132,36
1133,11
1133,13
1133,33
1134,2
1134,24
1134,34
1134,40
1135,26
1135,36
1135,39
1136,1
1136,32
1136,38
1137,33
1137,35
1139,10
1139,12
1140,16
1140,37
1141,34
1141,36
1142,33
1143,38
1143,39
1145,40
1146,33
1146,36
1150,34
1151,33
1151,38
1152,36
1152,39
1153,40
1156,39
1157,33
1158,40
1160,34
1160,36
1162,18
1162,39
1163,38
1164,36
1165,40
1166,33
1169,39
1170,36
1173,33
1173,38
1173,40
1176,7
1177,40
1178,36
1178,39
1179,29
1179,33
1179,34
1180,15
1181,4
1181,40
1183,28
1183,37
1183,39
1184,36
1185,8
1185,20
1185,33
1185,34
1185,40
1186,9
1186,38
1188,14
1189,39
1190,23
1190,35
1190,36
1190,40
1192,19
1194,22
1194,33
1194,38
1195,6
1195,27
1195,36
1197,3
1197,39
1197,40
1198,34
1198,37
1199,1
1199,36
1199,38
1201,31
1205,33
1205,34
1205,38
1205,40
1206,36
1207,16
1207,39
1209,2
1210,28
1210,34
1210,40
1211,36
1212,4
1213,38
1214,34
1214,40
1215,39
1216,33
1218,13
1219,30
1219,34
1219,36
1219,40
1220,38
1222,33
1223,40
1224,25
1226,35
1226,39
1227,38
1228,36
1229,32
1229,33
1229,34
1229,40
1230,12
1230,15
1232,7
1233,21
1234,19
1234,33
1234,34
1234,36
1234,39
1235,5
1235,11
1235,24
1235,26
1236,37
1237,40
1238,2
1238,9
1238,18
1238,35
1239,4
1239,10
1239,20
1239,29
1239,33
1239,34
1239,39
1240,8
1240,17
1240,28
1240,38
1242,23
1242,40
1243,6
1243,22
1243,33
1243,34
1243,36
1244,28
1244,39
1245,1
1245,27
1245,37
1246,13
1246,21
1246,40
1247,12
1247,34
1247,36
1248,4
1249,39
1250,33
1250,35
1250,40
1251,34
1252,38
1255,40
1259,34
1259,38
1262,33
1262,36
1263,40
1264,38
1265,39
1268,34
1270,36
1270,38
1271,33
1271,40
1273,39
1275,40
1277,36
1277,38
1278,33
1278,37
1279,29
1279,34
1280,40
1281,38
1283,39
1284,14
1285,36
1286,40
1287,38
1287,39
1288,15
1290,33
1291,34
1291,40
1292,38
1292,39
1293,37
1295,35
1295,40
1296,30
1298,38
1299,40
1300,28
1302,39
1303,3
1303,33
1304,34
1305,29
1305,32
1305,36
1305,38
1305,40
1308,7
1310,19
1310,38
1310,40
1311,8
1311,33
1311,34
1311,39
1312,15
1312,36
1313,4
1314,9
1314,29
1316,5
1316,35
1316,39
1317,11
1317,24
1317,28
1317,31
1317,34
1317,38
1317,40
1318,21
1318,26
1318,37
1319,6
1319,16
1319,33
1320,1
1320,18
1320,20
1320,23
1320,36
1320,39
1321,22
1321,40
1322,13
1322,19
1323,2
1323,27
1323,34
1323,35
1323,36
1324,10
1324,33
1324,37
1324,38
1324,39
1325,8
1325,12
1325,15
1325,28
1326,25
1326,40
1327,34
1328,4
1328,39
1329,33
1330,7
1330,36
1331,30
1331,38
1331,40
1332,39
1335,40
1336,34
1336,39
1337,33
1340,40
1341,39
1343,36
1344,34
1345,38
1345,39
1346,33
1348,36
1349,39
1349,40
1353,36
1353,39
1355,34
1355,38
1356,33
1357,36
1357,39
1358,40
1360,34
1361,33
1361,39
1362,36
1364,40
1366,37
1366,39
1367,33
1367,34
1368,36
1368,40
1370,4
1370,38
1371,39
1371,40
1375,33
1375,34
1375,40
1378,36
1378,39
1380,40
1382,34
1384,33
1384,38
1384,39
1385,14
1386,36
1386,40
1391,36
1391,40
1392,15
1392,22
1392,33
1393,12
1393,20
1393,35
1394,34
1394,39
1395,17
1395,36
1396,11
1396,26
1396,27
1396,38
1397,2
1397,7
1397,31
1397,37
1397,40
1398,3
1398,9
1398,34
1399,19
1399,28
1399,32
1400,1
1400,5
1400,6
1400,8
1400,23
1400,33
1400,36
1400,39
1401,12
1401,40
1402,4
1402,16
1402,18
1402,25
1402,29
1402,37
1403,21
1403,28
1403,30
1403,34
1403,35
1403,36
1403,38
1403,39
1404,24
1404,33
1405,15
1405,40
1406,23
1407,7
1407,39
1408,33
1408,34
1409,36
1410,13
1410,35
1410,40
1411,37
1412,39
1413,4
1414,34
1414,40
1415,36
1418,38
1418,39
1420,36
1420,40
1422,34
1424,33
1424,38
1424,39
1426,40
1427,36
1428,34
1431,39
1432,36
1432,38
1432,40
1434,34
1436,33
1438,36
1438,37
1438,40
1439,34
1440,38
1442,39
1443,34
1444,33
1445,40
1447,34
1448,39
1450,38
1451,34
1452,33
1452,40
1454,39
1455,36
1456,33
1457,34
1459,35
1459,36
1460,40
1463,20
1463,22
1463,38
1464,37
1465,4
1466,19
1466,33
1466,34
1466,36
1467,17
1467,39
1467,40
1468,10
1468,27
1469,6
1469,8
1469,12
1470,21
1470,36
1471,28
1471,33
1471,34
1471,35
1471,39
1472,7
1472,40
1473,1
1473,2
1473,9
1473,18
1473,31
1474,26
1474,38
1475,11
1475,29
1475,32
1475,33
1475,36
1476,5
1476,28
1476,37
1477,4
1477,16
1477,34
1477,40
1478,13
1478,23
1478,30
1479,15
1479,36
1479,39
1480,28
1480,33
1481,6
1481,25
1481,29
1481,40
1482,3
1482,34
1482,35
1482,38
1484,8
1484,33
1484,36
1484,40
1486,39
1489,33
1489,34
1489,40
1492,39
1495,33
1495,34
1495,36
1495,40
1497,38
1497,39
1500,33
1501,40
1502,36
1503,39
1504,34
1506,14
1506,33
1508,39
1508,40
1509,29
1509,33
1509,36
1511,34
1512,38
1513,37
1514,33
1516,34
1517,39
1518,40
1520,34
1521,33
1522,39
1523,36
1524,38
1525,34
1525,35
1527,40
1528,33
1529,22
1529,37
1530,39
1531,34
1534,33
1534,40
1536,4
1536,39
1537,34
1538,20
1539,36
1539,38
1540,24
1540,39
1540,40
1542,15
1542,33
1542,35
1543,34
1545,39
1547,36
1548,1
1548,34
1548,40
1549,13
1550,33
1551,11
1552,7
1552,34
1552,38
1552,39
1553,28
1553,36
1555,2
1555,30
1555,32
1555,37
1555,40
1556,9
1556,27
1556,33
1556,34
1557,5
1557,39
1558,23
1558,35
1559,28
1559,29
1560,6
1560,21
1561,4
1561,18
1561,33
1561,34
1561,36
1561,40
1562,8
1562,12
1563,10
1563,26
1563,39
1564,31
1564,35
1564,38
1565,19
1565,34
1565,40
1567,28
1567,33
1567,37
1569,34
1569,36
1570,16
1571,38
1572,33
1572,40
1573,39
1575,34
1578,33
1579,40
1581,25
1581,29
1582,34
1583,36
1584,39
1584,40
1585,15
1585,38
1586,4
1586,33
1587,40
1589,34
1590,39
1591,40
1593,29
1594,33
1595,40
1596,34
1598,39
1599,33
1599,40
1600,38
1602,36
1603,3
1604,39
1605,40
1606,33
1607,36
1608,22
1609,20
1610,17
1610,34
1611,39
1612,33
1612,37
1612,38
1612,40
1614,19
1614,36
1615,28
1615,34
1618,7
1618,8
1618,36
1618,40
1619,2
1619,4
1619,33
1619,34
1620,39
1622,23
1623,14
1623,34
1623,40
1624,6
1624,9
1624,21
1625,28
1625,33
1625,36
1625,39
1626,35
1626,37
1627,11
1627,12
1627,30
1627,38
1629,1
1629,34
1629,40
1631,5
1631,18
1631,33
1633,36
1633,39
1634,26
1635,4
1635,40
1636,24
1636,34
1636,35
1638,33
1639,13
1640,20
1640,38
1641,37
1641,39
1642,40
1643,34
1644,32
1644,33
1645,36
1647,27
1649,16
1649,39
1649,40
1650,34
1650,38
1652,33
1652,36
1654,15
1654,29
1655,34
1655,39
1656,40
1657,33
1661,36
1662,33
1662,38
1662,39
1663,40
1664,34
1667,40
1668,7
1669,33
1670,39
1671,37
1671,38
1671,40
1674,28
1674,31
1675,33
1675,36
1675,40
1676,12
1677,34
1678,10
1678,25
1678,40
1679,5
1679,38
1679,39
1681,22
1682,8
1682,40
1683,4
1683,33
1684,37
1684,39
1685,19
1685,34
1685,36
1686,6
1686,40
1688,3
1688,21
1688,35
1689,38
1689,39
1690,1
1690,40
1691,24
1692,36
1693,14
1694,39
1695,40
1696,15
1696,34
1698,33
1698,38
1698,39
1700,9
1700,36
1700,40
1702,20
1702,32
1702,39
1703,33
1705,29
1705,38
1706,39
1707,40
1708,33
1708,34
1708,37
1710,36
1711,29
1711,38
1712,23
1712,39
1713,13
1713,30
1715,33
1715,36
1715,40
1716,4
1716,39
1717,38
1719,34
1721,33
1721,35
1721,40
1722,17
1725,2
1725,36
1725,38
1726,26
1726,28
1726,40
1727,27
1727,33
1727,34
1730,37
1730,39
1730,40
1731,19
1731,28
1732,36
1733,18
1733,33
1734,7
1734,11
1734,40
1736,8
1737,34
1737,39
1738,4
1738,29
1738,33
1738,38
1738,40
1739,35
1740,25
1740,28
1740,37
1743,34
1743,36
1744,40
1745,38
1746,30
1746,33
1748,39
1749,40
1752,36
1753,34
1753,38
1754,12
1755,22
1755,40
1756,33
1757,15
1758,34
1758,39
1759,38
1759,40
1760,6
1760,36
1762,37
1764,34
1764,39
1764,40
1765,36
1765,38
1768,1
1768,33
1770,34
1770,40
1771,36
1771,39
1772,9
1773,33
1773,38
1776,40
1777,31
1777,34
1777,36
1778,16
1778,20
1778,35
1779,33
1780,38
1780,39
1781,34
1781,40
1783,19
1784,33
1785,34
1785,36
1785,40
1786,8
1786,24
1786,28
1787,4
1788,33
1789,34
1789,39
1789,40
1790,23
1790,35
1791,36
1792,5
1793,13
1793,29
1793,33
1793,37
1794,28
1794,39
1794,40
1795,36
1796,3
1796,34
1797,21
1798,7
1798,40
1799,36
1799,38
1800,33
1800,37
1801,39
1802,40
1805,33
1805,34
1805,36
1806,40
1807,39
1809,27
1810,14
1811,33
1811,40
1812,39
1813,6
1813,32
1813,34
1813,35
1813,36
1816,38
1816,40
1817,18
1817,39
1818,1
1818,15
1820,33
1821,36
1822,11
1822,26
1822,40
1823,34
1825,4
1825,7
1825,37
1826,29
1826,39
1827,20
1827,22
1828,10
1828,12
1828,19
1828,34
1828,36
1829,25
1829,28
1829,33
1829,38
1829,40
1830,2
1830,17
1830,30
1831,8
1831,23
1831,36
1832,9
1832,34
1833,15
1833,16
1833,21
1833,33
1833,39
1833,40
1834,4
1836,6
1836,31
1836,35
1836,36
1837,33
1838,39
1838,40
1839,34
1841,36
1841,37
1841,38
1843,39
1846,36
1848,33
1848,39
1848,40
1849,34
1851,36
1855,34
1855,39
1856,36
1857,33
1858,40
1860,34
1861,38
1862,36
1863,39
1865,40
1866,36
1868,33
1868,34
1868,39
1873,36
1873,37
1873,40
1874,34
1874,39
1875,33
1878,36
1879,33
1881,2
1881,39
1881,40
1882,35
1883,34
1884,33
1884,38
1885,36
1890,33
1890,34
1891,36
1891,39
1891,40
1892,20
1895,22
1896,34
1896,36
1897,40
1898,12
1898,33
1898,39
1899,4
1899,15
1899,27
1900,35
1901,34
1901,37
1902,36
1902,39
1903,7
1903,26
1903,33
1903,40
1904,5
1904,6
1904,18
1904,38
1905,24
1905,30
1905,39
1906,1
1906,8
1907,13
1907,28
1907,33
1907,40
1908,9
1908,11
1908,23
1908,34
1908,36
1909,21
1909,32
1909,37
1909,39
1910,3
1910,4
1910,14
1910,38
1911,19
1911,35
1911,40
1912,33
1912,36
1912,39
1913,10
1914,12
1914,29
1915,34
1915,40
1916,17
1916,33
1916,36
1916,39
1917,38
1918,6
1918,20
1919,40
1920,28
1920,39
1922,33
1922,34
1922,38
1922,40
1924,36
1925,39
1926,40
1928,15
1928,29
1930,33
1930,38
1931,39
1931,40
1932,31
1933,34
1934,25
1934,36
1935,28
1935,39
1935,40
1936,35
1937,33
1938,7
1938,34
1940,39
1941,16
1941,40
1942,33
1942,34
1942,37
1944,36
1946,40
1947,34
1947,39
1949,36
1951,40
1952,34
1953,39
1955,36
1955,38
1955,40
1956,33
1956,34
1958,40
1959,39
1960,34
1962,33
1962,40
1963,4
1963,36
1963,38
1963,39
1965,34
1965,35
1965,40
1968,39
1969,38
1969,40
1971,22
1971,34
1974,27
1974,33
1974,40
1975,38
1975,39
1976,34
1977,29
1977,30
1978,40
1979,15
1980,36
1980,39
1981,8
1981,34
1981,37
1982,18
1982,20
1982,21
1982,23
1982,38
1983,1
1983,9
1983,28
1983,33
1983,40
1985,19
1985,39
1986,5
1986,28
1986,36
1986,40
1987,11
1987,34
1987,35
1988,4
1988,26
1989,6
1989,13
1989,24
1989,33
1990,40
1991,2
1991,37
1991,39
1992,12
1993,3
1993,35
1993,36
1993,38
1994,34
1994,40
1998,37
1998,39
1999,40
2002,32
2002,33
2003,34
2004,40
2005,39
2006,38
2008,29
2010,40
2011,34
2012,33
2014,28
2014,38
2015,36
2016,8
2016,15
2016,34
2016,39
2017,33
2017,40
2018,7
2019,31
2020,40
2021,34
2021,37
2021,39
2023,38
2024,4
2024,33
2025,34
2025,40
2027,39
2029,34
2030,10
2030,40
2031,36
2031,38
2032,39
2034,33
2034,34
2036,37
2036,40
2037,36
2037,39
2040,34
2042,40
2043,36
2043,39
2047,33
2047,34
2047,38
2049,40
2052,38
2053,35
2053,36
2053,40
2055,33
2055,34
2055,39
2058,40
2059,36
2061,38
2062,16
2063,14
2063,27
2063,34
2064,33
2064,36
2065,22
2065,40
2066,25
2066,39
2067,6
2067,15
2067,19
2067,20
2067,28
2067,34
2067,35
2068,7
2069,9
2069,38
2070,1
2070,4
2070,5
2070,11
2070,12
2070,23
2070,30
2070,36
2070,40
2071,8
2071,18
2071,28
2071,29
2071,37
2071,39
2072,2
2072,3
2072,13
2072,21
2072,33
2072,34
2072,35
2073,31
2073,32
2073,36
2074,4
2074,17
2074,26
2074,38
2074,40
2075,5
2075,28
2075,37
2076,6
2076,19
2076,20
2076,39
2077,33
2077,34
2078,7
2078,9
2078,10
2078,24
2079,36
2079,40
2081,1
2081,28
2081,34
2081,38
2081,39
2082,4
2082,29
2082,33
2082,37
2083,12
2083,40
2084,34
2084,36
2087,34
2088,39
2090,33
2090,34
2091,38
2092,36
2092,40
2093,39
2094,37
2095,34
2097,40
2098,39
2099,38
2100,34
2101,40
2103,34
2104,33
2104,38
2106,40
2107,39
2108,34
2111,33
2111,36
2112,39
2113,34
2113,40
2114,38
2118,34
2118,40
2119,39
2120,33
2120,38
2121,34
2125,34
2125,37
2125,39
2125,40
2128,38
2129,34
2129,40
2131,33
2133,34
2133,38
2133,39
2133,40
2135,29
2137,34
2138,22
2138,30
2138,33
2138,40
2140,38
2141,13
2142,34
2142,39
2143,36
2143,40
2144,15
2145,38
2147,34
2148,2
2149,33
2149,40
2150,39
2151,34
2151,38
2152,19
2153,37
2155,40
2156,4
2156,23
2156,34
2156,38
2156,39
2157,33
2157,35
2157,36
2158,27
2159,8
2159,40
2160,1
2160,16
2160,28
2161,9
2161,38
2161,39
2162,34
2163,6
2163,31
2163,32
2163,33
2164,36
2164,40
2165,4
2165,29
2165,35
2166,38
2167,26
2167,39
2168,40
2169,18
2169,21
2169,24
2169,34
2169,37
2170,12
2171,33
2171,39
2172,14
2172,36
2172,38
2173,20
2173,28
2174,34
2174,40
2175,15
2175,39
2176,7
2176,38
2178,33
2179,36
2179,39
2180,40
2183,34
2184,5
2184,11
2186,33
2186,35
2186,39
2187,38
2187,40
2188,2
2189,3
2190,10
2190,36
2191,37
2192,28
2192,33
2192,34
2192,40
2193,39
2195,36
2196,8
2196,25
2197,38
2198,7
2198,40
2199,33
2201,39
2202,4
2202,34
2203,19
2203,36
2203,40
2204,15
2205,29
2205,30
2206,33
2206,38
2207,34
2208,39
2209,35
2209,37
2209,40
2214,34
2215,40
2216,38
2217,33
2218,13
2219,39
2220,36
2221,40
2223,17
2224,22
2224,33
2225,34
2226,6
2226,40
2228,12
2228,38
2228,39
2229,2
2229,37
2230,28
2230,33
2230,34
2231,35
2231,36
2232,40
2233,1
2234,34
2236,21
2236,27
2236,38
2236,39
2237,23
2238,40
2239,32
2239,34
2241,18
2241,33
2242,38
2242,39
2243,26
2243,34
2243,36
2244,28
2244,40
2245,9
2245,20
2245,35
2247,33
2247,34
2248,38
2251,4
2251,8
2251,28
2251,29
2252,16
2252,37
2252,40
2253,34
2253,39
2254,4
2254,33
2254,36
2257,40
2258,39
2259,5
2259,34
2260,14
2261,36
2261,38
2261,40
2263,7
2264,33
2264,39
2265,3
2265,34
2265,40
2266,15
2267,36
2268,11
2269,37
2269,40
2270,34
2271,39
2272,33
2272,38
2273,19
2273,31
2274,40
2276,22
2276,30
2277,33
2277,39
2278,36
2279,24
2279,34
2281,40
2282,39
2283,33
2284,34
2284,38
2285,35
2288,40
2289,36
2291,34
2293,39
2294,37
2296,33
2296,40
2297,36
2298,20
2300,34
2301,38
2302,39
2302,40
2305,33
2305,36
2306,34
2307,6
2307,39
2307,40
2308,1
2308,38
2311,27
2311,29
2311,36
2311,40
2312,33
2312,35
2314,28
2314,34
2314,38
2314,39
2316,8
2316,40
2317,7
2318,12
2318,34
2318,39
2319,9
2319,23
2319,33
2320,36
2320,40
2321,4
2321,18
2321,38
2322,34
2322,39
2323,37
2324,33
2325,40
2326,36
2327,39
2328,34
2329,15
2330,21
2330,33
2330,39
2333,38
2333,40
2334,35
2334,39
2335,36
2336,33
2338,29
2338,39
2340,36
2341,40
2342,15
2342,33
2342,34
2342,39
2344,4
2344,10
2344,20
2344,38
2346,39
2347,24
2347,37
2348,16
2348,25
2348,40
2349,14
2349,17
2349,33
2349,36
2349,39
2350,19
2350,30
2350,32
2351,34
2351,40
2352,7
2352,13
2353,6
2353,12
2353,23
2353,36
2353,39
2354,22
2354,35
2355,5
2355,8
2355,38
2355,40
2356,1
2356,2
2356,3
2356,4
2356,11
2356,26
2356,33
2356,37
2356,39
2357,18
2358,36
2359,27
2359,28
2359,34
2359,40
2360,5
2360,9
2360,29
2360,31
2360,39
2361,33
2362,37
2362,40
2363,4
2363,19
2363,34
2363,35
2363,36
2363,38
2364,28
2364,39
2365,40
2368,33
2368,34
2369,39
2369,40
2370,36
2373,40
2374,33
2374,38
2374,39
2376,34
2378,40
2382,33
2382,39
2382,40
2383,34
2385,36
2387,33
2388,39
2388,40
2389,38
2393,33
2393,34
2393,39
2393,40
2395,37
2398,33
2399,39
2399,40
2401,38
2402,34
2402,35
2402,36
2406,33
2406,39
2406,40
2408,34
2410,36
2411,38
2412,34
2412,39
2416,21
2416,40
2417,33
2418,34
2419,15
2419,39
2420,36
2421,35
2421,38
2422,37
2423,29
2423,39
2424,34
2425,30
2427,36
2427,39
2428,20
2428,40
2429,8
2429,9
2429,22
2431,4
2431,12
2431,34
2431,35
2432,6
2432,28
2432,33
2432,39
2432,40
2433,15
2433,38
2434,13
2434,24
2435,1
2435,21
2435,40
2436,7
2436,25
2436,36
2437,11
2437,19
2437,26
2437,32
2437,37
2437,39
2438,5
2438,23
2438,33
2438,34
2439,10
2439,14
2439,27
2439,31
2439,40
2440,3
2440,4
2440,16
2440,18
2440,36
2440,38
2441,2
2441,17
2441,39
2442,8
2442,28
2442,33
2442,40
2443,6
2443,7
2443,12
2443,29
2443,34
2443,35
2443,36
2443,37
2445,38
2446,4
2446,9
2446,36
2446,39
2447,23
2447,33
2447,40
2449,39
2450,34
2452,36
2453,35
2454,20
2454,33
2454,40
2455,34
2455,39
2456,38
2461,34
2462,40
2464,39
2465,33
2465,36
2465,37
2467,34
2467,40
2469,39
2471,36
2472,34
2473,40
2474,38
2474,39
2475,35
2478,34
2480,36
2480,39
2481,40
2483,2
2485,34
2485,39
2486,38
2487,33
2487,36
2488,37
2491,35
2491,40
2493,36
2494,39
2495,34
2495,38
2497,40
2499,36
2501,34
2501,40
2503,22
2503,33
2504,38
2504,39
2505,28
2506,40
2507,29
2507,34
2508,36
2509,33
2509,39
2510,40
2511,15
2512,34
2512,39
2513,4
2513,30
2515,40
2516,1
2516,28
2516,36
2516,38
2516,39
2517,33
2517,34
2518,13
2519,18
2519,39
2520,11
2520,35
2520,40
2521,5
2521,36
2523,7
2523,8
2523,20
2524,34
2524,37
2524,39
2525,19
2525,21
2525,33
2526,40
2527,10
2527,12
2527,27
2527,29
2527,36
2527,39
2529,24
2529,26
2529,34
2529,38
2530,9
2530,28
2530,39
2531,6
2531,15
2531,31
2531,36
2531,40
2532,4
2532,35
2533,16
2533,23
2533,33
2533,39
2534,32
2534,38
2535,1
2535,36
2535,40
2537,8
2537,25
2538,33
2538,39
2539,34
2540,35
2540,36
2540,40
2543,39
2544,40
2545,36
2547,34
2547,38
2548,3
2548,39
2548,40
2550,36
2552,14
2553,39
2554,34
2554,38
2554,40
2555,17
2555,36
2557,33
2557,37
2559,40
2560,36
2560,38
2561,39
2564,34
2565,40
2567,36
2567,38
2568,37
2569,33
2570,34
2571,39
2573,36
2573,40
2577,30
2577,34
2580,22
2580,39
2581,35
2581,37
2581,40
2582,36
2583,34
2583,38
2584,33
2586,19
2586,27
2587,36
2588,40
2589,34
2590,39
2591,4
2591,6
2591,38
2592,28
2592,40
2594,33
2594,36
2594,37
2595,7
2595,35
2596,38
2597,8
2597,29
2597,34
2597,40
2598,5
2599,39
2601,36
2601,40
2602,1
2602,28
2602,34
2603,18
2604,15
2604,31
2604,33
2604,38
2604,40
2606,4
2606,20
2606,34
2606,39
2607,28
2607,35
2607,36
2607,40
2609,32
2609,38
2610,40
2611,12
2611,13
2612,26
2612,34
2613,21
2614,37
2614,39
2614,40
2615,36
2615,38
2616,2
2616,11
2617,9
2617,12
2617,16
2618,19
2618,33
2618,34
2619,40
2620,36
2621,4
2621,23
2621,29
2621,39
2622,38
2623,40
2624,36
2625,33
2625,35
2626,24
2627,34
2628,39
2629,37
2630,22
2630,36
2632,40
2633,34
2634,33
2634,39
2638,25
2639,33
2639,36
2639,38
2639,39
2640,34
2640,40
2643,39
2647,33
2647,40
2648,34
2648,36
2649,39
2654,39
2655,36
2655,40
2656,38
2658,14
2658,33
2658,35
2660,34
2660,36
2661,20
2661,27
2661,37
2663,39
2663,40
2664,6
2664,38
2667,34
2667,36
2668,4
2668,40
2670,8
2670,39
2672,36
2672,38
2673,40
2674,19
2675,35
2676,33
2676,34
2677,36
2678,4
2678,10
2678,30
2678,31
2679,38
2681,7
2681,28
2681,36
2681,39
2681,40
2682,15
2682,24
2682,29
2682,34
2683,33
2685,36
2685,37
2685,40
2686,1
2686,5
2686,11
2686,13
2686,23
2686,39
2687,3
2687,7
2687,9
2687,21
2687,33
2688,34
2688,40
2689,4
2689,12
2689,28
2689,32
2689,36
2689,39
2690,6
2690,20
2690,22
2690,26
2690,37
2691,17
2691,18
2691,38
2692,16
2692,33
2692,34
2692,36
2692,40
2693,2
2693,8
2693,19
2693,29
2693,39
2694,12
2695,15
2695,40
2696,28
2696,33
2696,35
2697,4
2697,34
2697,36
2697,39
2698,40
2699,37
2699,38
2701,39
2702,40
2703,34
2706,33
2706,40
2707,39
2708,36
2709,34
2711,40
2715,38
2715,39
2716,33
2717,40
2719,34
2721,35
2721,36
2724,38
2724,39
2725,40
2728,33
2731,38
2731,40
2732,34
2733,36
2733,39
2736,40
2738,39
2739,25
2739,38
2740,40
2741,34
2741,36
2744,15
2744,33
2745,30
2745,38
2745,39
2745,40
2746,36
2747,34
2751,33
2751,40
2752,34
2752,38
2752,39
2757,36
2757,39
2758,33
2758,37
2758,40
2760,34
2761,40
2762,8
2762,33
2763,27
2764,39
2765,40
2766,28
2766,29
2766,33
2766,35
2767,34
2767,38
2770,39
2770,40
2771,13
2771,33
2771,34
2772,4
2772,7
2773,31
2774,1
2774,14
2774,20
2774,37
2774,39
2774,40
2775,36
2775,38
2776,5
2776,33
2776,34
2777,22
2777,23
2779,2
2779,4
2779,9
2779,39
2779,40
2781,6
2781,21
2781,28
2781,33
2781,35
2782,10
2782,24
2782,32
2782,34
2783,19
2783,36
2783,39
2784,3
2784,11
2784,12
2784,38
2784,40
2786,4
2786,29
2786,34
2787,8
2787,15
2787,16
2787,18
2787,37
2788,26
2788,33
2789,17
2789,39
2790,28
2790,34
2790,35
2790,36
2790,38
2790,40
2791,1
2791,30
2793,7
2793,33
2794,40
2795,34
2796,36
2797,25
2798,37
2798,39
2800,34
2800,40
2801,33
2802,36
2804,34
2804,40
2805,38
2807,39
2807,40
2808,33
2809,34
2810,40
2813,36
2813,39
2814,34
2814,40
2815,38
2816,33
2819,40
2821,34
2822,36
2823,33
2824,38
2824,39
2826,36
2826,40
2830,40
2831,34
2831,36
2832,39
2834,40
2835,20
2836,39
2837,12
2838,15
2838,34
2840,36
2840,39
2841,22
2841,27
2841,29
2842,33
2842,37
2842,40
2843,2
2843,28
2843,34
2843,35
2844,39
2845,7
2846,9
2846,33
2846,34
2847,40
2848,39
2849,4
2849,36
2850,13
2850,34
2851,6
2852,23
2852,39
2852,40
2853,8
2854,33
2854,35
2854,38
2855,36
2857,19
2858,18
2858,34
2858,39
2860,33
2860,40
2861,36
2862,11
2862,16
2862,21
2863,28
2863,34
2863,39
2865,38
2866,33
2866,37
2867,40
2868,31
2868,32
2868,36
2869,39
2872,10
2872,34
2873,33
2873,40
2874,39
2875,4
2875,5
2876,36
2877,37
2878,33
2878,34
2879,29
2879,39
2880,3
2880,30
2881,1
2881,36
2881,40
2882,34
2884,33
2884,38
2885,39
2886,40
2887,15
2887,36
2889,29
2890,34
2890,37
2891,39
2892,20
2892,33
2892,35
2892,36
2893,25
2893,40
2894,12
2894,26
2897,33
2897,38
2897,40
2898,34
2898,36
2899,24
2899,28
2899,37
2899,39
2901,33
2902,36
2903,40
2904,2
2904,34
2907,33
2907,40
2908,14
2910,39
2911,8
2911,33
2911,34
2912,36
2912,40
2914,27
2915,39
2916,40
2917,22
2917,34
2917,38
2918,33
2919,39
2920,40
2921,4
2921,7
2922,35
2923,19
2923,34
2923,36
2923,37
2923,39
2924,38
2924,40
2925,6
2927,9
2927,33
2929,34
2929,39
2929,40
2930,38
2931,13
2933,36
2933,40
2934,29
2934,39
2936,38
2937,34
2937,37
2938,40
2939,15
2940,11
2940,33
2940,39
2943,34
2943,36
2944,20
2944,23
2944,40
2945,4
2945,5
2945,12
2945,21
2945,39
2947,35
2948,18
2948,38
2948,39
2948,40
2949,2
2949,36
2950,16
2950,31
2951,33
2951,37
2951,40
2952,1
2952,6
2952,34
2953,15
2953,38
2953,39
2954,3
2954,28
2954,40
2955,8
2956,36
2957,33
2957,34
2958,32
2958,39
2959,19
2959,26
2959,35
2959,38
2959,40
2960,25
2960,28
2960,30
2961,34
2962,7
2963,33
2963,40
2964,38
2965,34
2966,39
2967,24
2967,40
2968,4
2968,34
2969,36
2970,40
2971,34
2971,39
2972,33
2972,38
2973,40
2976,34
2976,40
2977,33
2978,39
2979,40
2980,38
2981,34
2982,33
2983,40
2985,37
2986,34
2987,40
2989,33
2989,39
2991,22
2991,36
2992,34
2993,40
2995,35
2995,39
2997,34
2998,33
2998,37
3000,40
3001,39
3003,29
3003,34
3003,36
3004,33
3004,40
3006,39
3008,34
3008,40
3009,38
3010,33
3010,36
3010,37
3012,4
3012,39
3013,34
3013,40
3014,9
3016,38
3016,40
3017,20
3017,33
3017,39
3019,28
3019,36
3021,10
3021,27
3021,40
3022,12
3022,34
3022,38
3023,11
3023,39
3024,7
3024,8
3025,15
3025,33
3025,37
3025,40
3026,1
3026,19
3027,30
3027,32
3027,34
3028,4
3028,5
3028,6
3028,26
3028,28
3028,36
3028,39
3029,17
3029,23
3029,29
3029,35
3029,38
3029,40
3030,21
3030,31
3030,33
3031,8
3031,13
3031,16
3031,18
3032,36
3032,39
3032,40
3033,28
3033,34
3033,38
3035,3
3035,25
3035,35
3037,9
3037,37
3038,40
3039,2
3039,38
3040,14
3040,39
3041,34
3042,12
3043,33
3044,40
3045,36
3045,38
3045,39
3046,4
3047,29
3048,40
3049,34
3051,36
3051,40
3052,33
3052,39
3053,38
3055,40
3056,22
3056,34
3058,40
3062,37
3062,40
3063,33
3063,34
3065,36
3065,39
3067,40
3070,33
3071,34
3072,40
3074,36
3075,33
3075,39
3077,40
3078,27
3078,38
3079,34
3080,33
3082,39
3082,40
3083,24
3084,29
3085,33
3086,34
3086,40
3088,36
3089,4
3089,13
3090,20
3091,39
3091,40
3092,7
3092,19
3092,38
3093,15
3093,33
3093,34
3093,35
3093,37
3094,17
3095,5
3096,29
3096,30
3096,40
3097,6
3097,28
3098,23
3098,33
3098,34
3098,39
3099,1
3099,36
3100,11
3100,40
3101,3
3101,8
3102,4
3102,18
3102,34
3102,35
3103,33
3103,38
3103,39
3104,2
3104,9
3105,28
3105,32
3105,37
3105,40
3107,10
3107,22
3107,26
3108,16
3108,21
3108,33
3108,34
3109,36
3109,39
3111,12
3111,25
3111,37
3111,40
3113,35
3113,39
3114,34
3115,28
3115,29
3115,40
3117,34
3118,7
3120,33
3120,39
3120,40
3121,36
3121,38
3122,34
3124,37
3128,33
3128,34
3128,39
3128,40
3132,34
3133,40
3134,33
3137,34
3137,39
3137,40
3138,38
3140,33
3141,40
3143,34
3146,38
3146,40
3147,39
3148,33
3149,20
3149,34
3151,31
3151,40
3153,33
3154,34
3154,38
3154,40
3155,14
3155,19
3155,39
3157,35
3157,36
3158,33
3158,40
3161,27
3162,34
3163,33
3163,40
3165,4
3165,39
3167,37
3167,38
3167,40
3169,6
3169,35
3170,8
3170,15
3170,34
3170,36
3171,33
3171,40
3172,1
3172,22
3173,39
3175,34
3175,35
3176,37
3177,36
3177,40
3178,29
3181,33
3181,34
3182,38
3182,40
3185,15
3185,30
3185,36
3186,4
3186,39
3186,40
3188,23
3188,28
3188,29
3188,34
3189,33
3189,40
3190,24
3190,38
3190,39
3191,11
3191,13
3191,36
3192,5
3192,18
3192,37
3193,9
3193,40
3194,4
3194,7
3194,12
3194,28
3194,35
3194,36
3194,39
3195,33
3195,38
3196,21
3196,32
3196,34
3197,6
3197,17
3197,40
3198,20
3198,36
3199,3
3199,8
3199,26
3200,19
3200,39
3201,37
3201,38
3201,40
3202,16
3202,28
3202,34
3203,25
3203,33
3203,36
3206,31
3206,34
3206,40
3207,39
3208,36
3211,4
3212,38
3213,36
3213,40
3214,39
3215,33
3216,37
3217,40
3219,33
3220,34
3222,39
3222,40
3224,36
3226,33
3226,40
3229,34
3229,38
3229,39
3229,40
3231,33
3232,40
3234,37
3236,33
3236,40
3240,40
3241,34
3242,28
3242,39
3244,33
3245,35
3245,36
3245,40
3246,34
3246,38
3249,37
3251,40
3252,22
3252,36
3253,1
3253,34
3254,39
3255,33
3256,40
3257,15
3257,35
3258,36
3259,34
3260,39
3260,40
3262,33
3262,37
3263,34
3263,40
3266,33
3266,38
3266,39
3267,34
3267,36
3267,40
3271,39
3272,34
3272,40
3273,27
3273,33
3276,7
3276,34
3276,39
3277,33
3278,36
3278,40
3279,4
3279,30
3279,37
3280,9
3280,10
3280,29
3281,5
3281,39
3282,34
3282,40
3283,13
3283,20
3283,23
3283,33
3283,36
3284,4
3284,12
3284,21
3284,28
3284,29
3285,6
3285,8
3285,35
3285,38
3286,36
3286,39
3286,40
3287,1
3287,19
3287,24
3287,33
3288,3
3288,15
3288,31
3288,34
3289,18
3289,22
3289,26
3290,2
3290,11
3290,14
3290,16
3290,28
3290,40
3291,9
3291,25
3291,32
3291,36
3291,37
3291,39
3292,33
3292,34
3292,35
3293,4
3293,7
3293,19
3293,29
3294,15
3294,17
3294,38
3294,40
3295,6
3295,12
3295,39
3296,28
3296,33
3296,36
3297,5
3297,8
3297,40
3298,23
3298,34
3299,4
3299,7
3299,39
3300,38
3300,40
3301,33
3302,35
3304,36
3304,40
3305,33
3306,39
3308,40
3309,33
3309,38
3311,39
3313,40
3314,33
3314,34
3315,36
3315,39
3317,38
3317,40
3319,33
3319,39
3323,33
3324,39
3325,40
3326,34
3327,33
3327,36
3328,35
3330,39
3331,33
3332,40
3335,34
3335,39
3336,33
3338,36
3340,33
3340,34
3341,39
3341,40
3343,27
3343,36
3345,33
3345,34
3347,39
3350,36
3350,37
3351,34
3351,40
3352,33
3352,35
3353,39
3354,38
3356,33
3357,36
3357,40
3359,34
3359,38
3360,39
3361,29
3361,33
3361,40
3362,20
3363,36
3365,34
3365,37
3365,38
3365,39
3366,33
3367,15
3367,40
3370,39
3371,1
3371,33
3371,36
3373,30
3373,34
3373,40
3374,11
3374,25
3374,38
3375,28
3375,33
3375,39
3377,4
3377,13
3377,22
3377,26
3377,34
3377,40
3378,21
3378,33
3378,36
3378,37
3380,9
3380,16
3380,23
3380,39
3381,34
3381,40
3382,19
3382,32
3382,35
3382,36
3383,8
3383,33
3383,38
3384,6
3384,12
3385,2
3385,7
3385,39
3386,28
3386,29
3386,36
3387,3
3387,4
3387,31
3387,33
3387,34
3387,37
3387,40
3388,18
3389,5
3389,24
3389,38
3389,39
3391,36
3391,40
3392,10
3393,33
3393,34
3394,20
3394,28
3394,39
3397,34
3397,36
3398,33
3398,38
3401,34
3401,40
3403,39
3404,33
3404,36
3405,34
3406,37
3407,40
3409,33
3409,34
3409,36
3411,39
3413,40
3414,34
3415,33
3415,36
3416,35
3418,34
3419,39
3421,33
3421,40
3422,36
3423,34
3424,14
3427,34
3427,39
3428,33
3428,36
3428,38
3428,40
3430,28
3430,35
3432,4
3433,34
3434,33
3434,36
3435,40
3436,38
3438,39
3440,27
3440,36
3441,2
3441,33
3441,34
3442,35
3442,38
3442,40
3444,7
3444,36
3446,1
3446,28
3446,29
3447,36
3447,37
3447,38
3448,15
3448,33
3448,34
3449,39
3449,40
3450,8
3451,30
3451,31
3452,9
3452,23
3452,28
3452,36
3453,17
3454,33
3455,4
3455,5
3455,19
3455,25
3455,32
3455,34
3455,36
3455,39
3455,40
3456,6
3456,35
3456,38
3457,12
3457,13
3457,16
3457,21
3457,22
3457,24
3459,11
3459,28
3459,36
3459,39
3459,40
3460,18
3460,20
3460,26
3460,33
3460,38
3461,10
3461,19
3461,34
3463,3
3463,6
3463,8
3463,15
3463,35
3463,40
3464,2
3464,12
3464,33
3464,36
3465,37
3466,28
3466,38
3466,40
3467,39
3468,33
3469,34
3469,36
3469,40
3472,39
3473,40
3474,38
3475,33
3477,36
3477,40
3478,34
3478,39
3482,33
3482,39
3482,40
3483,38
3484,34
3484,36
3487,40
3488,39
3492,33
3492,38
3493,34
3493,39
3494,36
3494,40
3497,29
3499,34
3499,39
3499,40
3500,33
3500,36
3501,38
3504,33
3504,40
3505,36
3506,4
3506,34
3507,39
3509,33
3509,38
3510,36
3511,40
3515,33
3515,39
3516,37
3517,36
3518,34
3518,40
3520,27
3520,35
3520,39
3522,22
3524,36
3525,35
3526,33
3526,34
3526,39
3527,38
3528,7
3528,40
3529,36
3532,33
3532,34
3532,39
3533,14
3534,30
3534,36
3536,35
3537,4
3537,33
3537,40
3538,34
3540,6
3540,39
3541,20
3542,23
3542,33
3542,36
3542,38
3543,8
3543,37
3543,40
3544,13
3544,34
3545,35
3546,9
3546,12
3546,19
3546,39
3547,28
3547,33
3547,36
3548,1
3548,11
3548,40
3549,34
3549,39
3550,5
3550,24
3551,3
3551,4
3551,21
3551,36
3552,10
3552,16
3552,26
3552,33
3552,37
3552,40
3553,15
3553,39
3554,7
3554,29
3555,20
3555,31
3555,32
3555,34
3555,35
3555,36
3555,40
3556,18
3556,25
3556,38
3557,17
3557,28
3557,33
3557,39
3558,19
3558,40
3559,2
3559,36
3559,37
3560,34
3560,38
3561,33
3561,39
3564,28
3564,40
3566,36
3567,33
3567,39
3568,34
3569,40
3570,38
3571,36
3572,39
3575,40
3577,34
3577,36
3577,39
3578,33
3579,38
3582,36
3582,39
3584,33
3584,34
3584,40
3586,38
3587,36
3587,39
3590,40
3593,36
3593,39
3594,34
3594,38
3595,15
3595,33
3598,36
3598,40
3601,33
3601,39
3603,36
3605,35
3606,34
3606,37
3607,40
3608,38
3609,39
3610,22
3611,36
3612,33
3612,40
3613,39
3614,12
3615,34
3617,6
3618,36
3618,39
3618,40
3619,33
3619,34
3621,27
3623,1
3623,8
3623,34
3624,4
3624,39
3625,7
3625,28
3625,30
3625,35
3625,36
3626,40
3627,16
3627,23
3627,32
3628,5
3628,34
3628,37
3629,13
3629,18
3629,33
3629,38
3629,39
3630,9
3630,21
3630,29
3630,31
3630,36
3631,20
3631,28
3631,40
3632,26
3632,34
3633,3
3633,4
3633,10
3633,19
3633,25
3634,24
3634,36
3634,38
3634,39
3635,6
3635,33
3635,34
3635,40
3636,11
3636,28
3637,17
3638,8
3638,15
3638,34
3638,36
3638,37
3639,14
3640,33
3640,39
3640,40
3641,2
3641,9
3641,35
3642,34
3643,29
3645,40
3646,28
3647,33
3647,34
3647,36
3647,39
3648,4
3648,38
3650,40
3653,38
3654,34
3654,39
3657,40
3658,33
3658,34
3662,34
3662,38
3662,40
3663,33
3663,39
3666,36
3667,34
3668,38
3668,40
3669,33
3671,39
3672,34
3673,33
3673,40
3676,38
3677,33
3677,34
3677,39
3679,29
3679,40
3680,36
3682,33
3683,34
3683,39
3684,38
3684,40
3685,22
3685,37
3687,33
3688,36
3689,34
3689,39
3690,40
3695,33
3695,38
3695,39
3696,40
3697,34
3698,12
3698,36
3700,7
3700,40
3702,34
3703,23
3703,27
3703,38
3703,39
3703,40
3704,33
3706,18
3706,36
3707,34
3707,39
3707,40
3708,1
3710,15
3710,28
3710,35
3711,34
3711,36
3711,37
3711,38
3712,8
3712,32
3712,39
3712,40
3714,34
3715,4
3715,13
3715,30
3716,19
3716,40
3717,33
3717,36
3717,39
3718,20
3718,21
3718,34
3718,35
3719,38
3721,37
3721,40
3722,24
3722,34
3723,39
3724,11
3724,33
3725,6
3725,36
3725,38
3726,34
3726,40
3728,16
3730,34
3730,39
3731,38
3731,40
3732,9
3732,33
3734,36
3735,34
3737,29
3737,33
3737,40
3739,2
3739,34
3740,28
3740,36
3740,38
3741,39
3742,33
3742,34
3743,4
3743,40
3746,34
3746,39
3747,37
3747,40
3748,33
3749,31
3750,22
3750,34
3751,5
3751,36
3751,38
3752,40
3753,39
3754,34
3756,33
3758,7
3758,34
3758,40
3759,35
3760,37
3760,39
3761,15
3761,34
3762,36
3763,33
3765,10
3765,34
3766,40
3767,36
3768,3
3768,39
3769,34
3769,38
3770,33
3773,18
3773,20
3773,34
3774,36
3774,40
3776,39
3777,28
3777,33
3777,34
3777,38
3778,8
3778,19
3778,26
3779,23
3780,37
3781,12
3781,28
3781,39
3782,1
3782,4
3782,25
3782,30
3782,33
3782,34
3782,36
3783,32
3783,40
3784,6
3784,35
3785,2
3785,13
3785,14
3786,5
3786,39
3786,40
3787,27
3787,34
3787,38
3788,36
3789,21
3789,33
3790,39
3791,40
3792,36
3793,15
3795,39
3795,40
3796,33
3796,34
3799,35
3799,36
3800,29
3800,39
3800,40
3802,33
3804,34
3804,39
3806,40
3807,39
3808,7
3808,33
3808,36
3809,38
3810,40
3811,39
3813,33
3814,34
3815,39
3816,40
3817,29
3818,11
3818,38
3818,39
3819,37
3820,33
3820,36
3821,4
3821,34
3822,9
3822,39
3823,35
3823,40
3824,12
3824,22
3826,39
3827,34
3828,33
3828,38
3829,40
3830,2
3830,36
3831,6
3831,39
3833,38
3834,33
3834,40
3836,1
3836,34
3836,35
3838,39
3840,38
3841,36
3842,40
3844,31
3845,8
3845,24
3846,17
3847,19
3847,20
3847,38
3847,39
3848,32
3848,33
3849,4
3849,16
3849,27
3849,35
3849,36
3849,37
3849,40
3850,18
3850,28
3850,34
3851,7
3851,15
3851,21
3851,23
3853,33
3853,39
3854,28
3854,30
3854,36
3854,38
3854,40
3855,13
3855,26
3855,34
3855,35
3856,3
3857,8
3859,36
3859,37
3860,9
3860,39
3861,5
3861,33
3862,28
3862,38
3862,40
3863,34
3865,25
3865,39
3866,29
3866,33
3866,36
3867,34
3867,40
3869,38
3870,36
3872,40
3873,4
3873,34
3874,39
3875,36
3876,38
3877,34
3879,40
3880,34
3881,36
3881,39
3883,35
3884,34
3885,36
3886,40
3888,34
3890,36
3890,38
3890,40
3891,39
3892,33
3893,34
3895,36
3895,40
3897,34
3900,40
3902,34
3902,36
3902,39
3906,40
3908,4
3908,22
3908,34
3909,14
3909,38
3909,39
3910,36
3911,6
3911,33
3911,40
3913,12
3913,15
3913,34
3913,35
3913,37
3914,39
3916,33
3916,36
3916,40
3917,20
3918,1
3918,18
3918,34
3920,27
3921,28
3921,33
3921,39
3922,36
3922,38
3922,40
3923,16
3923,34
3925,23
3925,35
3926,7
3926,11
3927,4
3927,13
3927,33
3927,39
3928,8
3928,36
3928,37
3928,40
3929,19
3930,2
3930,38
3931,5
3931,10
3931,33
3931,34
3931,39
3932,21
3932,28
3932,30
3932,35
3933,9
3933,29
3934,26
3934,40
3935,24
3935,33
3935,36
3937,39
3938,4
3938,28
3938,29
3938,34
3940,36
3940,37
3941,40
3942,17
3942,33
3942,34
3942,39
3943,38
3944,23
3946,40
3947,39
3951,33
3951,40
3952,32
3952,34
3952,36
3953,39
3954,20
3954,38
3956,31
3957,40
3958,34
3958,36
3959,38
3961,15
3961,33
3962,22
3963,6
3963,40
3965,39
3966,12
3966,19
3966,34
3966,38
3967,36
3968,37
3970,40
3971,33
3971,34
3973,3
3973,39
3976,33
3976,40
3977,36
3978,7
3978,34
3978,38
3979,39
3982,33
3982,40
3986,34
3986,40
3987,36
3988,39
3990,38
3992,39
3992,40
3994,25
3995,33
3995,34
3996,1
3996,40
3997,39
3998,37
3999,21
4000,40
4001,8
4001,38
4002,33
4002,34
4002,36
4002,39
4005,40
4006,15
4007,4
4007,29
4008,38
4008,39
4009,34
4009,35
4010,33
4011,9
4011,30
4011,40
4012,37
4014,28
4015,36
4015,38
4015,39
4015,40
4016,18
4016,34
4019,5
4019,6
4019,20
4019,27
4020,40
4021,11
4021,33
4021,38
4022,16
4022,34
4022,39
4023,26
4023,28
4025,13
4025,32
4025,35
4025,40
4026,19
4026,29
4026,36
4027,2
4027,14
4027,22
4027,34
4028,1
4028,4
4028,7
4028,10
4028,31
4028,37
4028,38
4029,12
4029,28
4029,33
4029,39
4029,40
4030,36
4031,8
4031,23
4031,34
4031,35
4032,24
4034,40
4035,17
4035,34
4035,36
4035,38
4035,39
4038,40
4039,33
4039,34
4040,28
4042,36
4042,38
4042,39
4043,34
4043,40
4044,33
4047,40
4048,34
4050,38
4050,39
4051,40
4053,33
4056,36
4056,40
4058,38
4059,33
4059,34
4060,39
4061,40
4064,34
4065,33
4065,38
4066,36
4067,40
4072,28
4072,34
4072,38
4072,39
4074,33
4074,36
4076,40
4078,29
4078,34
4078,39
4079,33
4081,36
4081,40
4082,4
4082,38
4082,39
4083,34
4084,15
4085,35
4086,30
4086,39
4087,37
4087,40
4088,20
4089,33
4089,34
4090,39
4091,36
4092,40
4094,21
4094,27
4094,34
4094,39
4096,5
4097,33
4098,36
4098,39
4099,22
4099,34
4099,40
4100,35
4101,31
4102,2
4102,4
4102,6
4102,26
4102,39
4104,9
4104,19
4104,37
4105,8
4105,12
4105,34
4105,36
4105,38
4105,40
4106,4
4106,23
4106,33
4106,39
4107,3
4107,18
4107,28
4107,35
4108,32
4109,1
4110,13
4110,36
4110,39
4110,40
4111,7
4111,11
4111,14
4111,28
4111,33
4111,34
4112,16
4113,37
4113,39
4114,35
4114,36
4114,38
4114,40
4115,20
4115,33
4116,15
4116,34
4117,25
4117,39
4118,4
4118,24
4119,40
4121,34
4121,39
4122,36
4122,38
4123,33
4124,40
4127,39
4128,33
4128,38
4130,34
4130,40
4133,33
4134,34
4134,38
4134,39
4134,40
4136,29
4139,33
4139,38
4140,34
4140,40
4141,36
4141,39
4143,33
4145,34
4145,37
4145,40
4146,39
4148,33
4148,38
4149,34
4149,40
4152,36
4153,39
4154,34
4154,38
4154,40
4155,33
4159,40
4160,34
4161,33
4161,38
4161,39
4163,29
4166,30
4166,33
4166,34
4166,40
4168,36
4169,28
4169,38
4170,23
4170,34
4170,40
4171,39
4173,8
4173,33
4174,36
4174,40
4175,34
4178,4
4178,28
4178,35
4178,38
4178,39
4179,34
4180,22
4180,40
4182,33
4182,34
4183,6
4183,9
4184,37
4185,36
4185,40
4186,34
4186,39
4187,2
4187,12
4187,38
4189,13
4189,40
4191,34
4192,5
4192,33
4193,18
4193,39
4194,10
4194,26
4194,40
4195,1
4195,34
4195,36
4195,38
4196,29
4196,35
4196,37
4197,28
4197,33
4198,20
4198,34
4199,3
4199,7
4199,19
4200,40
4202,25
4202,28
4202,34
4202,36
4202,37
4203,4
4203,8
4203,15
4203,16
4203,33
4203,39
4204,11
4204,27
4205,14
4205,17
4205,34
4205,40
4206,4
4206,7
4206,32
4206,35
4207,21
4207,33
4207,36
4207,39
4208,20
4208,24
4208,34
4208,38
4209,23
4209,31
4209,40
4210,37
4212,34
4212,40
4213,19
4214,39
4216,33
4216,34
4216,38
4216,40
4218,36
4219,35
4220,34
4220,40
4224,40
4225,34
4225,38
4225,39
4227,40
4228,36
4230,40
4231,34
4231,38
4233,40
4234,39
4236,34
4237,33
4237,40
4239,38
4241,34
4241,39
4243,40
4244,33
4244,36
4248,33
4248,34
4249,36
4249,40
4250,39
4251,38
4253,37
4254,33
4255,39
4256,36
4256,40
4259,28
4259,39
4261,6
4261,34
4261,40
4262,33
4262,36
4264,39
4264,40
4265,5
4265,8
4265,12
4265,35
4266,34
4267,33
4269,39
4269,40
4270,1
4270,4
4271,30
4271,33
4271,36
4273,18
4273,22
4273,37
4273,40
4275,15
4275,31
4275,34
4275,39
4276,26
4276,27
4276,33
4276,40
4277,20
4278,21
4279,32
4280,7
4280,9
4280,35
4280,37
4280,39
4280,40
4281,11
4281,28
4281,34
4281,36
4282,10
4282,38
4283,19
4283,24
4283,40
4284,16
4284,33
4285,4
4285,29
4286,2
4286,12
4286,13
4286,25
4286,34
4286,36
4287,23
4287,40
4288,3
4288,28
4288,35
4288,38
4288,39
4289,37
4290,4
4290,6
4290,33
4290,34
4291,14
4291,40
4292,39
4293,15
4294,34
4295,38
4297,36
4297,39
4297,40
4298,34
4301,33
4301,39
4302,34
4302,40
4308,34
4308,37
4308,39
4309,36
4310,40
4313,39
4314,34
4316,40
4319,39
4320,36
4321,40
4322,33
4323,34
4323,38
4324,39
4326,40
4329,39
4330,34
4330,40
4332,15
4332,33
4334,40
4335,29
4335,39
4337,30
4337,34
4339,33
4339,38
4339,40
4340,1
4340,9
4340,36
4340,37
4341,7
4341,39
4343,5
4344,40
4345,4
4345,18
4345,22
4345,34
4346,8
4346,27
4346,28
4346,33
4346,36
4346,39
4348,12
4348,35
4348,40
4349,34
4349,38
4350,17
4350,31
4352,13
4352,39
4353,20
4353,37
4353,38
4353,40
4354,2
4354,28
4354,32
4354,33
4356,19
4356,21
4357,34
4357,36
4358,6
4359,33
4359,40
4360,4
4360,24
4360,25
4360,38
4361,23
4361,29
4361,39
4362,26
4362,35
4363,3
4363,36
4364,37
4364,38
4364,40
4365,11
4365,34
4366,28
4367,33
4367,39
4370,8
4370,36
4371,34
4372,40
4373,39
4375,37
4376,34
4376,38
4377,36
4378,33
4380,40
4381,39
4385,34
4385,36
4385,38
4386,39
4387,33
4387,40
4391,34
4391,36
4391,39
4393,33
4394,40
4395,38
4396,34
4398,33
4398,36
4398,39
4401,38
4402,34
4404,33
4404,39
4404,40
4406,36
4408,40
4410,34
4410,37
4410,38
4410,39
4413,40
4414,36
4415,34
4417,33
4417,39
4418,15
4419,36
4419,40
4421,12
4421,16
4421,34
4421,37
4421,38
4422,35
4423,33
4424,5
4424,22
4425,1
4425,36
4425,39
4426,40
4427,34
4428,20
4429,33
4430,2
4430,6
4430,8
4430,19
4430,23
4431,4
4431,35
4431,39
4431,40
4432,9
4432,27
4432,28
4432,34
4432,36
4433,18
4433,33
4433,38
4434,21
4434,24
4434,30
4435,7
4435,10
4435,11
4436,40
4437,13
4437,31
4437,36
4437,39
4438,17
4438,29
4438,34
4438,35
4438,37
4439,26
4439,32
4439,33
4440,28
4441,15
4441,36
4441,38
4441,39
4441,40
4442,34
4443,14
4443,33
4445,12
4446,19
4446,39
4447,34
4447,40
4448,35
4448,36
4448,38
4449,33
4453,38
4453,40
4456,39
4457,33
4457,34
4457,40
4458,38
4462,40
4463,36
4463,38
4463,39
4465,34
4466,33
4467,40
4470,29
4471,38
4472,34
4472,39
4473,33
4473,36
4474,40
4475,15
4476,4
4477,34
4478,1
4478,28
4478,38
4478,40
4479,33
4479,39
4480,7
4482,34
4482,37
4482,40
4483,8
4483,36
4484,3
4485,39
4486,5
4487,40
4488,33
4488,37
4488,38
4489,6
4489,20
4489,34
4491,40
4492,25
4492,36
4492,39
4493,38
4495,22
4496,33
4496,34
4496,40
4497,28
4497,38
4498,15
4500,36
4501,30
4502,38
4502,40
4503,9
4503,33
4503,39
4504,34
4504,35
4507,4
4508,38
4508,40
4510,16
4514,38
4514,39
4515,2
4515,21
4515,33
4515,35
4515,40
4516,34
4517,27
4519,31
4519,36
4520,10
4520,28
4520,40
4521,14
4521,26
4522,13
4522,34
4522,38
4523,36
4523,39
4524,24
4524,32
4524,33
4524,37
4525,8
4525,11
4525,12
4525,19
4526,7
4527,4
4527,35
4527,36
4527,40
4528,1
4528,20
4528,23
4528,28
4528,34
4528,39
4529,5
4529,6
4529,33
4530,37
4531,18
4531,36
4532,28
4532,39
4532,40
4533,34
4534,3
4534,22
4535,38
4536,33
4536,40
4538,29
4539,34
4539,36
4540,39
4541,15
4542,40
4544,39
4545,35
4545,38
4547,33
4548,40
4549,4
4549,36
4550,34
4552,39
4554,36
4554,40
4557,34
4557,38
4557,39
4559,36
4563,36
4563,38
4563,39
4567,34
4567,40
4569,36
4569,38
4570,17
4570,39
4572,33
4574,40
4575,34
4576,36
4577,38
4577,39
4578,15
4580,2
4581,37
4581,40
4582,12
4583,9
4583,36
4584,33
4584,34
4585,28
4585,39
4586,25
4587,31
4589,34
4590,4
4590,7
4590,33
4590,35
4590,36
4590,38
4590,39
4590,40
4591,21
4593,19
4594,8
4594,23
4594,40
4595,20
4595,30
4595,39
4596,29
4596,33
4596,36
4597,27
4597,37
4597,40
4598,28
4599,16
4599,38
4600,6
4600,22
4600,34
4600,39
4600,40
4601,4
4602,1
4602,24
4602,33
4604,11
4604,13
4604,14
4604,36
4604,39
4604,40
4605,5
4605,34
4607,32
4607,33
4608,39
4608,40
4610,38
4611,35
4611,37
4612,36
4613,33
4613,40
4616,29
4617,40
4618,34
4619,33
4621,38
4621,39
4622,40
4625,36
4627,33
4627,40
4630,18
4631,33
4632,26
4632,34
4632,39
4632,40
4633,15
4636,10
4636,33
4637,2
4637,34
4637,39
4637,40
4639,7
4639,36
4639,37
4641,28
4642,8
4642,33
4642,34
4642,40
4643,36
4644,35
4644,39
4645,4
4645,12
4645,30
4648,37
4648,40
4649,34
4650,36
4650,38
4650,39
4654,33
4655,22
4655,40
4657,39
4658,33
4658,36
4660,34
4661,3
4661,29
4664,33
4664,36
4664,39
4665,23
4665,35
4665,40
4666,19
4666,20
4666,38
4667,9
4667,28
4667,34
4669,25
4670,6
4670,21
4670,33
4670,40
4671,4
4671,13
4671,34
4671,39
4672,38
4673,40
4674,11
4675,1
4675,33
4676,34
4676,36
4677,5
4677,24
4677,37
4678,39
4678,40
4680,34
4680,38
4681,28
4682,16
4682,33
4682,40
4683,36
4684,39
4685,34
4686,33
4687,40
4690,37
4691,33
4691,34
4691,39
4691,40
4692,36
4693,27
4696,38
4696,40
4697,34
4697,39
4698,36
4699,33
4702,40
4703,34
4704,36
4704,39
4707,40
4708,33
4712,34
4712,37
4713,36
4713,39
4714,40
4716,29
4718,33
4719,15
4719,36
4720,38
4720,40
4721,14
4721,31
4721,34
4722,4
4724,7
4724,19
4724,32
4724,39
4724,40
4725,20
4725,38
4726,8
4726,34
4726,35
4727,17
4727,33
4728,10
4728,12
4728,16
4728,18
4728,36
4729,9
4729,21
4729,28
4729,40
4730,2
4730,23
4730,30
4730,34
4730,39
4731,4
4731,6
4731,36
4731,37
4732,13
4732,15
4732,24
4732,26
4732,33
4732,35
4732,40
4733,1
4734,7
4734,11
4734,22
4734,28
4734,39
4735,5
4735,34
4735,38
4735,40
4736,3
4736,33
4736,37
4737,36
4738,25
4739,40
4740,29
4740,39
4741,33
4741,34
4741,38
4743,36
4744,40
4746,34
4747,38
4748,39
4749,36
4750,33
4750,34
4751,40
4752,38
4753,34
4753,39
4754,36
4756,34
4756,40
4759,38
4759,39
4760,36
4761,34
4761,40
4762,33
4765,34
4765,38
4766,39
4767,40
4768,36
4771,34
4771,38
4772,39
4773,36
4774,33
4774,35
4775,40
4776,34
4777,27
4778,38
4779,36
4779,39
4780,34
4784,34
4784,38
4784,40
4786,36
4786,39
4789,34
4790,33
4790,39
4790,40
4791,38
4793,36
4794,34
4795,8
4796,38
4796,39
4798,36
4799,40
4800,33
4800,34
4801,9
4801,38
4802,35
4802,37
4803,39
4804,15
4806,36
4807,1
4807,40
4808,28
4808,33
4808,38
4809,22
4809,34
4809,39
4810,30
4811,31
4811,36
4813,19
4813,20
4814,4
4814,5
4814,38
4814,40
4816,12
4816,21
4816,36
4817,6
4817,24
4817,32
4817,33
4817,37
4817,39
4818,26
4818,28
4818,34
4818,38
4819,16
4819,23
4819,36
4820,29
4820,35
4820,40
4821,39
4822,15
4823,7
4823,8
4823,13
4823,33
4823,34
4823,36
4823,38
4825,39
4825,40
4827,36
4828,3
4828,18
4828,25
4828,37
4828,38
4829,11
4829,28
4829,34
4829,40
4830,33
4831,36
4832,4
4833,38
4833,39
4834,40
4835,34
4838,29
4839,36
4839,39
4840,17
4840,38
4841,34
4841,40
4843,33
4845,38
4845,40
4846,39
4847,34
4849,33
4850,40
4851,34
4852,39
4853,14
4853,33
4853,38
4855,40
4856,34
4857,33
4857,36
4857,39
4859,40
4860,34
4861,38
4862,27
4862,36
4863,33
4863,34
4863,40
4864,39
4866,40
4867,34
4868,33
4868,36
4870,34
4870,38
4870,40
4871,37
4871,39
4872,35
4874,33
4875,34
4875,40
4879,36
4879,39
4880,34
4881,33
4884,22
4884,34
4885,2
4885,38
4885,40
4886,36
4886,39
4887,9
4887,33
4887,34
4889,37
4890,4
4891,28
4891,34
4891,39
4891,40
4892,20
4892,38
4894,12
4894,33
4894,36
4896,34
4897,38
4899,36
4899,39
4900,19
4900,29
4901,40
4902,1
4902,21
4902,34
4903,23
4903,33
4903,36
4904,15
4904,28
4905,6
4905,7
4905,30
4905,31
4905,38
4906,4
4906,8
4906,34
4906,39
4907,13
4907,25
4907,35
4907,36
4907,40
4908,5
4908,18
4908,26
4908,33
4909,24
4909,38
4910,11
4910,16
4910,19
4910,32
4910,34
4910,39
4911,36
4911,40
4912,3
4912,23
4913,28
4913,33
4913,37
4914,34
4914,35
4914,39
4915,4
4915,10
4915,36
4916,6
4916,8
4918,33
4918,39
4918,40
4919,34
4919,38
4920,36
4921,35
4922,40
4924,33
4926,34
4927,36
4927,40
4929,33
4929,39
4931,34
4931,38
4932,40
4934,33
4934,36
4937,34
4939,40
4940,33
4941,39
4942,38
4943,34
4944,33
4944,36
4946,40
4949,33
4949,39
4950,14
4950,34
4953,36
4954,33
4954,40
4955,15
4956,20
4956,35
4957,27
4958,33
4958,37
4959,34
4960,38
4961,12
4961,39
4962,22
4962,40
4963,29
4964,30
4964,34
4965,33
4968,34
4968,36
4969,2
4969,9
4969,35
4970,40
4971,28
4971,39
4973,33
4973,34
4974,4
4974,7
4974,13
4974,36
4974,40
4977,38
4977,39
4978,34
4978,35
4978,40
4979,37
4983,5
4983,33
4984,36
4984,40
4986,26
4986,34
4988,21
4988,39
4989,19
4989,28
4989,36
4990,33
4990,34
4991,40
4992,6
4993,36
4993,37
4993,38
4993,39
4995,8
4995,25
4995,34
4996,1
4996,11
4996,40
4998,23
4998,33
4998,34
4998,36
4999,4
4999,38
4999,40
5000,32
5000,37
5000,39
