8,21
8,33
9,5
9,24
9,34
10,10
10,26
10,30
10,36
11,2
11,4
11,7
11,9
11,11
11,16
11,17
11,18
11,22
11,32
11,38
11,39
12,6
12,8
12,12
12,15
12,19
12,25
12,28
12,29
12,37
12,40
13,1
13,3
13,5
13,13
13,20
13,23
13,27
13,30
13,31
13,33
13,34
13,35
13,36
13,39
14,2
14,4
14,9
14,10
14,14
14,16
14,17
14,18
14,21
14,22
14,24
14,26
14,38
15,7
15,8
15,11
15,15
15,25
15,30
15,35
15,37
15,40
16,1
16,2
16,3
16,6
16,12
16,18
16,19
16,20
16,28
16,29
16,31
16,33
16,34
16,36
16,38
16,39
17,5
17,9
17,14
17,16
17,17
17,21
17,22
17,23
17,27
17,32
18,3
18,4
18,10
18,13
18,26
18,30
18,34
18,35
18,37
18,40
19,2
19,8
19,11
19,18
19,22
19,24
19,25
19,29
19,31
19,33
19,36
19,38
19,39
20,1
20,6
20,15
20,19
20,20
20,28
20,37
21,9
21,16
21,35
21,39
21,40
22,3
22,14
22,33
22,34
22,36
22,38
23,7
23,18
23,27
23,30
24,37
25,40
26,35
26,36
26,39
28,34
30,37
31,40
32,35
35,37
36,35
38,39
38,40
39,34
40,35
44,36
45,35
45,40
47,37
49,33
53,35
53,38
54,39
55,40
56,33
56,36
59,37
62,35
62,36
62,40
67,35
70,37
70,39
72,35
73,33
73,34
75,36
78,37
79,40
81,35
81,39
83,38
84,34
85,33
90,40
92,35
92,36
92,37
92,38
92,39
93,33
98,33
98,39
101,36
103,40
104,33
104,37
104,39
105,38
109,36
109,39
111,35
111,40
114,33
116,36
117,37
117,39
117,40
121,22
121,33
122,40
123,38
123,39
124,37
125,23
126,3
126,11
128,38
128,39
129,8
129,14
129,25
129,33
129,35
129,40
130,1
130,17
130,18
130,22
130,34
130,36
130,37
131,15
132,16
132,19
132,24
133,3
133,30
134,4
134,9
134,21
134,33
134,34
134,37
134,38
134,39
134,40
135,2
135,5
135,10
135,20
135,22
135,27
135,28
135,29
135,31
135,35
135,36
136,6
136,18
136,32
137,11
137,26
137,30
137,37
137,40
138,2
138,3
138,12
138,13
138,33
138,34
138,35
138,36
138,38
138,39
139,4
139,7
139,9
139,16
139,28
139,31
140,8
140,10
140,14
140,17
140,19
140,21
140,23
140,25
140,40
141,18
141,33
141,34
141,37
141,39
142,1
142,15
142,26
142,29
142,30
142,35
142,36
142,38
143,3
143,5
143,6
143,27
143,28
143,40
144,2
144,7
144,11
144,13
144,20
144,22
144,24
145,9
145,33
145,34
145,35
145,36
145,37
145,40
146,3
146,4
146,12
146,30
146,38
146,39
147,17
147,18
147,22
148,19
149,35
149,39
149,40
150,33
150,34
150,37
151,30
151,36
153,18
153,38
155,35
157,33
157,39
158,40
162,39
163,40
164,35
165,37
170,39
171,35
171,36
171,40
172,33
174,37
175,39
179,39
179,40
182,33
182,36
183,39
184,35
185,34
185,40
189,39
190,34
193,40
194,35
195,34
196,39
199,36
200,34
200,35
203,37
203,40
204,33
206,39
210,34
210,37
211,35
211,40
212,36
217,35
217,37
218,34
218,39
220,33
220,40
224,35
224,40
226,39
227,36
228,37
230,35
230,40
232,34
233,33
233,39
234,36
236,35
238,40
239,11
239,34
239,39
242,23
242,35
243,40
244,37
244,39
245,36
246,24
246,33
247,40
251,34
251,38
252,39
252,40
254,37
255,2
255,25
255,33
255,35
256,5
257,40
259,16
259,36
259,38
260,34
260,35
260,39
261,8
261,32
261,33
261,37
264,3
264,40
265,22
265,35
266,17
266,37
267,33
268,1
268,34
268,39
269,15
269,31
270,6
270,36
271,38
271,40
272,2
272,4
272,18
272,27
272,30
272,35
273,19
274,21
274,28
274,29
274,33
274,37
274,39
275,13
275,14
275,30
275,34
275,35
275,36
275,40
276,3
276,10
276,11
276,18
276,38
277,2
277,9
278,16
278,26
278,35
278,37
279,17
279,25
279,39
279,40
280,20
280,22
280,34
280,36
280,38
281,7
281,15
281,33
282,30
283,3
283,31
283,35
284,8
284,37
284,40
286,12
286,23
286,34
286,36
287,35
287,39
288,38
290,30
290,40
293,35
293,37
295,33
295,39
298,40
300,35
302,22
302,39
303,37
305,36
307,40
308,35
309,38
310,3
312,39
313,33
314,35
315,37
317,38
318,36
321,35
324,40
326,34
326,37
328,35
329,36
330,33
330,39
331,32
332,35
334,37
336,35
336,38
337,22
339,40
340,14
340,35
340,39
343,2
344,37
345,33
345,35
345,39
347,36
349,3
349,11
349,40
351,33
351,35
353,37
353,39
355,34
356,40
357,1
357,4
357,25
359,36
360,5
360,27
360,39
361,1
361,8
361,28
361,30
361,33
361,34
361,35
361,37
361,38
362,10
362,26
362,40
364,6
364,9
364,24
365,16
365,17
365,21
365,29
365,36
366,18
366,20
366,39
366,40
367,13
367,15
367,19
367,22
367,30
367,34
367,35
367,37
367,38
368,3
368,5
368,11
368,23
368,27
368,31
368,33
369,2
369,14
369,40
370,9
370,10
370,37
371,4
371,8
371,12
371,16
371,17
371,28
371,33
371,35
371,36
371,39
372,7
372,15
372,18
372,25
372,34
372,38
372,40
373,1
373,3
373,19
373,30
373,32
374,6
374,29
374,37
375,11
375,21
375,22
375,33
375,34
375,35
375,36
375,39
375,40
377,18
377,31
377,38
378,30
379,39
380,40
382,35
382,36
384,18
386,37
386,39
387,34
387,40
390,36
391,35
391,40
392,37
394,33
395,38
396,40
399,39
400,37
401,36
402,34
404,35
404,40
407,39
408,37
411,40
413,35
414,36
414,37
415,39
421,35
421,40
422,39
423,37
424,33
424,34
424,38
429,40
432,35
432,37
433,39
439,34
439,40
440,33
440,39
441,2
441,36
441,37
447,13
447,35
448,33
448,37
448,40
449,34
450,36
450,39
452,22
452,23
452,38
456,34
456,39
458,1
458,35
458,40
461,3
461,34
462,36
463,33
464,34
466,20
466,37
466,38
466,40
468,34
468,39
470,35
473,39
473,40
474,34
476,11
476,24
477,37
479,4
479,34
479,36
479,40
480,26
480,38
481,27
481,39
482,22
483,14
483,35
484,5
484,9
484,15
484,40
485,2
485,7
485,25
485,33
485,34
486,18
486,28
486,31
486,36
486,39
487,3
487,16
487,17
487,19
487,30
487,35
487,37
488,8
488,10
488,21
488,22
488,32
488,38
488,40
489,6
489,11
489,23
489,29
490,3
490,18
490,30
490,33
490,34
490,36
490,37
490,39
491,4
491,9
491,12
491,13
491,15
491,16
491,35
491,40
492,2
492,17
492,24
492,38
493,5
493,20
493,25
493,31
494,22
494,27
494,30
494,33
494,35
494,37
494,39
494,40
495,1
495,3
495,14
495,36
496,8
496,11
496,18
496,19
496,26
496,34
498,6
498,29
498,35
499,2
499,21
499,28
499,33
499,36
499,37
499,39
499,40
500,34
504,40
505,36
506,37
507,34
508,35
510,36
512,38
514,35
517,34
519,36
519,39
520,37
524,35
526,34
526,36
526,37
526,40
533,37
534,35
535,36
537,37
538,33
539,39
541,36
541,37
542,40
543,38
544,35
547,36
547,37
550,40
551,39
552,37
554,36
555,34
555,40
557,37
560,40
561,34
561,36
562,38
565,37
567,34
567,40
569,38
570,36
571,2
572,33
573,39
574,34
575,40
577,11
578,34
580,37
581,35
581,38
581,39
583,40
585,34
586,22
586,35
587,33
590,35
590,37
591,1
591,34
591,36
591,38
591,40
593,23
596,39
597,38
598,35
598,36
599,20
599,30
599,40
601,37
603,4
603,30
604,33
605,35
605,37
606,24
606,32
606,34
606,38
607,6
607,9
607,10
607,17
607,39
608,8
608,25
608,36
608,40
609,3
609,16
610,5
610,12
610,14
610,15
610,18
610,19
610,21
610,22
610,27
610,34
610,35
611,7
611,13
611,26
611,29
611,30
611,31
611,37
611,39
612,2
612,3
612,9
612,11
612,20
612,28
612,33
612,34
612,35
612,36
612,38
612,40
613,1
613,4
613,10
613,17
613,18
613,22
613,23
613,25
614,8
614,15
614,16
614,21
615,1
615,6
615,14
615,18
615,19
615,30
615,31
615,33
615,34
615,37
615,38
615,39
615,40
616,2
616,5
616,10
616,11
616,24
616,26
616,35
616,36
617,3
617,9
617,13
617,22
617,27
617,28
617,29
617,32
617,40
618,4
618,7
618,33
618,37
619,2
619,17
619,18
619,30
619,34
619,35
619,36
619,38
619,39
619,40
620,8
620,16
620,19
620,22
621,25
622,3
622,23
622,28
622,35
623,33
623,37
623,39
623,40
624,34
626,36
626,38
627,35
628,40
629,39
632,35
634,39
637,37
637,40
638,33
638,35
638,39
641,36
643,39
646,35
647,33
648,39
649,40
650,35
650,38
655,35
655,36
655,39
656,40
659,33
660,35
661,36
661,38
663,35
664,37
664,39
665,40
668,35
669,33
670,36
671,35
671,39
672,38
675,35
675,37
675,40
676,39
681,39
681,40
682,35
685,36
685,37
686,38
687,35
690,39
691,33
691,40
696,35
697,40
698,33
699,36
700,35
700,37
700,39
704,40
705,22
705,35
705,37
709,35
711,37
711,39
712,33
712,40
714,34
716,36
717,35
718,38
718,40
723,35
724,40
726,30
726,37
726,39
727,36
728,11
729,35
731,33
731,39
731,40
733,17
734,21
735,35
735,37
736,36
736,38
736,40
737,3
737,13
737,27
738,39
739,15
739,16
739,22
739,31
739,34
739,35
739,40
741,37
742,2
742,9
742,23
742,29
742,30
742,33
742,36
743,3
743,6
743,12
743,14
743,18
743,20
743,25
743,26
743,39
743,40
744,4
744,5
744,8
744,10
744,35
745,11
745,19
745,24
745,30
745,32
745,34
745,37
745,38
745,40
746,3
746,16
746,17
746,18
746,21
746,31
746,33
746,36
746,39
747,1
747,2
747,7
747,13
747,14
747,15
747,22
747,25
747,35
748,9
748,27
748,40
749,3
749,5
749,8
749,18
749,22
749,28
749,29
749,30
749,33
749,34
749,36
749,37
749,38
749,39
750,1
750,4
750,6
750,11
750,16
750,19
750,20
750,23
750,31
750,35
751,2
751,17
751,26
751,40
752,10
752,12
752,14
752,21
752,33
752,35
752,37
752,39
753,1
753,4
753,8
753,9
753,18
753,24
753,25
753,28
753,30
753,34
753,36
753,38
754,3
754,15
755,7
755,27
755,35
755,37
755,39
755,40
756,11
756,22
756,30
756,34
756,36
757,18
757,33
757,38
759,34
759,35
761,40
762,37
763,34
763,39
766,35
766,36
767,34
768,37
771,35
772,34
774,40
775,35
775,39
776,37
778,34
781,35
781,40
783,37
786,34
787,33
788,35
788,40
790,37
794,36
795,35
795,40
796,33
796,34
804,34
804,35
804,39
805,37
806,2
807,33
807,40
808,36
811,39
816,34
816,35
816,40
818,38
819,37
822,39
824,36
826,40
827,34
830,38
831,33
831,35
832,37
836,35
839,34
839,39
842,35
842,40
843,37
844,33
844,36
849,39
850,33
850,35
853,40
854,35
854,39
857,23
857,35
858,39
858,40
860,33
861,30
862,25
862,35
863,39
863,40
865,5
865,37
866,18
866,35
867,36
868,33
869,11
869,16
869,17
869,38
869,40
870,9
870,39
871,35
872,32
872,37
873,3
873,8
875,22
875,30
875,35
875,38
875,39
875,40
876,4
876,6
876,10
876,15
876,19
876,33
877,34
877,36
877,37
878,7
878,14
878,20
878,21
878,27
878,31
878,35
879,2
879,39
879,40
880,3
880,13
880,29
881,11
881,12
881,18
881,23
881,26
881,34
881,35
882,1
882,17
882,22
882,24
882,28
882,30
882,33
882,36
882,38
882,40
883,4
883,16
883,25
883,37
883,39
884,9
884,35
885,5
885,8
885,15
885,20
885,21
886,2
886,3
886,19
886,31
886,36
886,40
887,6
887,18
887,30
887,33
887,37
887,38
887,39
888,14
888,29
888,34
888,35
889,28
890,36
890,40
892,35
892,39
893,10
893,33
894,37
898,35
898,36
899,33
899,40
905,37
906,33
906,35
908,40
909,34
909,36
909,39
915,35
917,39
918,33
918,36
919,34
919,40
926,34
926,35
926,36
926,40
930,33
930,39
931,38
933,34
934,40
939,33
939,35
939,36
939,37
939,38
940,39
941,34
943,40
948,34
948,40
949,2
949,35
951,36
952,33
952,37
953,34
953,40
958,36
958,40
961,22
961,33
961,34
961,37
963,38
964,40
968,36
970,35
970,37
971,34
974,1
974,33
975,36
976,11
977,30
977,38
978,8
978,37
979,13
979,22
979,34
979,35
979,40
980,7
980,17
981,21
981,39
982,24
982,25
983,3
983,9
983,33
983,35
983,40
984,18
984,29
984,31
984,34
984,36
985,16
985,19
985,22
985,23
985,26
985,27
985,30
985,37
985,39
986,4
986,38
987,2
987,5
987,6
987,15
987,18
987,32
987,33
987,40
988,9
988,10
988,12
988,13
988,14
988,17
988,20
988,28
988,35
988,37
988,39
989,3
989,11
989,25
989,34
989,36
990,8
990,16
990,21
990,30
990,31
990,33
990,37
990,38
990,40
991,1
991,2
991,4
991,18
991,19
991,22
991,35
991,39
992,27
993,14
993,15
993,26
993,29
993,33
993,37
993,40
994,24
994,34
994,35
994,36
994,39
995,5
996,40
997,30
998,33
998,37
999,35
1000,3
1000,38
1000,39
1002,40
1003,37
1004,33
1004,35
1008,36
1008,39
1010,37
1012,35
1012,40
1013,33
1015,37
1017,39
1017,40
1021,33
1022,36
1022,37
1022,39
1024,40
1026,38
1027,35
1029,37
1032,36
1033,39
1037,40
1038,35
1038,36
1040,33
1040,38
1042,39
1044,34
1045,37
1045,40
1048,35
1050,36
1050,40
1053,34
1054,33
1057,40
1060,35
1062,34
1063,36
1064,33
1066,38
1069,39
1070,36
1070,37
1071,40
1073,34
1078,40
1079,34
1080,23
1081,2
1081,33
1081,36
1082,38
1083,35
1083,40
1084,34
1085,11
1085,39
1086,24
1090,33
1090,34
1090,37
1090,39
1090,40
1091,35
1091,36
1092,4
1092,22
1092,38
1094,25
1095,26
1095,40
1097,35
1098,28
1098,30
1098,34
1099,8
1099,17
1099,39
1100,5
1100,18
1100,37
1100,40
1101,20
1101,21
1101,31
1101,33
1102,12
1102,16
1102,27
1102,32
1102,35
1103,6
1103,9
1103,11
1103,15
1103,36
1104,3
1104,7
1104,10
1104,13
1104,19
1104,22
1104,29
1104,30
1104,34
1104,37
1104,38
1104,40
1105,1
1105,4
1105,14
1105,33
1105,35
1105,39
1106,2
1106,18
1106,25
1106,36
1106,40
1107,3
1107,8
1107,9
1107,23
1107,27
1107,31
1108,5
1108,17
1108,20
1108,21
1108,34
1108,35
1108,37
1109,16
1109,24
1109,30
1109,33
1109,38
1109,39
1109,40
1110,3
1110,15
1110,18
1110,22
1110,26
1110,36
1111,4
1111,11
1111,14
1112,6
1112,7
1112,19
1112,37
1112,40
1113,2
1113,10
1113,28
1113,33
1113,34
1113,35
1113,38
1113,39
1114,22
1114,29
1114,36
1115,40
1116,18
1117,12
1117,34
1117,35
1119,39
1120,37
1120,40
1121,33
1121,35
1122,34
1125,39
1126,35
1129,34
1130,35
1130,39
1134,40
1135,39
1136,35
1140,34
1140,39
1141,37
1144,35
1146,39
1147,40
1150,36
1151,33
1151,35
1154,38
1154,39
1156,40
1159,39
1162,33
1162,36
1162,40
1168,33
1169,34
1169,35
1169,38
1169,39
1170,40
1172,1
1174,33
1175,37
1178,36
1178,40
1179,39
1182,33
1182,34
1182,35
1187,40
1188,37
1188,39
1190,35
1192,13
1193,33
1195,34
1195,35
1195,40
1196,36
1198,23
1199,8
1201,33
1201,35
1202,40
1203,15
1203,30
1203,39
1204,20
1204,22
1204,34
1205,2
1205,4
1206,25
1206,35
1206,37
1207,11
1207,40
1208,3
1208,19
1208,24
1208,26
1208,32
1208,33
1208,39
1209,16
1209,17
1209,27
1209,28
1209,31
1209,36
1210,2
1210,5
1210,18
1210,35
1210,37
1210,40
1211,6
1211,9
1211,15
1211,21
1211,22
1211,29
1211,30
1211,38
1212,3
1212,4
1212,7
1212,10
1212,11
1212,14
1212,33
1212,39
1213,8
1213,34
1213,36
1213,37
1213,40
1214,12
1214,18
1214,19
1214,25
1214,28
1214,30
1214,35
1214,38
1215,1
1215,9
1215,13
1215,16
1215,17
1215,20
1215,22
1215,31
1215,39
1216,21
1216,26
1216,35
1217,3
1217,5
1217,18
1217,23
1217,30
1217,33
1217,34
1217,36
1217,37
1217,40
1218,1
1218,13
1218,14
1218,24
1218,27
1218,38
1219,9
1219,10
1219,11
1219,29
1219,39
1220,8
1220,31
1220,33
1220,34
1220,35
1220,36
1220,40
1221,22
1222,6
1222,25
1222,38
1223,2
1223,37
1223,39
1224,34
1225,35
1225,40
1227,33
1227,39
1230,35
1230,40
1231,34
1231,39
1234,40
1235,39
1236,35
1236,36
1237,34
1240,40
1241,34
1241,35
1242,39
1246,33
1246,34
1246,37
1246,40
1247,39
1250,35
1250,36
1250,40
1251,37
1254,40
1255,39
1257,35
1257,37
1258,36
1259,34
1260,40
1263,33
1264,36
1266,34
1266,39
1266,40
1268,38
1269,37
1270,36
1272,40
1274,33
1277,39
1279,35
1279,36
1280,34
1280,40
1284,33
1285,37
1286,39
1288,36
1289,40
1291,34
1291,37
1292,33
1293,36
1295,40
1296,35
1298,33
1299,37
1301,36
1302,30
1302,34
1302,40
1305,37
1305,39
1308,35
1309,34
1309,37
1310,36
1314,37
1315,40
1316,36
1318,38
1318,39
1319,35
1320,34
1320,37
1321,33
1321,36
1324,40
1326,36
1326,37
1328,34
1331,33
1331,40
1332,11
1332,22
1334,2
1334,23
1334,36
1335,34
1335,37
1336,35
1336,38
1337,3
1337,6
1337,28
1337,32
1337,33
1337,39
1338,4
1338,8
1338,15
1338,17
1338,26
1339,16
1339,36
1339,40
1340,5
1340,7
1340,13
1340,19
1340,21
1340,25
1340,27
1340,31
1340,34
1340,35
1340,37
1340,39
1341,1
1341,3
1341,9
1341,14
1341,18
1341,20
1341,22
1341,28
1341,29
1341,30
1341,33
1341,38
1342,2
1342,10
1342,11
1342,12
1342,15
1342,24
1342,36
1342,40
1343,4
1343,8
1343,16
1343,17
1343,18
1343,21
1343,23
1343,25
1343,30
1343,31
1343,34
1343,35
1343,37
1343,39
1344,1
1344,3
1344,6
1344,9
1344,13
1344,14
1344,19
1344,20
1344,26
1344,29
1344,33
1344,38
1345,5
1345,18
1345,22
1345,27
1345,30
1345,32
1345,36
1345,39
1345,40
1346,2
1346,10
1346,11
1346,12
1346,15
1346,16
1346,21
1346,34
1346,35
1346,37
1347,3
1347,4
1347,7
1347,8
1347,17
1347,24
1347,25
1347,28
1347,31
1347,33
1347,38
1348,13
1348,14
1348,36
1348,37
1348,40
1349,9
1349,22
1349,29
1349,30
1349,34
1349,35
1349,39
1350,18
1350,33
1350,38
1352,3
1352,35
1352,37
1352,39
1353,1
1353,40
1356,35
1356,37
1358,36
1360,33
1361,35
1364,34
1364,39
1365,35
1365,37
1365,40
1370,35
1373,39
1374,35
1374,37
1376,34
1378,35
1379,36
1381,40
1382,39
1383,35
1384,34
1385,37
1387,35
1389,40
1390,35
1392,37
1393,33
1394,35
1399,35
1399,37
1399,39
1399,40
1400,38
1402,34
1402,36
1406,34
1406,40
1408,37
1413,35
1414,37
1414,40
1415,34
1415,39
1418,35
1421,37
1422,36
1423,35
1424,40
1425,22
1426,38
1426,39
1428,37
1429,35
1430,40
1433,34
1434,33
1435,38
1437,35
1437,37
1438,40
1440,34
1445,37
1445,40
1446,34
1447,2
1447,39
1448,35
1448,36
1451,34
1452,35
1453,11
1453,27
1453,37
1455,33
1455,40
1456,35
1456,36
1457,22
1458,37
1459,34
1461,35
1461,39
1462,33
1463,30
1463,38
1465,3
1465,40
1466,39
1467,37
1469,35
1469,36
1470,5
1471,39
1472,33
1472,34
1472,40
1475,18
1475,36
1476,35
1478,23
1479,34
1479,39
1480,37
1481,30
1482,4
1482,17
1483,33
1483,35
1483,40
1484,25
1484,38
1485,12
1485,19
1485,20
1485,36
1485,39
1486,6
1486,18
1486,21
1486,26
1487,1
1487,16
1488,8
1488,9
1488,13
1488,31
1488,34
1488,35
1488,37
1489,3
1489,7
1489,10
1489,11
1489,14
1489,15
1489,24
1489,27
1489,28
1489,29
1489,30
1489,36
1489,38
1489,39
1489,40
1490,4
1490,18
1490,22
1490,35
1491,2
1491,3
1491,5
1491,17
1491,20
1491,21
1491,23
1491,25
1491,33
1491,34
1491,36
1491,37
1491,39
1491,40
1492,9
1492,14
1492,16
1492,19
1492,26
1492,28
1492,30
1492,32
1492,38
1493,6
1493,8
1493,11
1493,31
1493,35
1494,1
1494,2
1494,15
1494,18
1494,24
1494,29
1494,33
1494,36
1494,37
1494,39
1494,40
1495,3
1495,5
1495,12
1495,17
1495,22
1495,34
1496,7
1496,10
1496,30
1496,35
1496,38
1497,21
1497,33
1497,37
1497,40
1498,9
1498,34
1498,36
1499,13
1499,22
1500,27
1500,35
1500,39
1502,38
1502,40
1503,37
1504,33
1504,34
1504,35
1506,39
1510,35
1510,39
1510,40
1511,33
1511,34
1511,38
1513,37
1516,35
1516,39
1517,40
1519,37
1521,35
1522,33
1522,36
1522,39
1526,35
1526,37
1529,33
1529,39
1530,35
1531,38
1532,37
1533,39
1534,36
1535,35
1537,40
1540,35
1541,39
1542,33
1543,35
1543,37
1548,35
1548,37
1548,40
1550,39
1552,35
1552,38
1555,37
1555,39
1556,35
1556,40
1560,35
1561,39
1564,35
1565,37
1566,33
1566,34
1566,39
1567,36
1569,30
1571,35
1573,39
1574,22
1574,33
1574,37
1576,34
1576,40
1579,39
1580,35
1582,33
1582,37
1586,39
1587,33
1587,34
1587,40
1588,38
1589,35
1593,34
1594,33
1594,37
1594,39
1597,36
1600,33
1600,40
1602,35
1602,37
1603,34
1604,36
1607,11
1608,35
1609,32
1609,34
1610,33
1610,37
1611,1
1612,4
1612,36
1613,16
1613,25
1614,22
1614,30
1614,39
1615,8
1615,20
1615,29
1615,35
1615,38
1616,3
1616,10
1616,14
1616,19
1616,23
1616,27
1616,37
1616,40
1617,5
1617,6
1617,9
1617,13
1617,17
1617,24
1617,26
1617,28
1617,31
1617,34
1618,1
1618,2
1618,12
1618,15
1618,18
1618,21
1618,36
1618,39
1618,40
1619,3
1619,4
1619,7
1619,8
1619,11
1619,14
1619,16
1619,20
1619,25
1619,30
1619,33
1619,35
1619,37
1619,38
1620,9
1620,19
1620,22
1620,26
1620,27
1620,28
1620,29
1620,34
1621,3
1621,13
1621,17
1621,23
1621,31
1621,32
1621,36
1621,37
1621,39
1621,40
1622,1
1622,2
1622,5
1622,6
1622,10
1622,18
1622,21
1622,30
1622,35
1623,4
1623,7
1623,8
1623,15
1623,24
1623,25
1623,33
1623,34
1623,38
1624,11
1624,12
1624,16
1624,22
1624,28
1624,36
1624,37
1624,39
1624,40
1625,3
1625,9
1625,18
1625,30
1625,35
1627,19
1627,33
1627,37
1628,21
1628,35
1629,22
1629,34
1629,38
1629,39
1629,40
1630,14
1630,30
1632,33
1632,36
1633,39
1633,40
1634,35
1637,37
1638,33
1638,40
1639,39
1643,40
1644,33
1644,38
1645,36
1649,35
1650,39
1650,40
1652,33
1654,37
1657,40
1660,35
1660,37
1662,36
1662,38
1663,33
1664,39
1666,34
1670,36
1670,40
1671,37
1672,34
1675,40
1677,38
1679,39
1680,40
1681,35
1681,37
1686,35
1687,33
1687,40
1688,38
1689,39
1692,35
1693,36
1694,40
1695,35
1697,33
1698,37
1699,35
1700,38
1700,39
1704,35
1704,39
1705,40
1707,37
1710,35
1711,36
1713,22
1713,39
1714,34
1715,40
1716,33
1717,36
1717,37
1720,35
1721,39
1722,38
1724,34
1726,36
1729,40
1730,34
1731,33
1731,39
1732,30
1733,35
1735,34
1737,11
1737,35
1737,39
1738,23
1738,36
1740,37
1741,35
1741,40
1742,4
1742,31
1742,34
1743,26
1744,12
1744,16
1744,18
1744,20
1744,22
1744,38
1745,2
1745,33
1745,39
1746,8
1746,25
1746,30
1746,34
1746,35
1746,40
1747,5
1747,6
1747,9
1747,17
1747,29
1747,36
1747,37
1748,1
1748,3
1748,21
1748,32
1749,10
1749,14
1749,19
1749,24
1749,27
1750,7
1750,11
1750,13
1750,15
1750,16
1750,18
1750,22
1750,28
1750,30
1750,34
1750,35
1750,36
1750,37
1750,39
1750,40
1751,2
1751,9
1751,31
1751,33
1751,38
1752,3
1752,4
1752,5
1752,6
1752,8
1752,17
1752,20
1752,26
1752,29
1753,1
1753,21
1753,23
1753,25
1753,35
1753,37
1753,39
1753,40
1754,3
1754,14
1754,19
1754,27
1754,34
1754,36
1754,38
1755,10
1755,11
1755,12
1755,15
1755,16
1755,18
1755,28
1755,30
1755,33
1756,2
1756,22
1756,24
1756,35
1757,7
1757,13
1757,26
1757,34
1757,36
1757,37
1757,39
1757,40
1758,4
1758,9
1758,30
1758,33
1758,38
1759,3
1759,18
1759,31
1759,35
1760,39
1761,40
1762,30
1762,33
1762,35
1762,36
1764,38
1764,39
1767,35
1767,37
1768,33
1769,39
1773,35
1774,39
1776,33
1776,37
1778,39
1781,36
1782,35
1783,33
1784,37
1784,39
1786,40
1787,35
1788,33
1789,39
1790,37
1792,35
1792,40
1794,33
1794,36
1795,39
1797,40
1798,35
1798,37
1801,33
1803,39
1803,40
1804,37
1805,35
1808,36
1809,39
1810,40
1812,33
1812,37
1813,35
1813,38
1814,39
1816,40
1818,37
1819,39
1821,35
1821,40
1823,36
1824,39
1826,37
1827,40
1828,33
1831,39
1832,36
1833,32
1834,40
1837,35
1837,37
1838,33
1839,17
1839,34
1839,36
1839,40
1840,27
1843,33
1843,39
1844,22
1844,34
1844,36
1845,2
1845,40
1846,37
1846,38
1850,36
1851,34
1851,39
1851,40
1857,36
1857,37
1857,38
1858,33
1858,35
1859,40
1863,28
1864,33
1864,39
1865,36
1866,5
1866,34
1866,40
1867,25
1867,37
1867,38
1869,11
1871,40
1872,8
1872,35
1872,39
1873,37
1874,3
1874,23
1874,33
1875,9
1876,15
1876,16
1877,40
1878,1
1878,4
1878,14
1878,18
1878,19
1878,22
1878,35
1878,36
1878,38
1878,39
1879,20
1879,30
1879,33
1879,37
1880,6
1880,12
1880,21
1880,31
1880,34
1881,10
1881,11
1881,27
1881,29
1882,3
1882,26
1882,35
1882,38
1882,40
1883,18
1883,24
1883,30
1883,34
1883,36
1883,37
1883,39
1884,2
1884,17
1884,22
1885,13
1885,25
1885,28
1885,33
1886,4
1886,7
1886,9
1886,40
1887,22
1887,35
1887,37
1888,8
1888,34
1888,36
1888,38
1888,39
1889,1
1889,5
1889,14
1889,31
1889,33
1890,18
1890,40
1891,3
1891,30
1892,23
1892,33
1892,36
1893,34
1894,37
1895,38
1896,29
1896,39
1896,40
1898,2
1899,30
1900,35
1901,34
1901,37
1902,39
1902,40
1904,38
1908,33
1909,39
1909,40
1911,36
1914,38
1916,33
1917,35
1917,36
1918,39
1919,40
1923,35
1925,33
1926,34
1926,39
1927,35
1928,37
1929,36
1931,35
1932,32
1933,40
1935,35
1935,38
1936,33
1940,35
1940,37
1941,40
1943,36
1944,15
1946,35
1947,34
1947,40
1948,36
1948,37
1949,33
1952,39
1955,37
1956,36
1956,40
1957,38
1959,28
1959,33
1961,35
1962,37
1963,36
1963,39
1963,40
1967,35
1969,33
1970,37
1971,35
1972,11
1973,25
1973,36
1974,16
1974,40
1975,22
1975,35
1975,39
1976,38
1977,8
1977,19
1977,33
1977,37
1978,3
1979,13
1979,30
1980,17
1981,4
1981,5
1981,12
1981,21
1981,26
1981,27
1981,34
1981,35
1981,37
1981,39
1982,6
1982,9
1982,22
1982,33
1982,36
1982,40
1983,1
1983,10
1983,18
1984,15
1984,28
1984,30
1984,37
1985,3
1985,11
1985,20
1985,23
1985,29
1985,31
1985,35
1985,36
1985,38
1985,39
1985,40
1986,2
1986,7
1986,16
1986,25
1986,33
1986,34
1987,14
1987,24
1987,37
1988,17
1988,19
1988,21
1988,39
1989,4
1989,18
1989,32
1989,40
1990,3
1990,30
1990,34
1990,36
1991,8
1991,9
1991,35
1991,37
1991,38
1992,1
1992,33
1992,39
1993,40
1994,2
1995,34
1997,39
1997,40
1999,13
1999,35
1999,36
2001,34
2001,40
2003,37
2005,40
2006,35
2009,40
2011,34
2011,37
2013,35
2014,36
2014,39
2015,40
2020,40
2021,37
2022,35
2026,33
2026,39
2026,40
2028,37
2031,39
2034,35
2034,40
2035,36
2036,34
2036,37
2038,33
2038,39
2043,35
2043,39
2043,40
2047,37
2048,36
2050,39
2051,34
2051,35
2051,40
2052,38
2056,40
2057,35
2058,33
2061,37
2061,39
2064,34
2065,35
2065,40
2067,36
2067,39
2073,33
2073,35
2073,39
2073,40
2074,34
2074,36
2076,11
2076,22
2078,23
2078,34
2080,26
2080,35
2080,39
2081,1
2081,9
2081,20
2081,28
2081,33
2082,36
2082,37
2083,2
2083,4
2083,24
2083,31
2083,34
2083,40
2084,27
2084,30
2084,35
2084,38
2084,39
2085,5
2085,8
2085,14
2085,19
2085,22
2085,29
2086,3
2086,6
2086,15
2086,16
2086,17
2086,25
2086,33
2086,40
2087,2
2087,10
2087,11
2087,18
2087,35
2087,36
2087,37
2087,39
2088,9
2088,12
2088,13
2088,21
2088,30
2088,31
2088,34
2089,3
2089,22
2089,26
2089,28
2089,32
2089,40
2090,1
2090,4
2090,7
2090,8
2090,14
2090,16
2090,19
2090,27
2090,33
2090,35
2090,37
2090,38
2090,39
2091,15
2091,17
2091,18
2091,23
2091,29
2091,30
2091,34
2091,36
2092,2
2092,5
2092,6
2092,11
2092,20
2092,25
2092,40
2093,3
2093,10
2093,13
2093,21
2093,24
2093,39
2094,9
2094,22
2094,28
2094,31
2094,33
2094,34
2094,35
2094,37
2094,38
2095,1
2095,4
2095,12
2095,16
2095,18
2095,30
2095,36
2095,40
2096,19
2096,39
2097,2
2097,14
2098,30
2098,34
2098,35
2098,37
2099,38
2100,40
2101,33
2101,39
2104,34
2106,35
2107,40
2109,39
2110,34
2113,35
2115,34
2117,37
2118,40
2119,36
2120,35
2120,39
2122,38
2126,39
2130,35
2130,37
2130,40
2131,33
2131,34
2136,35
2136,39
2137,36
2139,34
2139,40
2140,37
2146,34
2146,35
2147,33
2148,36
2149,40
2151,37
2152,35
2156,35
2156,37
2156,39
2157,40
2161,33
2161,35
2161,38
2162,37
2164,39
2166,40
2169,35
2170,36
2170,37
2170,39
2176,39
2177,40
2178,35
2179,34
2179,37
2180,30
2180,39
2183,36
2184,39
2185,22
2185,37
2185,40
2188,13
2188,35
2190,37
2191,33
2192,34
2192,39
2193,3
2193,36
2196,38
2196,40
2197,34
2198,17
2199,23
2200,2
2200,8
2201,22
2201,33
2202,7
2202,34
2202,39
2203,26
2203,27
2203,35
2203,36
2203,38
2203,40
2204,3
2204,4
2204,5
2204,11
2204,25
2204,30
2204,37
2205,14
2205,18
2205,20
2205,21
2205,24
2205,31
2206,6
2206,16
2206,19
2206,40
2207,1
2207,2
2207,9
2207,10
2207,15
2207,18
2207,28
2207,29
2207,30
2207,32
2207,33
2207,34
2207,35
2207,36
2207,37
2207,38
2207,39
2208,3
2208,8
2208,11
2208,17
2208,22
2208,25
2208,26
2209,4
2209,7
2209,12
2209,14
2209,21
2209,40
2210,5
2210,13
2210,16
2210,20
2210,22
2210,23
2210,24
2210,27
2210,30
2210,31
2210,33
2210,34
2210,35
2210,37
2210,38
2210,39
2211,1
2211,3
2211,9
2211,15
2211,18
2211,19
2211,28
2211,29
2211,36
2212,2
2212,6
2212,25
2212,40
2213,4
2213,8
2213,10
2213,11
2213,14
2213,17
2213,26
2213,30
2213,33
2213,34
2213,35
2213,37
2213,38
2213,39
2214,18
2214,21
2214,31
2214,36
2215,16
2215,28
2215,39
2215,40
2216,12
2217,35
2217,37
2217,38
2218,15
2218,36
2220,39
2222,34
2222,40
2223,33
2223,35
2223,36
2223,37
2228,39
2229,35
2229,37
2229,40
2230,36
2235,35
2237,33
2237,37
2239,39
2240,35
2242,38
2244,35
2244,39
2246,37
2247,40
2249,33
2249,38
2250,35
2254,39
2254,40
2255,35
2256,37
2259,40
2261,33
2261,38
2262,35
2265,37
2265,39
2266,35
2266,40
2267,36
2271,35
2274,36
2275,37
2275,39
2276,35
2276,38
2277,33
2277,40
2281,35
2282,37
2284,35
2284,40
2286,34
2289,35
2290,37
2290,40
2291,38
2293,34
2294,33
2295,35
2295,39
2296,40
2299,34
2299,37
2301,36
2303,34
2303,35
2305,37
2306,38
2307,40
2309,34
2312,37
2314,34
2315,36
2315,40
2316,35
2318,22
2318,33
2319,39
2320,37
2323,35
2324,40
2325,36
2325,38
2326,3
2327,30
2329,37
2329,39
2330,21
2330,34
2331,33
2332,22
2332,36
2333,17
2334,18
2334,40
2335,11
2336,16
2336,35
2337,7
2337,13
2337,23
2337,32
2337,33
2337,34
2337,38
2338,5
2338,9
2338,10
2338,15
2338,27
2338,29
2338,37
2338,39
2339,2
2339,3
2339,6
2339,8
2339,19
2339,20
2339,22
2339,25
2339,30
2339,31
2339,40
2340,1
2340,4
2340,18
2340,26
2340,36
2340,37
2341,3
2341,9
2341,10
2341,11
2341,12
2341,13
2341,14
2341,16
2341,17
2341,21
2341,24
2341,28
2341,33
2341,34
2341,35
2341,38
2341,39
2341,40
2342,2
2342,5
2342,8
2342,15
2342,19
2342,23
2342,25
2342,27
2342,30
2342,31
2343,3
2343,6
2343,22
2343,29
2343,32
2343,35
2343,36
2343,37
2343,39
2343,40
2344,1
2344,4
2344,7
2344,11
2344,16
2344,17
2344,18
2344,20
2344,26
2344,33
2344,34
2344,38
2345,2
2345,9
2345,12
2345,14
2345,30
2346,8
2346,15
2346,19
2346,21
2346,24
2346,28
2346,31
2346,34
2346,35
2346,37
2346,38
2346,39
2346,40
2347,1
2347,4
2347,10
2347,36
2348,3
2348,25
2348,33
2349,13
2349,39
2350,18
2350,22
2350,29
2350,34
2350,40
2351,30
2351,35
2351,36
2351,38
2353,37
2353,39
2354,34
2354,35
2354,40
2358,34
2359,35
2359,39
2360,40
2363,34
2363,37
2364,35
2365,39
2365,40
2371,34
2371,35
2371,40
2372,38
2372,39
2373,36
2376,35
2377,34
2378,40
2379,39
2381,35
2383,34
2387,33
2388,35
2388,36
2389,40
2390,34
2390,39
2393,35
2395,34
2395,39
2397,40
2399,38
2400,35
2401,34
2401,36
2407,34
2407,39
2408,38
2408,40
2409,35
2416,34
2416,35
2416,39
2418,37
2419,36
2420,40
2421,35
2423,34
2424,37
2428,34
2429,35
2432,37
2433,35
2433,36
2434,11
2434,33
2437,22
2437,35
2437,39
2437,40
2438,37
2440,38
2443,34
2443,35
2443,39
2443,40
2448,33
2448,34
2449,35
2449,38
2450,37
2450,40
2454,39
2455,35
2457,34
2457,37
2457,40
2459,36
2460,39
2461,23
2463,35
2464,39
2465,30
2465,34
2465,37
2465,38
2466,18
2467,3
2468,4
2468,40
2469,35
2470,34
2470,37
2470,39
2471,17
2472,14
2472,33
2474,15
2474,32
2474,36
2475,2
2475,5
2475,8
2475,34
2476,6
2476,11
2476,16
2476,22
2476,27
2476,35
2476,39
2477,25
2477,30
2477,40
2478,9
2478,10
2478,20
2478,21
2478,24
2478,26
2478,29
2478,34
2478,36
2478,37
2479,1
2479,3
2479,4
2479,7
2479,18
2479,19
2479,31
2479,35
2479,38
2479,39
2480,2
2480,12
2480,13
2480,22
2480,30
2480,33
2481,5
2481,14
2481,17
2481,23
2481,28
2481,34
2481,35
2481,36
2481,37
2481,40
2482,3
2482,8
2482,9
2482,11
2482,16
2482,18
2482,21
2482,25
2482,38
2482,39
2483,15
2483,24
2483,27
2483,29
2483,31
2484,4
2484,20
2484,22
2484,33
2484,35
2484,36
2484,39
2484,40
2485,1
2485,3
2485,6
2485,7
2485,18
2485,26
2485,30
2485,34
2485,37
2485,38
2486,19
2486,28
2487,2
2487,14
2487,35
2487,40
2488,33
2488,34
2488,36
2489,10
2489,12
2489,37
2489,39
2490,18
2490,38
2491,11
2491,35
2493,34
2493,40
2494,37
2494,39
2495,35
2498,34
2500,35
2500,40
2501,39
2502,34
2502,37
2504,33
2505,34
2507,35
2508,40
2509,34
2510,37
2510,39
2511,36
2513,34
2516,37
2517,34
2518,35
2519,38
2521,40
2522,36
2523,34
2523,35
2527,37
2527,40
2528,39
2529,34
2529,35
2535,35
2535,37
2535,39
2535,40
2536,34
2538,33
2542,38
2543,36
2544,35
2544,40
2545,39
2551,33
2551,35
2551,37
2551,39
2551,40
2555,36
2557,22
2559,38
2560,34
2560,35
2560,37
2560,40
2565,35
2567,39
2568,37
2571,35
2571,36
2571,40
2576,33
2576,39
2577,35
2579,34
2581,23
2583,37
2584,35
2585,3
2585,39
2585,40
2586,38
2587,30
2587,36
2591,33
2591,35
2591,37
2592,39
2593,40
2596,8
2596,25
2597,36
2598,2
2598,40
2599,6
2599,16
2599,17
2599,34
2599,35
2599,39
2600,32
2601,5
2601,13
2601,31
2601,37
2602,3
2602,11
2602,15
2602,19
2602,21
2602,27
2602,33
2602,36
2603,4
2603,9
2603,12
2603,26
2603,40
2604,1
2604,7
2604,10
2604,18
2604,22
2604,28
2604,29
2604,30
2604,35
2604,37
2604,38
2605,2
2605,8
2605,14
2605,16
2605,20
2605,25
2605,33
2605,34
2605,36
2605,39
2606,5
2606,11
2606,15
2606,17
2606,21
2606,24
2606,40
2607,3
2607,9
2607,18
2607,23
2607,27
2607,30
2607,31
2607,35
2607,37
2608,4
2608,6
2608,26
2608,36
2608,38
2608,39
2608,40
2609,15
2609,19
2609,22
2609,33
2609,34
2610,1
2610,10
2610,11
2610,13
2610,16
2610,18
2610,29
2610,30
2610,32
2610,35
2610,37
2611,2
2611,28
2611,40
2612,7
2612,14
2612,33
2612,34
2612,36
2612,37
2612,38
2612,39
2613,3
2613,9
2613,30
2613,35
2615,40
2616,22
2616,35
2617,36
2618,39
2619,37
2620,40
2621,33
2622,34
2625,35
2625,37
2625,38
2627,36
2630,35
2631,37
2632,40
2637,35
2637,36
2639,33
2640,34
2641,37
2641,38
2642,39
2645,35
2646,40
2647,39
2650,37
2652,35
2655,40
2656,34
2657,33
2657,39
2660,36
2660,40
2661,37
2664,39
2667,35
2668,40
2669,39
2672,37
2673,39
2673,40
2677,40
2678,35
2678,37
2680,36
2680,39
2683,40
2685,35
2686,36
2687,33
2690,37
2691,35
2691,36
2692,22
2692,33
2692,39
2692,40
2695,34
2697,39
2697,40
2698,33
2699,35
2699,36
2699,37
2700,23
2702,34
2703,40
2705,36
2706,33
2706,39
2707,20
2707,34
2710,38
2710,40
2711,34
2712,36
2712,39
2714,4
2715,40
2716,37
2717,35
2718,33
2718,36
2718,39
2719,34
2719,38
2726,11
2726,39
2726,40
2727,34
2727,37
2728,18
2728,35
2728,38
2729,3
2729,25
2729,28
2729,33
2731,24
2731,40
2732,21
2732,32
2733,8
2733,22
2733,31
2733,34
2733,37
2733,39
2734,1
2734,17
2734,19
2734,30
2734,36
2735,2
2735,5
2735,6
2735,15
2735,16
2735,29
2735,33
2735,35
2735,40
2736,9
2736,13
2736,26
2736,27
2736,38
2737,3
2737,10
2737,12
2737,18
2737,23
2737,30
2737,34
2737,36
2737,39
2737,40
2738,4
2738,7
2738,11
2738,28
2738,37
2739,8
2739,14
2739,17
2739,20
2739,21
2739,33
2739,35
2740,2
2740,25
2740,31
2740,36
2740,38
2740,40
2741,16
2741,18
2741,19
2741,22
2741,30
2741,34
2741,39
2742,1
2742,3
2742,5
2742,9
2742,37
2743,15
2743,24
2743,29
2743,33
2743,40
2744,26
2744,35
2744,36
2745,34
2745,38
2745,39
2746,2
2746,30
2746,37
2747,40
2749,10
2749,35
2750,33
2750,39
2751,40
2752,37
2755,40
2757,33
2757,35
2757,37
2759,39
2759,40
2762,35
2763,36
2764,40
2765,33
2765,37
2766,39
2768,35
2768,40
2772,37
2773,33
2774,40
2775,36
2776,35
2776,39
2781,39
2782,35
2783,40
2784,37
2785,38
2786,33
2787,36
2791,39
2792,40
2793,35
2795,34
2795,36
2795,37
2798,35
2803,35
2803,40
2804,33
2805,39
2808,36
2809,37
2809,38
2810,34
2810,35
2810,39
2814,35
2815,40
2816,39
2818,33
2820,35
2820,36
2823,39
2824,22
2825,33
2825,35
2827,39
2827,40
2829,36
2829,37
2830,23
2830,30
2833,35
2834,11
2835,38
2835,39
2836,14
2836,25
2837,33
2837,40
2838,8
2838,12
2838,17
2839,3
2839,7
2839,19
2839,28
2839,35
2840,4
2840,5
2840,9
2840,18
2840,34
2840,39
2841,1
2841,6
2841,13
2841,15
2841,16
2841,21
2841,22
2841,30
2841,33
2841,37
2842,2
2842,20
2842,26
2842,27
2842,28
2842,29
2842,31
2842,32
2842,35
2842,36
2842,38
2842,40
2843,3
2843,9
2843,10
2843,11
2843,24
2843,39
2844,12
2844,14
2844,17
2844,18
2844,19
2844,23
2844,25
2844,30
2844,34
2844,37
2844,40
2845,2
2845,4
2845,5
2845,8
2845,15
2845,16
2845,21
2845,33
2845,35
2845,36
2846,3
2846,6
2846,13
2846,22
2846,31
2846,38
2846,39
2847,1
2847,11
2847,18
2847,20
2847,27
2847,29
2847,30
2847,34
2847,37
2847,40
2848,26
2848,33
2848,35
2848,36
2850,3
2850,9
2850,10
2850,39
2851,7
2851,28
2851,34
2851,38
2851,40
2852,37
2854,35
2854,36
2855,39
2857,33
2857,40
2858,34
2859,30
2860,36
2863,35
2864,34
2864,39
2867,36
2867,37
2871,33
2871,40
2874,34
2874,36
2875,35
2877,39
2878,38
2880,34
2883,40
2884,34
2885,37
2889,34
2890,40
2891,36
2891,37
2892,38
2898,36
2899,34
2900,35
2900,38
2901,33
2902,39
2904,40
2909,33
2910,36
2910,37
2911,34
2911,38
2912,39
2914,35
2916,39
2918,33
2918,37
2921,36
2923,33
2923,39
2924,34
2924,38
2926,40
2927,39
2931,33
2931,34
2932,36
2932,39
2933,22
2933,38
2934,37
2936,40
2939,38
2940,23
2940,34
2941,37
2941,39
2942,33
2942,40
2944,35
2945,11
2947,36
2948,39
2949,4
2949,33
2949,37
2950,2
2950,22
2950,38
2951,34
2951,35
2951,40
2954,37
2957,36
2958,8
2958,34
2960,33
2960,35
2960,37
2960,38
2960,39
2961,40
2962,34
2964,3
2964,22
2964,27
2966,34
2966,37
2966,40
2967,18
2967,20
2967,22
2967,25
2967,36
2968,1
2968,2
2968,6
2968,33
2968,35
2969,14
2970,3
2970,15
2970,16
2970,17
2970,19
2970,21
2970,31
2970,34
2970,37
2971,9
2971,13
2971,24
2971,26
2971,33
2971,36
2971,40
2972,10
2972,11
2972,18
2972,28
2972,29
2972,30
2972,32
2972,35
2972,39
2973,5
2973,7
2973,8
2973,12
2973,15
2973,22
2973,23
2973,34
2973,37
2973,38
2974,2
2974,3
2974,4
2974,17
2974,25
2974,27
2974,33
2974,35
2974,39
2974,40
2975,6
2975,9
2975,14
2975,16
2975,18
2975,19
2975,20
2975,21
2975,30
2975,31
2975,36
2976,11
2976,24
2976,28
2976,34
2976,37
2977,1
2977,3
2977,5
2977,10
2977,18
2977,22
2977,26
2977,29
2977,30
2977,33
2977,35
2977,38
2977,39
2977,40
2978,4
2978,8
2978,9
2978,13
2978,36
2979,7
2979,37
2979,40
2980,2
2980,12
2980,14
2980,17
2980,30
2980,32
2980,34
2980,35
2980,39
2981,23
2981,25
2981,33
2981,38
2982,35
2982,36
2983,18
2983,21
2983,40
2984,37
2984,39
2985,34
2985,35
2988,33
2988,40
2989,34
2989,39
2990,35
2990,37
2994,37
2995,34
2995,39
2996,35
2996,40
3001,37
3002,33
3002,34
3002,39
3003,35
3003,36
3005,40
3008,38
3010,37
3011,34
3011,35
3014,39
3014,40
3018,37
3019,40
3020,35
3020,36
3021,39
3023,33
3023,34
3026,40
3028,35
3029,37
3030,36
3030,39
3031,38
3037,39
3037,40
3038,35
3038,37
3039,34
3044,39
3046,40
3048,35
3049,33
3049,37
3050,36
3053,38
3054,39
3055,35
3055,36
3061,35
3063,34
3063,37
3064,33
3064,36
3064,39
3066,38
3066,40
3071,40
3072,35
3072,36
3073,39
3074,34
3075,37
3076,38
3080,33
3081,34
3082,3
3082,39
3083,38
3084,35
3084,40
3085,34
3085,36
3089,22
3089,39
3090,33
3090,34
3091,38
3091,40
3092,37
3097,39
3098,37
3100,34
3100,38
3101,36
3102,2
3102,35
3102,40
3103,31
3103,33
3105,11
3106,34
3106,37
3106,39
3107,40
3108,16
3109,5
3109,38
3111,23
3111,33
3112,8
3112,17
3112,27
3112,36
3113,6
3113,39
3113,40
3114,1
3114,3
3114,4
3114,19
3114,29
3115,7
3115,10
3115,30
3115,32
3115,34
3115,37
3116,12
3116,13
3116,14
3116,15
3116,22
3116,25
3116,26
3116,33
3116,35
3116,36
3116,38
3117,9
3117,18
3117,20
3117,21
3117,24
3117,28
3117,40
3118,2
3118,3
3118,8
3118,17
3118,34
3118,39
3119,1
3119,5
3119,6
3119,11
3119,16
3119,22
3119,23
3119,29
3119,30
3119,31
3119,35
3119,37
3119,40
3120,4
3120,15
3120,18
3120,25
3120,33
3120,36
3120,38
3121,3
3121,9
3121,14
3121,19
3121,24
3121,26
3121,27
3121,39
3122,2
3122,10
3122,21
3122,28
3122,30
3122,34
3122,35
3122,37
3122,40
3123,12
3123,20
3123,36
3124,11
3124,13
3124,16
3124,18
3124,22
3124,38
3124,39
3125,3
3125,8
3125,17
3125,32
3125,33
3125,40
3126,34
3126,35
3126,37
3127,31
3127,39
3128,29
3129,15
3130,33
3130,40
3132,34
3132,37
3132,39
3133,36
3135,35
3138,33
3141,39
3142,40
3143,37
3144,34
3144,36
3145,35
3145,39
3146,33
3146,38
3149,39
3151,37
3154,35
3155,39
3155,40
3157,36
3158,33
3159,35
3160,37
3161,38
3163,39
3166,35
3166,40
3167,37
3168,33
3170,38
3173,35
3176,37
3176,39
3178,40
3179,33
3179,35
3180,36
3183,38
3184,37
3185,35
3186,40
3188,39
3190,37
3191,40
3193,38
3194,35
3197,33
3198,40
3199,36
3200,39
3201,38
3204,22
3205,40
3206,35
3207,37
3208,38
3210,34
3211,35
3213,33
3215,35
3215,39
3217,40
3219,35
3220,38
3221,4
3221,23
3221,37
3222,39
3223,30
3224,34
3224,35
3224,40
3225,25
3225,36
3226,6
3226,38
3227,35
3227,39
3229,34
3229,40
3230,33
3232,3
3232,35
3233,40
3234,34
3234,39
3235,36
3237,35
3238,37
3239,34
3239,40
3240,11
3240,39
3242,36
3243,35
3245,34
3245,39
3247,27
3247,35
3247,40
3248,37
3251,20
3251,33
3252,34
3252,35
3252,36
3253,40
3255,2
3255,22
3257,37
3257,40
3258,35
3259,19
3259,34
3259,39
3260,31
3260,33
3261,17
3261,18
3261,30
3262,13
3262,35
3262,36
3263,10
3263,16
3263,21
3264,3
3264,33
3264,34
3264,38
3264,40
3265,5
3265,8
3265,9
3265,29
3265,30
3265,35
3265,37
3265,39
3266,15
3266,18
3267,7
3267,11
3267,22
3267,40
3268,12
3268,14
3268,32
3268,35
3268,36
3268,37
3268,39
3269,16
3269,24
3269,26
3269,34
3270,1
3270,3
3270,25
3271,9
3271,20
3271,23
3271,33
3271,35
3272,4
3272,22
3272,28
3272,30
3272,34
3272,38
3273,2
3273,6
3273,31
3273,37
3273,39
3273,40
3274,8
3274,18
3274,27
3274,36
3275,19
3275,21
3275,35
3276,5
3276,14
3276,40
3277,33
3277,34
3278,17
3279,15
3279,36
3279,37
3280,35
3280,38
3284,40
3287,34
3287,35
3288,37
3288,39
3291,2
3292,34
3293,40
3295,37
3297,35
3298,33
3298,36
3299,34
3302,35
3303,39
3306,22
3306,35
3306,40
3307,37
3310,34
3310,35
3310,40
3315,34
3316,35
3316,40
3318,39
3321,33
3322,40
3323,34
3323,36
3324,35
3324,37
3329,40
3330,34
3331,36
3332,22
3332,37
3335,34
3336,40
3337,35
3337,36
3341,39
3342,33
3344,36
3345,13
3346,30
3346,34
3346,40
3348,35
3348,37
3348,38
3351,36
3351,40
3355,33
3355,37
3356,35
3356,40
3357,34
3359,36
3360,11
3360,38
3360,40
3362,37
3364,40
3366,39
3367,37
3369,40
3370,36
3371,34
3372,27
3374,37
3375,35
3375,40
3376,36
3376,38
3377,2
3378,4
3378,34
3379,22
3379,25
3381,33
3381,37
3381,40
3382,2
3382,8
3382,18
3382,26
3382,35
3382,36
3383,3
3383,17
3383,39
3384,1
3384,22
3384,23
3384,29
3385,21
3385,30
3385,31
3385,32
3385,33
3385,35
3386,7
3386,9
3386,11
3386,16
3386,18
3386,20
3386,24
3386,28
3386,34
3386,36
3386,37
3386,38
3386,40
3387,5
3387,6
3387,10
3387,15
3387,19
3387,25
3388,3
3388,12
3388,14
3388,30
3388,35
3388,39
3388,40
3389,4
3389,8
3389,9
3389,13
3389,17
3389,22
3389,26
3389,33
3389,34
3389,36
3389,37
3389,38
3390,2
3390,16
3390,18
3390,21
3390,23
3390,27
3390,29
3391,1
3391,11
3391,31
3391,35
3391,39
3391,40
3392,19
3392,20
3392,30
3392,33
3392,38
3393,3
3393,5
3393,10
3393,15
3393,34
3393,36
3393,37
3394,14
3394,35
3395,7
3395,22
3395,39
3397,34
3397,35
3397,36
3397,38
3397,40
3398,33
3398,37
3403,34
3403,36
3404,35
3405,33
3405,39
3406,38
3410,36
3411,35
3411,37
3413,33
3416,34
3418,35
3418,36
3419,40
3421,33
3421,37
3421,39
3426,38
3427,34
3427,35
3428,37
3429,36
3430,40
3432,35
3433,33
3437,36
3438,35
3439,37
3440,33
3441,38
3442,34
3442,39
3443,40
3448,34
3448,36
3448,37
3449,35
3450,40
3454,37
3456,40
3458,34
3458,35
3461,37
3462,39
3463,36
3468,40
3469,34
3470,35
3470,37
3470,39
3475,37
3477,33
3477,35
3479,36
3479,38
3481,37
3481,40
3482,39
3488,22
3488,36
3489,33
3489,37
3490,35
3491,23
3492,28
3492,30
3494,32
3494,38
3494,39
3495,1
3495,8
3495,9
3495,13
3495,25
3495,33
3495,34
3495,37
3496,5
3496,6
3496,17
3496,18
3496,19
3496,36
3496,40
3497,12
3497,20
3497,26
3497,31
3497,35
3498,4
3498,11
3498,14
3498,15
3498,16
3498,21
3498,22
3498,24
3498,34
3499,3
3499,7
3499,8
3499,10
3499,27
3499,29
3499,30
3499,33
3499,36
3499,37
3499,39
3499,40
3500,2
3500,9
3500,18
3500,25
3500,35
3500,38
3501,6
3501,11
3501,13
3501,17
3501,20
3501,22
3501,23
3501,26
3501,28
3501,34
3502,1
3502,16
3502,19
3502,30
3502,36
3502,39
3502,40
3503,3
3503,4
3503,5
3503,21
3503,31
3503,33
3503,34
3503,35
3503,37
3504,2
3504,9
3504,14
3504,15
3504,18
3504,24
3505,8
3505,12
3505,13
3505,27
3505,28
3505,36
3505,38
3506,10
3506,11
3506,29
3506,30
3506,33
3506,37
3506,39
3506,40
3507,3
3507,7
3507,22
3507,34
3507,35
3508,2
3508,14
3508,16
3508,18
3509,40
3510,34
3510,36
3510,37
3510,38
3511,35
3511,39
3515,39
3516,34
3518,40
3520,39
3521,35
3523,40
3524,34
3525,33
3528,40
3529,35
3529,37
3529,39
3533,35
3536,34
3536,36
3536,40
3537,33
3537,35
3537,39
3541,40
3542,35
3543,37
3544,36
3548,40
3549,35
3551,33
3551,34
3551,39
3552,36
3552,40
3558,36
3558,40
3562,35
3562,40
3563,38
3565,36
3568,40
3569,33
3570,35
3571,36
3571,39
3574,40
3575,36
3578,40
3579,37
3581,30
3581,33
3581,36
3582,35
3582,40
3586,32
3588,35
3588,36
3588,40
3589,38
3589,39
3590,34
3591,37
3593,33
3593,40
3597,40
3598,37
3599,36
3600,33
3601,23
3601,39
3602,34
3603,40
3604,11
3605,2
3607,36
3607,37
3607,39
3608,35
3608,38
3609,33
3609,34
3611,3
3611,40
3613,8
3615,34
3616,17
3616,36
3617,22
3617,39
3617,40
3618,1
3619,6
3619,15
3619,31
3619,33
3619,37
3620,2
3620,34
3621,4
3621,27
3621,35
3621,40
3622,19
3622,25
3622,36
3623,16
3623,18
3623,28
3623,33
3624,3
3624,5
3624,40
3625,10
3625,21
3625,30
3625,34
3625,37
3626,39
3627,2
3627,7
3627,9
3627,12
3627,14
3627,17
3627,29
3627,32
3627,36
3627,38
3627,40
3628,8
3628,11
3628,13
3628,33
3628,35
3629,18
3629,20
3629,22
3629,24
3629,26
3630,3
3630,4
3630,30
3630,34
3630,36
3630,37
3630,38
3630,39
3630,40
3631,21
3631,23
3631,25
3631,29
3631,35
3632,1
3632,16
3632,31
3632,33
3633,9
3633,15
3634,18
3634,30
3634,38
3634,39
3634,40
3635,36
3636,35
3636,37
3637,28
3638,33
3638,34
3638,39
3638,40
3642,35
3642,36
3642,40
3643,37
3643,39
3645,34
3649,39
3649,40
3650,35
3651,36
3651,37
3652,34
3656,40
3658,34
3660,38
3661,35
3661,40
3663,33
3663,37
3664,39
3666,2
3666,40
3668,35
3670,34
3671,36
3671,37
3672,39
3673,40
3676,35
3677,36
3679,33
3682,35
3682,36
3682,39
3685,38
3686,35
3687,39
3689,40
3691,35
3692,37
3693,36
3695,33
3695,34
3695,39
3696,35
3696,38
3699,36
3699,40
3701,35
3703,33
3706,40
3707,36
3707,39
3708,22
3709,35
3711,34
3712,33
3713,38
3713,40
3718,34
3718,35
3718,36
3719,39
3722,40
3724,11
3725,36
3726,19
3726,34
3726,35
3726,38
3727,23
3727,37
3727,39
3728,33
3728,40
3732,17
3732,36
3733,37
3734,34
3735,33
3736,27
3737,7
3737,26
3737,35
3737,38
3738,30
3738,40
3739,6
3739,10
3739,36
3740,5
3740,37
3740,39
3741,4
3741,16
3741,22
3741,34
3742,8
3742,21
3742,24
3742,28
3743,3
3743,9
3743,18
3743,35
3743,36
3743,38
3743,40
3744,2
3744,20
3744,25
3744,37
3744,39
3745,15
3745,29
3745,32
3745,33
3745,34
3746,1
3746,11
3746,12
3746,13
3746,14
3746,31
3747,19
3747,22
3747,30
3747,35
3747,40
3748,3
3748,34
3748,36
3748,37
3748,38
3749,8
3749,10
3749,21
3749,23
3749,26
3749,29
3749,33
3749,39
3750,1
3750,17
3750,18
3750,25
3751,4
3751,15
3751,28
3751,34
3751,40
3752,9
3752,16
3752,30
3752,35
3752,36
3752,38
3752,39
3753,2
3753,14
3753,27
3753,33
3753,37
3754,5
3754,11
3754,31
3755,20
3755,24
3755,35
3755,40
3756,22
3756,33
3756,39
3757,18
3757,36
3758,2
3758,37
3758,38
3759,3
3759,34
3760,35
3761,39
3761,40
3762,33
3765,35
3766,39
3767,33
3767,38
3768,35
3770,39
3771,40
3773,35
3774,33
3775,34
3776,39
3779,38
3780,37
3780,39
3783,40
3784,36
3785,39
3786,34
3786,35
3790,33
3792,34
3792,39
3793,35
3793,38
3794,36
3795,40
3797,39
3798,35
3800,39
3802,40
3803,36
3804,38
3804,39
3805,33
3805,34
3805,35
3806,37
3807,40
3809,39
3812,36
3812,37
3814,35
3814,39
3814,40
3818,37
3820,39
3821,40
3822,35
3824,37
3826,35
3827,39
3827,40
3829,38
3832,35
3833,39
3833,40
3836,37
3837,40
3840,35
3840,36
3840,39
3841,33
3842,40
3843,37
3847,38
3848,37
3849,39
3849,40
3852,35
3854,3
3855,17
3855,30
3855,37
3855,40
3857,11
3857,23
3857,28
3857,33
3857,36
3857,39
3858,6
3858,8
3858,35
3859,7
3859,12
3859,15
3859,16
3859,18
3859,22
3859,40
3860,19
3860,25
3860,38
3860,39
3861,4
3861,5
3861,9
3861,20
3861,21
3861,27
3861,31
3861,33
3861,34
3861,35
3861,37
3862,3
3862,10
3862,13
3862,24
3862,26
3862,40
3863,14
3863,18
3863,29
3863,30
3863,32
3863,36
3864,2
3864,11
3864,17
3864,22
3864,23
3864,35
3864,37
3864,40
3865,1
3865,4
3865,6
3865,8
3865,9
3865,15
3865,28
3865,33
3865,38
3865,39
3866,3
3866,16
3866,21
3866,25
3866,34
3867,18
3867,30
3867,31
3867,36
3867,37
3867,39
3867,40
3868,5
3868,19
3868,27
3868,35
3869,24
3869,29
3870,2
3870,33
3870,37
3870,38
3870,40
3871,7
3871,34
3871,36
3872,26
3872,39
3874,22
3874,40
3877,34
3877,35
3877,37
3877,39
3879,36
3879,40
3881,37
3884,34
3884,40
3886,37
3887,36
3889,40
3892,34
3893,39
3895,37
3898,35
3899,40
3900,36
3901,33
3902,37
3904,34
3909,40
3910,34
3912,37
3912,38
3912,39
3913,36
3915,40
3920,37
3922,2
3922,33
3922,39
3922,40
3925,36
3927,40
3928,34
3928,35
3928,39
3932,11
3933,37
3934,40
3935,33
3936,34
3936,38
3940,39
3941,36
3941,40
3945,37
3946,13
3946,33
3947,38
3947,40
3950,22
3950,36
3953,33
3953,34
3953,35
3953,39
3953,40
3954,1
3954,30
3955,38
3957,36
3959,30
3960,39
3961,17
3962,10
3962,35
3962,40
3963,12
3963,33
3964,22
3964,34
3964,36
3964,37
3964,38
3965,3
3965,28
3966,18
3967,23
3968,4
3968,25
3968,34
3968,40
3969,14
3969,33
3969,38
3969,39
3970,8
3970,20
3970,21
3970,29
3970,35
3970,36
3970,37
3971,2
3971,5
3971,9
3971,15
3971,18
3971,28
3972,11
3972,40
3973,3
3973,7
3973,16
3973,24
3973,31
3973,32
3973,33
3973,34
3973,37
3973,38
3973,39
3974,2
3974,6
3974,19
3974,22
3974,35
3974,36
3975,4
3975,18
3975,27
3976,3
3976,8
3976,9
3976,15
3976,26
3976,30
3976,40
3977,17
3977,33
3977,34
3977,35
3977,36
3977,37
3978,10
3978,21
3978,25
3978,39
3979,2
3979,18
3979,20
3979,29
3979,38
3979,40
3980,11
3980,16
3980,22
3980,30
3981,5
3981,34
3981,37
3981,39
3982,13
3982,33
3982,35
3982,36
3982,40
3983,31
3984,1
3985,3
3986,33
3987,34
3988,36
3989,35
3989,37
3989,40
3990,38
3994,33
3995,35
3995,37
3996,40
3999,37
4000,34
4000,38
4002,39
4003,35
4006,36
4006,37
4007,40
4008,39
4012,35
4014,37
4014,40
4015,33
4015,38
4016,39
4018,36
4019,37
4022,38
4024,36
4024,37
4027,33
4028,36
4028,38
4028,39
4030,35
4030,37
4031,40
4032,22
4035,37
4036,36
4037,35
4038,38
4040,2
4040,33
4041,39
4044,35
4044,37
4046,36
4046,40
4048,33
4051,37
4052,32
4052,40
4053,36
4054,39
4055,38
4056,37
4057,33
4057,35
4059,39
4060,40
4063,36
4064,35
4064,38
4065,37
4066,33
4066,39
4068,40
4073,37
4073,39
4074,27
4074,36
4075,35
4075,40
4078,14
4078,26
4078,38
4079,17
4079,39
4080,23
4081,3
4081,15
4081,37
4081,40
4082,7
4082,24
4082,34
4083,5
4083,6
4083,11
4083,25
4083,28
4083,35
4083,38
4083,39
4084,4
4084,16
4084,18
4084,21
4084,33
4084,36
4085,8
4085,9
4085,19
4085,20
4085,22
4085,29
4085,40
4086,2
4086,3
4086,12
4086,30
4086,31
4086,35
4086,37
4086,39
4087,1
4087,10
4087,13
4087,34
4087,38
4087,40
4088,18
4088,25
4088,33
4088,36
4089,11
4089,14
4089,17
4089,23
4089,26
4089,27
4090,15
4090,22
4090,35
4090,37
4090,39
4091,4
4091,21
4091,30
4091,40
4092,1
4092,3
4092,16
4092,33
4092,34
4092,38
4093,2
4093,8
4093,9
4093,18
4094,28
4094,36
4094,37
4094,39
4094,40
4096,11
4096,33
4096,34
4096,35
4098,38
4100,35
4101,33
4101,37
4101,39
4102,40
4107,40
4108,33
4108,35
4108,38
4109,37
4111,39
4114,40
4116,37
4118,33
4118,35
4118,39
4119,36
4121,38
4126,34
4127,39
4127,40
4128,35
4130,33
4132,36
4136,38
4136,39
4139,30
4139,40
4141,35
4142,37
4144,33
4144,36
4144,38
4146,39
4147,40
4152,33
4152,38
4153,35
4155,36
4156,37
4158,39
4159,40
4161,34
4162,36
4164,38
4166,33
4169,39
4170,36
4172,32
4174,34
4174,35
4174,38
4175,13
4175,33
4176,7
4176,36
4176,37
4176,40
4177,17
4177,22
4179,31
4179,39
4180,35
4181,34
4181,38
4182,36
4183,3
4183,33
4183,40
4184,6
4184,19
4184,22
4184,28
4185,25
4187,2
4187,5
4187,8
4187,18
4187,23
4187,34
4187,35
4187,36
4187,37
4187,40
4188,4
4188,9
4188,15
4188,21
4188,26
4188,29
4188,33
4188,39
4189,11
4189,12
4189,13
4189,20
4189,28
4189,38
4190,1
4190,14
4190,16
4190,22
4190,27
4190,30
4190,40
4191,3
4191,10
4191,24
4191,34
4191,35
4191,36
4191,37
4191,39
4192,2
4192,9
4192,17
4192,18
4192,25
4192,26
4192,29
4192,31
4193,5
4193,6
4193,7
4193,8
4193,15
4193,19
4193,33
4193,38
4193,40
4194,4
4194,11
4194,18
4194,21
4194,22
4194,30
4194,34
4194,37
4194,39
4195,3
4195,16
4195,20
4195,35
4195,36
4195,40
4196,1
4196,12
4196,14
4196,31
4197,2
4197,10
4197,13
4197,23
4197,37
4198,17
4198,18
4198,30
4198,33
4198,34
4198,35
4199,24
4199,27
4199,36
4199,38
4199,39
4199,40
4200,28
4200,32
4202,3
4202,37
4203,35
4203,40
4204,36
4205,33
4206,14
4206,39
4207,35
4207,37
4211,40
4212,35
4212,37
4214,33
4214,39
4217,35
4217,37
4222,35
4222,37
4223,33
4223,38
4223,39
4225,40
4228,36
4230,33
4231,35
4232,34
4232,39
4235,40
4237,39
4239,37
4240,35
4240,40
4242,33
4242,39
4246,36
4247,39
4248,35
4248,37
4248,40
4254,35
4254,40
4255,33
4256,39
4257,37
4261,35
4261,40
4263,39
4264,36
4265,37
4269,38
4270,33
4271,35
4272,37
4272,39
4273,40
4276,30
4278,35
4279,39
4280,37
4281,34
4283,36
4286,40
4287,30
4287,34
4288,33
4288,37
4289,35
4293,38
4295,22
4295,39
4296,34
4297,2
4298,35
4298,37
4300,3
4300,8
4300,40
4301,18
4301,24
4302,34
4303,4
4303,16
4303,25
4304,15
4304,17
4304,20
4304,21
4304,33
4304,35
4304,36
4304,40
4305,9
4305,11
4305,14
4305,22
4305,29
4305,30
4305,31
4305,32
4305,39
4306,1
4306,2
4306,5
4306,6
4306,10
4306,18
4306,37
4306,38
4307,3
4307,7
4307,13
4307,19
4307,26
4307,27
4307,33
4307,34
4307,35
4307,36
4308,12
4308,16
4308,17
4308,22
4308,23
4308,28
4308,30
4308,39
4308,40
4309,4
4309,8
4309,9
4309,11
4309,14
4309,21
4309,24
4309,25
4309,37
4310,15
4310,18
4310,29
4310,31
4310,35
4310,38
4311,1
4311,2
4311,3
4311,5
4311,6
4311,13
4311,20
4311,22
4311,26
4311,30
4311,33
4311,34
4311,36
4311,39
4311,40
4312,19
4312,27
4312,37
4313,7
4313,14
4313,16
4313,28
4313,34
4313,35
4313,40
4314,10
4314,11
4314,23
4314,36
4314,38
4315,9
4315,39
4316,2
4316,33
4316,37
4317,4
4318,38
4318,40
4319,34
4319,39
4320,36
4321,37
4323,40
4324,35
4325,37
4325,39
4326,33
4328,36
4329,40
4330,37
4333,34
4333,40
4334,38
4334,39
4335,37
4338,40
4340,33
4341,39
4342,37
4343,40
4344,34
4344,36
4347,39
4348,37
4349,40
4350,34
4352,36
4353,39
4355,40
4356,37
4357,35
4357,39
4358,34
4362,39
4363,35
4364,34
4364,40
4366,33
4371,40
4372,35
4372,38
4372,39
4373,33
4373,34
4374,37
4377,36
4379,35
4381,34
4382,33
4382,40
4384,37
4386,36
4388,33
4390,37
4391,35
4391,40
4392,39
4396,33
4396,37
4397,35
4397,39
4401,36
4401,39
4403,33
4403,40
4404,35
4407,39
4409,35
4409,37
4411,11
4412,39
4413,3
4414,22
4414,35
4414,36
4415,25
4415,28
4415,34
4415,38
4416,33
4416,37
4416,39
4417,1
4417,40
4418,16
4418,35
4421,39
4422,30
4423,31
4423,32
4423,33
4423,35
4424,5
4424,38
4425,12
4425,36
4425,37
4427,6
4427,30
4427,39
4428,8
4429,3
4429,10
4429,17
4429,33
4429,35
4430,21
4430,40
4431,4
4431,19
4431,26
4431,34
4431,38
4432,13
4432,18
4432,24
4432,36
4432,39
4433,7
4433,15
4433,27
4433,29
4433,33
4433,37
4434,2
4434,9
4434,20
4434,22
4434,23
4434,35
4434,40
4435,34
4436,11
4436,25
4436,30
4436,31
4436,36
4436,37
4436,38
4436,39
4437,3
4437,14
4437,16
4437,18
4439,17
4439,35
4440,2
4440,8
4440,34
4440,39
4440,40
4441,18
4441,30
4441,33
4441,37
4443,38
4444,1
4444,22
4444,39
4444,40
4446,36
4449,35
4449,39
4449,40
4450,37
4451,34
4455,40
4456,37
4456,39
4457,33
4457,36
4461,35
4462,37
4462,39
4464,40
4466,22
4466,36
4466,37
4467,33
4467,39
4469,40
4472,37
4472,39
4474,33
4475,40
4477,36
4478,39
4479,37
4482,33
4482,40
4483,37
4483,38
4484,35
4489,39
4490,37
4492,33
4492,36
4492,40
4493,35
4496,37
4498,22
4498,35
4500,33
4501,37
4501,39
4502,34
4502,35
4503,40
4506,11
4508,37
4509,36
4510,34
4510,35
4511,22
4511,38
4511,39
4512,15
4514,35
4515,40
4516,37
4517,34
4519,33
4520,35
4523,39
4525,34
4526,35
4527,37
4528,4
4529,23
4529,40
4531,28
4532,25
4532,36
4533,9
4533,33
4533,34
4533,35
4534,8
4534,18
4534,30
4534,37
4534,38
4534,39
4535,5
4535,20
4535,26
4535,27
4535,32
4535,40
4536,2
4536,19
4536,35
4537,7
4537,17
4537,21
4537,22
4537,37
4538,11
4538,16
4538,24
4538,29
4538,31
4538,33
4538,36
4538,40
4539,1
4539,3
4539,6
4539,10
4539,12
4539,13
4539,30
4539,34
4539,35
4539,39
4540,4
4540,9
4540,14
4540,18
4540,22
4540,28
4540,38
4541,8
4541,15
4541,23
4541,25
4541,37
4541,40
4542,3
4542,19
4542,20
4542,21
4542,26
4542,30
4542,33
4542,34
4542,35
4542,36
4543,1
4543,2
4543,5
4543,14
4543,16
4543,17
4543,18
4543,27
4543,29
4543,39
4544,11
4544,31
4544,38
4544,40
4545,6
4545,22
4545,30
4545,34
4545,35
4545,36
4545,37
4546,3
4546,4
4546,7
4546,9
4546,10
4546,18
4546,33
4546,39
4547,2
4547,24
4547,28
4547,32
4548,13
4548,15
4548,35
4548,36
4548,39
4548,40
4549,16
4549,18
4549,33
4549,37
4549,38
4550,1
4550,30
4550,34
4553,2
4554,39
4555,33
4555,34
4555,35
4555,40
4561,34
4562,33
4562,35
4563,39
4564,40
4566,36
4567,34
4568,35
4571,33
4572,39
4575,40
4576,34
4577,35
4578,33
4578,39
4581,37
4584,33
4584,36
4584,40
4585,34
4587,39
4589,33
4590,35
4591,36
4592,39
4593,34
4594,35
4596,33
4597,40
4598,35
4598,39
4600,36
4600,37
4602,35
4602,39
4604,34
4606,22
4608,33
4608,35
4609,34
4609,39
4609,40
4610,37
4612,36
4616,35
4617,34
4617,39
4618,28
4618,33
4619,38
4620,36
4622,39
4622,40
4624,34
4627,35
4627,36
4627,39
4629,34
4630,37
4631,39
4633,36
4634,40
4637,35
4638,34
4638,36
4638,39
4640,37
4640,38
4642,39
4645,36
4646,39
4647,37
4647,38
4648,34
4649,40
4650,33
4651,35
4653,11
4653,36
4653,39
4654,34
4656,40
4657,39
4658,34
4659,38
4660,35
4660,40
4661,27
4662,33
4663,23
4663,25
4663,36
4663,39
4664,34
4665,3
4665,40
4666,30
4666,35
4666,37
4667,5
4667,17
4669,34
4669,39
4669,40
4670,8
4670,16
4671,6
4671,9
4671,26
4671,35
4671,36
4672,4
4672,12
4672,18
4672,19
4672,31
4672,37
4672,40
4674,10
4674,15
4674,20
4674,21
4674,22
4674,30
4674,32
4674,34
4674,35
4674,39
4675,3
4675,33
4675,36
4675,37
4675,38
4675,40
4676,2
4676,8
4676,13
4676,14
4676,18
4676,29
4677,7
4677,11
4677,25
4678,17
4678,24
4678,27
4678,34
4678,39
4678,40
4679,3
4679,18
4679,21
4679,22
4679,30
4679,31
4679,35
4679,38
4680,1
4680,9
4680,16
4680,19
4680,23
4680,29
4680,36
4680,37
4681,2
4681,5
4681,20
4681,26
4681,28
4681,33
4681,40
4682,4
4682,13
4682,18
4682,30
4682,34
4682,38
4682,39
4683,10
4683,11
4683,14
4683,35
4683,37
4683,40
4684,2
4684,15
4684,36
4685,8
4685,33
4686,32
4686,39
4686,40
4690,6
4690,35
4690,40
4692,37
4692,39
4693,34
4693,36
4693,40
4694,33
4697,40
4698,35
4700,38
4700,39
4702,40
4706,35
4708,33
4708,40
4710,36
4710,39
4712,37
4715,34
4715,40
4716,35
4721,40
4722,39
4725,35
4725,36
4725,40
4727,37
4729,33
4731,22
4731,40
4732,34
4734,35
4735,33
4737,39
4737,40
4739,36
4740,33
4744,39
4746,33
4746,37
4747,35
4747,36
4747,40
4748,38
4748,39
4753,39
4754,37
4754,40
4757,36
4759,2
4760,33
4760,37
4760,39
4760,40
4762,35
4763,34
4763,38
4767,22
4769,35
4769,39
4770,34
4770,40
4771,2
4771,37
4772,36
4774,33
4774,38
4774,40
4775,24
4776,34
4778,40
4779,36
4780,23
4781,38
4783,33
4783,34
4783,39
4785,36
4786,40
4787,7
4787,17
4788,38
4790,11
4790,34
4790,36
4791,1
4791,8
4791,39
4791,40
4792,35
4793,27
4793,28
4794,3
4795,25
4795,33
4795,36
4795,37
4795,38
4795,40
4796,21
4796,22
4796,31
4796,39
4797,5
4797,20
4797,26
4798,14
4798,16
4798,29
4798,30
4798,34
4799,4
4799,6
4799,9
4799,18
4799,40
4800,3
4800,12
4800,13
4800,17
4800,19
4800,28
4800,35
4800,36
4800,37
4800,38
4800,39
4801,2
4801,10
4801,11
4801,15
4801,24
4801,32
4801,34
4802,8
4802,18
4802,21
4802,22
4802,30
4802,40
4803,3
4803,5
4803,26
4803,33
4803,37
4804,2
4804,14
4804,16
4804,23
4804,27
4804,29
4804,31
4804,34
4804,35
4804,36
4804,38
4804,39
4804,40
4805,1
4805,4
4805,9
4805,19
4805,25
4806,11
4806,20
4807,6
4807,7
4807,15
4807,17
4807,18
4807,30
4807,33
4807,35
4807,36
4807,37
4807,39
4807,40
4808,34
4808,38
4809,3
4810,2
4810,22
4811,35
4811,36
4811,40
4812,33
4812,34
4812,39
4815,40
4817,34
4817,39
4819,36
4820,40
4821,35
4822,33
4822,39
4823,34
4825,36
4825,40
4827,35
4827,38
4829,33
4831,40
4832,39
4833,36
4834,34
4838,35
4839,36
4839,40
4840,33
4843,37
4843,38
4846,40
4848,35
4848,36
4848,39
4849,33
4852,35
4853,39
4856,22
4856,35
4857,37
4857,39
4858,40
4860,35
4864,35
4864,39
4865,40
4867,35
4869,36
4870,37
4870,39
4871,35
4875,39
4876,40
4877,35
4878,22
4878,37
4879,34
4880,36
4882,35
4886,33
4887,34
4887,39
4887,40
4888,35
4890,23
4890,36
4891,37
4893,30
4894,38
4895,39
4896,35
4896,40
4897,37
4899,36
4901,39
4905,33
4907,39
4908,37
4908,40
4909,36
4910,2
4910,32
4910,35
4912,19
4912,34
4914,33
4914,39
4915,21
4915,37
4915,38
4916,2
4916,4
4916,34
4917,36
4918,8
4918,40
4920,18
4921,5
4921,17
4921,27
4921,34
4921,38
4922,11
4922,33
4922,35
4923,7
4923,36
4923,40
4924,3
4924,16
4924,28
4924,29
4924,37
4925,9
4925,10
4925,15
4925,25
4926,6
4926,22
4926,30
4926,34
4926,39
4927,12
4927,13
4927,14
4927,20
4927,31
4927,36
4927,37
4927,38
4927,40
4928,1
4928,3
4928,18
4928,19
4928,24
4928,26
4928,33
4928,35
4929,2
4929,8
4929,11
4929,21
4929,23
4929,28
4930,4
4930,9
4930,16
4930,17
4930,34
4930,40
4931,5
4931,15
4931,25
4931,29
4931,30
4931,31
4931,33
4931,36
4931,37
4931,38
4931,39
4932,14
4932,18
4932,22
4932,24
4932,27
4932,35
4933,1
4933,2
4933,3
4933,7
4933,10
4933,32
4933,40
4934,8
4934,13
4934,26
4934,37
4934,38
4934,39
4935,6
4935,16
4935,18
4935,20
4935,22
4935,28
4935,30
4935,33
4935,34
4935,35
4935,36
4936,11
4936,21
4936,40
4937,17
4938,3
4938,9
4938,31
4938,33
4938,37
4938,39
4939,25
4939,35
4940,4
4940,34
4940,36
4940,38
4940,40
4942,22
4942,30
4942,39
4943,35
4944,33
4944,40
4945,37
4946,36
4947,39
4949,35
4949,40
4950,38
4953,39
4955,33
4955,36
4956,35
4956,37
4956,40
4960,39
4961,35
4961,36
4961,40
4966,33
4966,35
4966,37
4967,39
4967,40
4969,36
4971,40
4972,39
4974,35
4976,33
4976,40
4977,39
4978,35
4981,39
4982,33
4982,36
4983,35
4983,37
4983,40
4986,39
4988,35
4990,39
4990,40
4992,33
4992,35
4992,36
4992,37
4994,39
4995,40
4998,35
4998,39
4998,40
4999,36
