NaN,0.00292633539553611,0.0027049952009453,0.00120734473357526,0.00226421416463013,0.00226231910108782,0.00078607467467412,0.00572055105275976,0.00204458505172639,0.0015031719154846,0.000652107794371803,0.00301584603652344,0.00134394613493266,0.00264064020134364,5.34875791259881e-05,0.00260727702149527,0.0128957782077735,0.000646175859005449,0.0150879648130152,0.0096054028770956
0.0021874320523842,NaN,0.000357921691042096,0.00710592065412186,0.00172914985445444,0.00076570352320976,0.000728468078411149,0.00443193265106268,0.00202832684004917,0.00156510518287117,0.000674847526089817,0.000409801633682483,0.000399037114188872,0.00536376068158578,0.000600924112768186,0.00060760203677529,0.000310214043795054,0.00279760496784537,0.00156136322215134,0.000730171245730493
0.00364244300611366,0.000195917480201646,NaN,0.000201872493869826,0.00153232852318258,0.000197626550306806,0.00635903611211636,0.000325310385515809,0.00100767711738781,0.00408496666923225,0.00295823838412357,0.00138805220811183,0.000623665973565279,0.00879895946813064,0.000648820431906283,0.00260805621247662,0.000314016425258135,3.6666999919166e-05,0.0136955686071328,0.0148509283157447
0.000788015001083442,0.000122771204158822,0.000598847486282084,NaN,0.00155029846535543,0.00105392790195391,0.000929457449219406,0.00231531628857479,0.00766168573304554,0.00277509786312252,0.000564843750968713,7.64807163889936e-05,0.0012894937921864,0.00370605667081625,0.00433734141885161,0.000303912907696213,0.00814400137722904,0.00518251400368103,0.00768551541783885,0.000369312378037612
0.00299451413453705,0.00229160303819093,0.000569425581300076,0.00909881306111665,NaN,0.00437972919748275,0.00401673601850328,0.00212894313577955,0.000414218089876905,0.00158775598669564,0.000616946260998286,0.0027731510020918,0.000466775652257945,0.00539424159152202,0.00138336653494531,0.000291311708232267,0.000715884777826914,0.00438263599696237,0.00180111053478416,0.00106214429109719
0.000997024499058641,0.00399817062367114,0.00370247224017406,0.00201265121512906,0.000322120960930206,NaN,0.00550168294771936,0.000641232165429717,0.000918750426215809,0.000733723229126682,0.000864161831779509,0.00296109444221465,0.00139904646427869,0.0030005913987925,0.00601216642445762,0.000980241128121506,0.00118976631795631,0.00892717511581886,0.0010613883646014,0.0108999434205296
0.00185970709869199,6.52050911652546e-05,0.00226351779440903,0.00815158189485909,0.00680527055156377,0.00276608043644272,NaN,5.64889450232475e-05,0.000195621287902237,0.00155271470307189,0.000254742968222588,0.00181623845717765,0.000996732484891072,0.00194355995010265,0.00897505877596294,0.000588120133540926,0.00202829358239159,0.00686755147362828,0.000314553065169476,0.0103532134473644
0.00068343297555995,0.00507696452687145,0.0110916205300726,0.00545255841937126,0.00149614619275695,0.00328547397532414,0.0050580805514579,NaN,0.00488725598571982,0.000738620222184627,0.00597807748399137,0.00027016438702665,0.0031635746123968,0.00138650267692664,0.00338526126030897,0.00210283963815705,0.0109080766256684,0.0203878932622842,0.0134116584944293,0.0172763212468229
0.000306603384916282,0.00044076540130189,0.00179345396032049,0.00496586672274191,0.00107177384047241,0.00343466150139837,0.00179863689861515,0.000649753299107214,NaN,0.000944443793861272,0.00456372892214862,0.00159585090535308,0.0126695294023654,0.00102377794147235,0.0052810538456477,0.00108525333254339,0.00118144622462202,0.0163320253960624,0.0125146996711797,0.0156903752560716
0.00221978727317212,0.00329857303288844,0.00325472742591776,0.0080239562568728,2.37407662773137e-06,0.00293237828309201,0.000846291791746556,0.00636474700216683,0.00191501993358428,NaN,0.0029443925261789,0.000474177178497848,0.000974252292944899,0.00109171929555024,0.00124630433936762,0.0067045521477499,0.00035258756053741,0.0113490128999501,0.0105863440308814,0.0120681571391454
0.00163450066542636,0.0013183644120553,0.00105954448496148,0.00015468975787214,0.00139752290287881,0.00189540049082421,0.000312285078348573,0.00464354864354666,0.00178750324485732,0.000362445782411958,NaN,0.00143774166354294,0.00074388305585299,0.00509672010899298,0.000569616638698811,0.000341961349871578,0.0137843290746116,0.0100955918511192,0.012907131416507,0.000122319769949697
0.000649844475734462,0.00691593330745499,0.00108552641451987,0.00787520791450347,0.000569614078326786,0.00388554808356295,0.00386074964032596,0.00174011514578937,0.000620862393066857,0.00211246393547038,0.000395756715502127,NaN,0.00090960943785906,0.00395308526339061,0.000314073038269969,0.000175376295905583,0.0112183955747084,0.00365740278953003,5.93777134262896e-05,0.00922687998119948
0.00167159123337435,0.00505881235998989,0.00256646496044755,0.0059093811397985,0.000700173694765882,0.00174843058303681,0.00571550231844076,0.0143320444317644,0.00446821267935305,0.00398810777366404,0.00108584001078887,0.00288066274371684,NaN,0.00363650449906366,0.00224182561283975,0.000404606114035755,0.00927196403675551,0.0155042887240832,0.0126898202421697,0.0179576121507177
0.0014930875822981,0.000949922602467679,0.00556940535766864,0.00132922129734037,0.00750959513485927,0.00270613178948376,0.0112160190788532,0.00368929574072141,0.00270155222127388,0.00185925488661576,0.00183684583283145,0.00746205086314738,0.00116960643493103,NaN,0.00271688185564861,0.00082907067525545,0.000431645605608211,0.00247253288006072,0.00770496528367748,0.00229096211822244
0.00424696258328022,0.00332764084963921,0.000602149969686883,0.00236853111515839,0.00442961549182164,0.00653970125702946,0.00154208637109327,2.54139945911613e-05,0.00357357768092387,0.00322628927141749,0.00231715833131191,0.00106676163666758,0.00368666219395958,0.000386708206895903,NaN,0.00108148286766047,0.00309262368372637,0.000701499021704299,0.00195356820302189,0.00477263926952914
0.00128229214256526,0.00678961510295817,0.00129829594945446,0.00186140303330462,0.000446458245907333,0.00205212737955252,0.0106939507419862,0.00127583747876631,0.00213910820528779,0.00779481882020755,0.000545758504540084,0.00289763335675236,0.00076515250661463,0.00158516966366101,0.00348556333068778,NaN,0.000425771975174849,0.000697836287222642,0.000843082113847038,0.0150748387255191
0.00241193817507235,0.000188261480061402,0.00110296200264048,0.00378092077605707,0.000351680086325107,0.000190949195466916,0.00274194868924288,0.00298465614758314,0.000245870742809462,0.00131221577825147,0.00337568600196442,0.000653320809751667,0.000549364131749608,0.00127759476588146,0.000612269916015318,0.00231873023378959,NaN,0.0027501284251672,0.000514324043632358,0.00028332576392992
0.00148773829292137,0.000537695505646779,0.00109339256967086,0.00201244751647958,0.000516595518766316,6.5750552432714e-05,0.00250543288551464,0.000547500190081984,0.000289038311273387,0.000853257600083951,0.00110607453589526,0.00146899896092959,0.000537062741696515,0.00228351147461245,0.00588467555173697,0.00485291411678665,0.000909368136318228,NaN,0.000335072656020452,0.000388943974094169
6.59479718955469e-05,0.000617285046239952,0.000592680518117228,0.000836549585732066,0.000564004906142862,0.00235372365153333,0.00047806132247194,0.000572296340329737,0.00169102269478036,6.97093142560945e-05,0.00243653378131592,0.00155513242935762,0.00136746998358608,0.00229857818477902,0.002261032843663,0.00165135468440314,0.00444527998335079,0.00517855024339645,NaN,0.00238700871668612
6.53456548071474e-05,0.00290712629064382,8.00814991265553e-05,0.00178703530061228,0.000710943788908708,0.000610356696783998,0.00223298053967466,0.00186109584887328,0.000973290028617818,0.00125280575907014,0.000855785490295136,0.000264997725105409,0.00221262701973865,0.00147122406146777,0.000914358658334974,0.000908949011184712,0.00434776841417631,0.000673046110113013,0.00090193581685219,NaN
