8,12
9,6
10,2
10,13
10,21
10,22
10,25
10,29
10,31
10,32
11,1
11,3
11,7
11,9
11,10
11,19
11,20
11,23
11,27
11,30
11,33
11,36
11,37
12,4
12,5
12,8
12,11
12,14
12,15
12,16
12,17
12,18
12,24
12,26
12,28
12,34
12,35
12,38
12,39
12,40
13,2
13,6
13,12
13,13
13,21
13,22
13,25
13,29
13,31
13,32
14,1
14,7
14,9
14,10
14,19
14,23
14,30
14,33
14,34
14,35
14,36
14,37
15,3
15,4
15,5
15,8
15,11
15,14
15,15
15,16
15,17
15,18
15,27
15,28
15,38
15,39
15,40
16,2
16,12
16,22
16,24
16,26
16,31
17,6
17,13
17,19
17,20
17,21
17,33
17,34
17,35
17,36
17,37
17,38
17,40
18,8
18,11
18,16
18,17
18,23
18,25
18,29
18,32
18,39
19,1
19,9
19,10
19,28
19,30
20,5
20,7
20,27
20,34
20,37
20,40
21,3
21,14
21,16
21,17
21,18
21,19
21,33
21,35
21,36
21,38
21,39
22,15
22,26
23,11
23,34
24,37
25,40
26,33
26,35
26,36
26,39
28,37
28,38
32,37
33,33
34,34
34,35
39,37
40,40
41,33
41,34
42,35
42,38
46,37
49,33
49,35
50,38
51,34
52,37
57,37
57,40
59,33
60,34
61,39
64,37
65,35
66,33
66,34
66,36
66,38
72,37
73,35
73,38
74,34
74,36
75,33
76,40
79,37
82,34
83,33
83,36
83,40
85,35
87,34
89,37
90,36
93,34
94,40
95,36
98,34
98,35
99,37
99,38
104,34
104,35
109,33
110,35
110,37
110,39
112,34
115,36
117,37
119,17
120,34
121,40
122,37
122,39
125,35
126,34
126,36
126,40
129,37
132,34
132,35
134,37
134,40
135,8
135,33
140,33
140,36
140,37
141,34
142,16
143,35
145,33
147,36
148,19
148,37
150,14
150,23
150,34
150,35
150,40
151,33
154,39
155,35
157,6
157,36
158,33
159,4
159,35
160,24
160,25
160,34
160,37
161,18
161,30
161,40
163,13
163,35
164,17
164,33
165,10
165,21
165,22
165,34
165,36
166,29
167,2
167,9
167,27
167,37
167,39
168,3
168,7
168,8
168,12
168,20
168,31
168,40
169,1
169,5
169,11
169,15
169,17
169,19
169,34
169,35
169,36
170,16
170,26
170,28
170,32
170,33
170,37
170,38
171,6
171,14
171,22
171,40
172,13
172,21
172,24
172,25
172,34
172,39
173,4
173,12
173,23
173,35
174,1
174,8
174,17
174,18
174,19
174,27
174,30
174,33
174,36
174,37
175,9
175,11
175,16
175,34
175,38
175,40
176,29
176,31
176,35
177,39
178,3
178,10
178,19
178,32
178,33
179,2
179,7
179,34
179,38
180,40
181,17
181,33
181,35
181,36
181,37
183,39
186,34
187,35
187,38
187,40
192,33
192,37
193,35
193,40
194,34
194,38
199,34
199,40
200,37
202,35
202,38
205,34
207,37
211,35
211,38
211,40
212,33
213,34
214,39
220,34
222,36
222,38
223,40
225,35
226,37
228,38
228,40
229,34
232,37
233,36
236,37
236,40
237,34
239,38
240,35
242,37
246,35
246,40
247,34
247,36
248,37
250,33
252,40
253,36
253,37
254,34
254,39
257,33
258,40
259,34
259,35
261,37
263,34
267,34
267,36
267,40
268,37
269,38
271,35
272,34
274,33
275,17
276,38
277,36
279,34
279,35
279,40
280,28
281,19
281,21
281,30
283,37
283,39
284,6
284,8
284,9
284,12
284,24
284,33
284,34
284,35
284,38
285,4
286,1
286,11
286,13
286,16
286,23
287,5
287,15
287,22
287,25
287,27
287,31
287,37
288,2
288,3
288,14
288,17
288,18
288,20
288,29
288,32
288,33
288,34
288,35
288,36
288,38
289,7
289,8
289,10
289,11
289,16
289,19
289,26
289,28
289,30
289,39
289,40
290,1
290,6
290,21
290,37
291,9
291,12
291,13
291,17
291,23
291,24
291,33
291,34
291,35
291,36
291,38
292,4
292,5
292,19
292,22
292,27
292,31
292,39
292,40
293,15
293,18
293,25
293,29
293,37
294,11
294,34
294,36
295,2
295,14
295,16
295,17
295,26
295,33
295,35
295,39
295,40
297,3
297,38
298,34
298,37
298,40
301,36
302,35
302,37
307,34
307,37
308,40
310,39
311,38
313,35
314,37
314,40
317,34
318,37
322,37
323,34
325,35
326,38
326,40
327,33
327,36
328,34
328,37
333,37
335,34
335,36
339,40
341,37
341,39
342,34
343,38
347,34
347,37
348,35
349,36
349,40
352,34
353,37
358,37
359,34
360,35
362,40
364,33
365,34
365,37
370,35
373,38
374,33
375,34
375,37
376,40
378,35
381,34
381,38
383,33
384,39
386,35
389,38
390,37
391,34
394,35
395,40
397,37
398,34
399,8
399,40
402,36
403,40
404,6
404,33
405,7
406,34
406,38
407,17
407,22
407,37
408,13
408,18
408,39
409,19
409,21
409,24
409,30
409,40
410,10
410,34
411,14
411,23
411,25
411,28
411,29
411,35
411,36
412,1
412,3
412,9
412,11
412,12
412,16
412,26
412,32
412,33
412,39
413,2
413,4
413,5
413,15
413,17
413,19
413,20
413,27
413,31
413,37
413,38
414,7
414,8
414,13
414,33
414,34
414,35
414,36
414,40
415,1
415,6
415,10
415,11
415,12
415,16
415,18
415,21
415,22
415,24
415,25
415,28
415,30
415,39
416,9
416,14
416,17
416,19
416,23
416,26
416,37
417,2
417,4
417,16
417,27
417,29
417,32
417,33
417,34
417,35
417,38
417,39
417,40
418,1
418,3
418,5
418,6
418,8
418,11
418,12
418,13
418,15
418,20
418,21
418,25
418,28
418,30
418,31
418,36
419,7
419,10
419,18
419,22
419,24
419,33
419,34
419,37
420,2
420,9
420,11
420,16
420,17
420,19
420,32
420,35
420,38
420,39
420,40
421,4
421,5
421,6
421,8
421,14
421,15
421,21
421,23
421,27
421,31
421,36
422,1
422,3
422,12
422,26
422,34
422,37
422,40
423,13
423,19
423,29
423,33
423,35
423,36
423,38
424,17
424,30
424,39
425,37
426,34
426,40
428,33
429,36
432,37
433,38
434,33
435,35
438,33
438,37
438,40
440,38
444,40
445,37
446,38
447,33
447,36
448,35
450,34
450,37
453,38
454,33
454,35
456,37
459,34
461,35
462,33
463,37
465,38
467,33
467,35
468,37
470,34
471,33
473,35
476,33
476,37
477,35
480,40
482,35
483,33
483,37
485,34
488,33
491,34
491,35
491,36
491,37
495,33
497,34
498,39
500,33
500,37
503,35
503,38
504,34
505,33
505,36
509,33
510,37
510,40
511,39
514,35
517,33
517,34
521,37
523,34
523,39
524,35
525,33
527,36
529,38
531,34
532,40
535,33
535,36
536,25
536,35
537,34
538,37
538,39
542,34
543,33
546,40
547,36
547,37
550,34
553,37
553,39
555,18
555,33
556,10
556,35
557,7
559,36
560,17
560,24
560,33
560,40
561,37
562,19
562,26
563,8
564,13
564,16
564,21
564,22
564,23
565,4
565,6
565,9
565,11
565,14
565,29
565,34
565,38
566,1
566,2
566,3
566,5
566,12
566,15
566,17
566,19
566,20
566,27
566,28
566,30
566,31
566,35
566,36
566,37
566,39
566,40
567,7
567,8
567,16
567,25
567,32
567,33
567,34
568,6
568,9
568,13
568,18
568,21
568,22
568,23
568,35
568,37
568,38
568,39
569,4
569,10
569,11
569,12
569,19
569,24
569,26
569,28
569,40
570,2
570,14
570,17
570,27
570,34
571,1
571,15
571,29
571,30
571,31
571,33
571,35
571,36
571,37
571,38
572,3
572,5
572,8
572,16
572,21
572,23
572,39
573,19
573,25
573,40
574,11
574,34
574,37
575,32
575,33
575,35
576,36
578,39
579,37
579,38
580,34
580,35
580,40
585,37
585,40
587,33
588,34
588,35
591,40
595,35
595,37
595,40
597,33
599,34
600,37
600,40
604,35
605,37
609,33
609,40
611,37
612,35
618,35
618,37
618,40
619,34
621,33
626,40
627,34
628,33
628,35
628,37
633,39
635,35
635,40
636,33
636,38
639,36
640,33
640,34
641,40
642,37
646,33
647,39
649,35
649,40
651,17
653,34
655,37
655,39
656,33
658,36
661,33
661,38
662,40
663,36
667,34
668,38
668,40
669,33
669,36
672,13
674,33
675,37
675,40
676,18
676,36
677,34
679,22
679,38
680,39
681,35
683,36
685,34
686,17
686,40
687,19
688,37
689,33
689,36
689,38
689,39
690,34
690,35
696,38
697,34
699,7
699,31
700,6
700,40
701,28
701,30
701,35
702,5
702,25
702,37
703,3
703,8
703,21
703,24
703,33
704,14
704,16
704,34
704,38
705,4
705,9
705,11
705,20
705,23
705,26
705,27
705,29
705,40
706,1
706,2
706,10
706,12
706,15
706,19
706,22
706,32
706,35
706,36
706,37
706,39
707,6
707,13
707,17
707,18
707,30
707,31
707,33
707,34
707,38
707,40
708,5
708,7
708,8
708,11
708,16
708,21
708,25
708,27
709,9
709,19
709,26
709,28
709,37
710,1
710,2
710,3
710,4
710,14
710,17
710,23
710,29
710,33
710,34
710,35
710,36
710,39
710,40
711,10
711,11
711,12
711,15
711,16
711,22
711,24
711,32
711,38
712,7
712,13
712,18
712,37
713,6
713,8
713,19
713,34
713,35
713,39
713,40
714,17
714,21
714,30
714,33
714,36
714,38
715,31
716,23
716,34
716,37
720,37
721,34
724,33
724,37
728,37
729,34
733,37
734,34
734,38
734,40
735,35
741,33
741,34
742,37
743,38
747,33
748,37
749,34
754,40
755,33
756,34
757,37
759,38
761,37
762,33
763,34
765,35
768,33
768,37
770,35
771,34
777,37
778,33
778,34
779,35
780,38
783,35
787,34
787,37
787,38
788,40
789,33
789,35
795,34
795,37
797,35
800,39
802,33
802,34
803,38
807,40
808,37
809,34
812,35
812,36
818,34
819,37
819,40
820,10
820,20
822,33
822,35
823,34
823,37
826,9
827,37
828,36
829,12
829,17
829,34
829,40
831,37
832,22
832,23
832,35
833,25
833,28
833,39
834,8
834,13
834,16
834,29
834,34
835,14
835,36
835,37
835,38
836,4
836,7
836,11
836,15
836,19
836,21
836,24
836,27
836,31
837,1
837,2
837,3
837,5
837,17
837,18
837,30
837,32
837,35
837,40
838,6
838,9
838,19
838,26
838,28
838,33
838,34
838,36
838,37
838,39
839,4
839,7
839,8
839,10
839,11
839,12
839,13
839,16
839,21
839,22
839,23
839,25
839,27
839,29
839,38
840,14
840,15
840,17
840,24
840,40
841,1
841,2
841,5
841,6
841,7
841,10
841,11
841,16
841,19
841,20
841,23
841,29
841,30
841,31
841,32
841,33
841,34
841,35
841,36
841,37
841,38
841,39
842,3
842,8
842,9
842,13
842,18
842,21
842,22
842,26
842,28
843,4
843,12
843,17
843,19
843,25
843,27
843,33
843,34
843,37
843,40
844,2
844,6
844,11
844,15
844,16
844,31
844,35
844,36
844,38
844,39
845,1
845,5
845,8
845,30
846,14
846,32
846,34
847,33
847,37
847,40
848,35
848,38
849,36
853,37
854,33
854,35
854,40
856,34
859,33
860,40
863,34
863,37
864,33
865,35
868,36
868,40
869,33
872,40
873,33
873,34
876,37
879,33
880,40
882,35
882,36
882,38
883,33
885,34
887,37
889,33
894,33
894,34
894,40
896,35
897,37
897,38
900,33
902,35
904,33
907,38
908,33
908,37
908,39
909,35
909,40
913,37
914,33
914,34
915,35
918,37
919,33
922,35
922,37
923,34
925,33
930,33
930,35
930,36
930,37
936,34
936,37
937,33
938,35
940,38
941,40
943,33
945,37
947,38
948,39
949,18
949,34
949,35
949,37
951,33
955,37
956,38
957,33
958,40
959,34
963,37
964,17
966,33
966,35
967,34
967,36
967,38
968,13
969,14
970,10
970,40
971,3
971,8
971,24
971,39
972,19
972,37
973,9
973,21
973,29
973,38
974,1
974,6
974,11
974,23
974,28
974,31
974,35
974,36
975,4
975,5
975,16
975,22
975,25
975,26
975,32
975,33
975,40
976,2
976,7
976,12
976,15
976,20
976,27
976,30
976,34
976,37
976,38
976,39
977,8
977,13
977,17
977,18
977,19
977,21
977,35
978,6
978,10
978,11
978,14
978,24
978,33
979,1
979,9
979,16
979,19
979,22
979,23
979,34
979,36
979,37
979,38
979,40
980,4
980,7
980,17
980,26
980,28
980,29
980,31
980,35
980,39
981,3
981,25
981,30
981,33
981,37
982,5
982,8
982,34
982,40
983,2
983,12
983,21
983,27
983,35
983,36
983,38
984,11
984,13
984,37
986,16
986,19
986,33
986,34
987,35
988,37
988,38
988,40
990,34
992,35
992,37
995,34
997,37
1000,33
1000,38
1001,37
1002,34
1003,35
1004,37
1007,34
1007,37
1011,35
1011,38
1012,37
1013,34
1018,35
1018,37
1018,40
1020,34
1024,37
1025,38
1027,34
1030,37
1031,36
1032,33
1038,34
1038,37
1038,38
1038,39
1038,40
1039,33
1042,36
1043,35
1045,37
1047,33
1048,34
1050,38
1051,35
1051,37
1055,37
1056,34
1059,36
1059,38
1059,39
1061,33
1061,37
1063,35
1066,38
1067,34
1068,37
1071,35
1073,37
1074,38
1075,34
1078,35
1078,37
1080,38
1083,37
1085,33
1085,34
1087,35
1088,6
1088,40
1090,31
1092,34
1092,35
1093,17
1093,33
1093,36
1093,37
1094,14
1094,15
1094,25
1095,38
1096,8
1096,18
1096,30
1096,32
1097,22
1097,34
1098,2
1098,3
1098,7
1098,24
1098,28
1098,33
1098,35
1098,39
1099,4
1099,9
1099,11
1099,17
1099,19
1099,20
1099,21
1099,23
1099,37
1099,40
1100,1
1100,5
1100,10
1100,12
1100,16
1100,26
1100,27
1100,29
1100,36
1100,38
1101,6
1101,13
1101,33
1101,34
1101,35
1101,39
1102,2
1102,8
1102,11
1102,15
1102,17
1102,19
1102,21
1102,22
1102,25
1102,30
1102,31
1102,37
1102,40
1103,7
1103,9
1103,18
1104,1
1104,3
1104,4
1104,14
1104,16
1104,19
1104,24
1104,28
1104,32
1104,33
1104,34
1104,36
1104,38
1104,39
1105,5
1105,6
1105,8
1105,11
1105,12
1105,17
1105,21
1105,23
1105,27
1105,29
1105,35
1105,37
1105,40
1106,10
1106,13
1106,20
1106,26
1106,34
1107,19
1107,22
1107,30
1107,33
1107,35
1107,36
1107,37
1107,38
1108,1
1108,16
1108,17
1108,25
1108,31
1108,39
1108,40
1109,7
1109,9
1110,2
1110,8
1110,28
1110,34
1111,35
1111,40
1113,38
1114,33
1114,37
1115,34
1116,35
1116,40
1120,35
1122,40
1123,34
1123,37
1124,35
1125,38
1128,35
1128,40
1130,34
1130,37
1134,35
1135,33
1135,34
1137,37
1140,35
1140,40
1141,37
1143,34
1146,36
1147,37
1148,35
1148,40
1151,34
1152,37
1156,34
1156,35
1158,33
1159,37
1165,34
1165,37
1165,38
1168,39
1169,37
1170,33
1171,38
1173,35
1177,37
1178,38
1179,34
1181,35
1182,37
1186,35
1188,36
1189,34
1189,37
1192,40
1194,33
1196,35
1198,34
1200,33
1200,37
1203,36
1203,39
1205,35
1208,33
1210,38
1211,36
1212,34
1213,37
1215,33
1215,38
1215,40
1220,34
1221,36
1221,40
1222,37
1222,38
1223,13
1224,33
1224,35
1225,34
1226,37
1232,11
1232,33
1232,35
1233,37
1233,40
1234,34
1237,8
1237,37
1238,33
1239,17
1239,20
1241,12
1241,37
1242,1
1242,6
1242,10
1242,22
1242,24
1242,34
1242,39
1243,16
1243,23
1243,33
1243,35
1243,40
1244,9
1244,19
1244,21
1244,27
1244,36
1244,37
1244,38
1245,4
1245,5
1245,14
1245,18
1245,25
1245,26
1245,30
1245,31
1246,2
1246,17
1246,34
1246,39
1247,3
1247,7
1247,13
1247,15
1247,28
1247,29
1247,32
1247,33
1247,35
1247,36
1247,38
1247,40
1248,8
1248,11
1248,16
1248,19
1248,21
1248,37
1249,22
1249,27
1249,34
1250,1
1250,6
1250,9
1250,12
1250,18
1250,25
1250,30
1250,33
1250,35
1251,10
1251,14
1251,17
1251,23
1251,24
1251,31
1251,38
1251,39
1251,40
1252,5
1252,19
1252,28
1252,33
1252,36
1252,37
1253,4
1253,7
1253,11
1253,29
1253,34
1254,3
1254,16
1254,26
1254,32
1254,35
1254,39
1254,40
1255,13
1256,2
1256,15
1257,34
1257,36
1257,37
1258,33
1258,35
1258,40
1259,38
1265,33
1265,40
1266,37
1268,34
1273,33
1273,35
1273,40
1275,37
1277,36
1278,34
1281,33
1283,37
1284,40
1286,35
1288,33
1290,37
1294,34
1294,40
1296,35
1299,34
1299,37
1306,33
1306,34
1306,36
1306,40
1307,37
1309,39
1315,38
1316,40
1318,35
1320,37
1322,34
1327,36
1329,35
1330,33
1330,39
1332,34
1332,38
1333,37
1333,40
1338,33
1338,35
1339,37
1342,33
1343,12
1346,33
1347,37
1348,34
1350,38
1351,19
1351,35
1353,27
1354,33
1354,40
1355,38
1356,35
1357,6
1357,17
1357,36
1357,37
1358,31
1358,34
1359,39
1362,8
1362,35
1362,36
1362,38
1363,21
1365,14
1366,28
1367,3
1367,24
1367,34
1367,35
1367,37
1367,39
1368,11
1368,38
1368,40
1369,5
1370,4
1370,9
1370,32
1370,36
1371,33
1371,37
1372,13
1372,19
1372,34
1372,35
1373,18
1373,25
1373,30
1374,2
1374,26
1374,38
1374,40
1375,7
1375,12
1376,1
1376,33
1377,10
1377,15
1377,17
1377,20
1377,22
1377,23
1377,29
1377,36
1377,37
1378,16
1378,34
1378,35
1378,38
1378,39
1378,40
1379,8
1380,19
1380,30
1381,14
1381,37
1382,6
1382,11
1382,17
1382,21
1383,2
1383,31
1383,33
1383,34
1383,35
1383,36
1383,38
1384,40
1386,37
1386,39
1388,34
1389,35
1392,38
1394,34
1394,35
1394,40
1396,37
1399,35
1400,34
1402,33
1402,38
1405,37
1406,36
1407,35
1409,34
1410,33
1412,39
1413,40
1414,33
1416,37
1417,38
1419,33
1420,34
1423,37
1425,35
1427,36
1428,38
1430,33
1430,39
1430,40
1432,34
1435,36
1439,34
1440,38
1441,37
1445,39
1446,36
1448,34
1449,35
1450,40
1453,34
1453,36
1453,37
1456,33
1459,35
1460,37
1460,39
1460,40
1461,36
1463,34
1464,18
1467,36
1467,37
1468,38
1469,3
1469,5
1469,25
1469,35
1469,40
1471,17
1471,33
1471,34
1472,28
1472,37
1473,4
1473,21
1474,19
1474,35
1475,6
1475,22
1475,34
1476,8
1476,13
1476,14
1477,9
1477,10
1477,16
1477,30
1477,36
1477,37
1477,38
1478,1
1478,11
1478,15
1478,23
1478,24
1478,27
1478,29
1478,31
1478,33
1478,39
1479,2
1479,7
1479,12
1479,17
1479,19
1479,20
1479,32
1479,34
1479,40
1480,5
1480,6
1480,16
1480,25
1480,26
1480,28
1480,35
1480,37
1481,1
1481,4
1481,9
1481,13
1481,18
1481,21
1481,22
1481,33
1481,36
1481,38
1481,39
1482,8
1482,10
1482,11
1482,15
1482,17
1482,23
1482,24
1482,27
1482,30
1482,34
1482,40
1483,3
1483,14
1483,19
1483,37
1484,2
1484,7
1484,16
1484,29
1484,31
1484,32
1484,33
1484,35
1484,38
1484,39
1485,5
1485,12
1485,17
1485,21
1485,25
1485,34
1485,36
1485,40
1486,6
1486,9
1486,26
1487,1
1487,33
1487,35
1487,37
1488,34
1489,13
1489,39
1490,38
1491,33
1491,36
1494,34
1496,33
1497,38
1498,35
1500,33
1503,37
1504,33
1504,35
1504,38
1504,40
1505,34
1510,33
1511,37
1512,35
1514,38
1515,33
1516,34
1522,37
1524,33
1524,34
1525,35
1525,40
1527,36
1533,33
1533,35
1534,37
1534,40
1535,39
1536,34
1543,37
1544,35
1545,33
1545,34
1551,37
1552,39
1553,38
1554,33
1554,34
1554,35
1554,40
1561,37
1561,38
1565,34
1566,36
1567,35
1567,38
1571,37
1572,34
1574,40
1578,35
1578,40
1579,36
1579,38
1581,17
1582,33
1582,37
1584,34
1584,40
1586,8
1589,40
1590,37
1590,38
1590,39
1594,24
1594,31
1594,34
1594,40
1595,36
1598,19
1599,25
1600,21
1600,28
1600,39
1600,40
1601,20
1601,33
1601,34
1601,37
1602,3
1602,9
1602,12
1602,17
1602,18
1602,22
1602,27
1602,29
1602,30
1602,35
1602,36
1602,38
1603,11
1603,16
1604,2
1604,4
1604,6
1604,7
1604,10
1604,15
1604,19
1604,23
1604,32
1604,33
1604,40
1605,1
1605,5
1605,12
1605,13
1605,14
1605,17
1605,21
1605,26
1605,28
1605,34
1605,35
1605,37
1605,38
1605,39
1606,8
1606,16
1606,24
1606,25
1606,29
1606,36
1607,6
1607,9
1607,11
1607,18
1607,19
1607,22
1607,30
1607,31
1607,33
1607,37
1607,40
1608,7
1608,15
1608,17
1608,23
1608,27
1608,34
1608,35
1609,1
1609,2
1609,3
1609,4
1609,10
1609,13
1609,38
1609,39
1610,14
1610,16
1610,26
1610,33
1610,36
1610,37
1610,40
1611,5
1611,8
1611,19
1611,20
1611,32
1611,35
1612,21
1612,34
1613,11
1613,37
1613,38
1614,33
1614,40
1615,35
1615,36
1618,33
1618,34
1618,37
1618,40
1622,35
1623,33
1623,37
1624,40
1626,34
1628,40
1629,35
1630,33
1631,37
1632,34
1633,40
1636,40
1637,37
1638,33
1638,34
1641,40
1642,37
1644,34
1646,37
1647,35
1647,40
1649,34
1651,37
1654,33
1654,40
1656,34
1659,40
1660,37
1661,35
1664,34
1665,37
1667,33
1667,40
1670,34
1670,35
1670,38
1672,36
1672,37
1676,34
1680,37
1681,40
1684,34
1685,33
1685,37
1686,38
1687,40
1688,36
1688,39
1692,35
1692,37
1694,34
1694,40
1699,40
1700,33
1700,34
1701,37
1705,35
1705,37
1708,40
1709,33
1709,37
1710,34
1712,36
1713,35
1713,37
1714,25
1715,34
1718,37
1720,17
1720,34
1723,11
1724,1
1724,6
1725,8
1725,36
1725,37
1725,39
1726,14
1726,20
1726,30
1726,34
1726,38
1727,5
1727,7
1727,12
1727,13
1727,18
1727,24
1727,31
1727,35
1727,40
1728,2
1728,4
1728,17
1728,23
1728,26
1729,9
1729,15
1729,16
1729,19
1729,21
1729,22
1729,27
1729,28
1729,33
1729,37
1730,3
1730,8
1730,10
1730,29
1730,32
1730,34
1730,36
1730,38
1730,39
1731,1
1731,5
1731,6
1731,11
1731,13
1731,14
1731,17
1731,25
1731,30
1731,35
1731,40
1732,2
1732,7
1732,12
1732,16
1732,18
1732,19
1732,23
1732,33
1732,37
1733,4
1733,9
1733,24
1733,26
1733,28
1733,31
1733,34
1734,15
1734,17
1734,21
1734,22
1734,35
1734,36
1734,39
1734,40
1735,8
1735,19
1735,20
1735,25
1735,27
1735,29
1735,30
1735,33
1735,37
1735,38
1736,3
1736,6
1736,10
1736,11
1736,13
1736,16
1736,34
1737,1
1737,14
1737,32
1737,37
1738,19
1738,33
1738,35
1738,38
1738,39
1738,40
1739,12
1739,17
1739,34
1739,36
1741,37
1743,35
1745,34
1745,37
1747,36
1749,35
1750,40
1751,37
1752,34
1757,35
1757,36
1757,37
1758,34
1758,40
1764,34
1764,35
1764,37
1766,36
1766,40
1769,34
1771,40
1775,34
1775,35
1775,37
1777,40
1778,33
1781,34
1782,40
1785,33
1785,35
1786,37
1787,34
1788,40
1791,33
1793,35
1795,34
1796,33
1796,40
1797,37
1800,36
1801,33
1802,34
1803,35
1804,37
1804,40
1807,36
1808,33
1808,34
1808,35
1810,37
1814,36
1815,33
1815,35
1816,40
1818,37
1819,39
1820,34
1823,35
1824,37
1828,33
1829,36
1829,37
1830,34
1830,40
1833,35
1834,37
1837,39
1839,33
1839,34
1842,37
1843,35
1843,40
1844,36
1847,38
1849,34
1849,37
1850,33
1851,36
1852,17
1853,40
1855,34
1857,39
1858,33
1858,35
1858,38
1859,29
1860,36
1861,21
1862,18
1862,37
1863,31
1864,33
1865,8
1865,13
1865,34
1865,36
1866,7
1866,23
1867,2
1867,4
1867,9
1867,11
1867,12
1867,25
1867,30
1867,35
1868,1
1868,17
1868,19
1868,22
1868,24
1868,32
1868,40
1869,5
1869,6
1869,10
1869,14
1869,15
1869,16
1869,26
1869,27
1869,28
1869,33
1869,34
1869,36
1869,37
1869,38
1869,39
1870,3
1870,7
1870,8
1870,12
1870,20
1870,21
1870,29
1870,31
1870,35
1871,1
1871,9
1871,11
1871,13
1871,17
1871,19
1871,23
1871,25
1871,40
1872,2
1872,4
1872,14
1872,16
1872,18
1872,22
1872,24
1872,30
1872,33
1872,34
1872,35
1872,37
1872,38
1873,5
1873,6
1873,15
1873,21
1873,27
1873,28
1873,31
1873,32
1873,36
1873,39
1874,7
1874,8
1874,10
1874,17
1874,19
1874,26
1874,29
1874,40
1875,3
1875,11
1875,25
1875,33
1875,34
1875,35
1875,37
1875,38
1875,39
1876,12
1876,13
1876,16
1876,36
1876,40
1877,2
1878,9
1878,17
1878,18
1878,23
1880,19
1880,34
1880,36
1880,38
1880,39
1880,40
1881,37
1882,35
1886,37
1887,34
1887,35
1888,40
1889,33
1889,38
1890,36
1895,33
1895,37
1896,35
1896,36
1896,40
1901,38
1902,33
1902,36
1902,37
1903,34
1908,36
1909,33
1910,35
1910,37
1912,40
1913,34
1914,37
1915,33
1917,35
1919,33
1921,37
1922,36
1925,33
1925,37
1927,38
1927,40
1929,34
1930,35
1930,37
1931,39
1935,33
1936,35
1936,37
1940,33
1942,36
1942,37
1946,38
1947,35
1947,37
1950,33
1951,34
1953,37
1955,33
1961,33
1962,37
1962,38
1963,36
1964,35
1966,34
1966,40
1973,17
1973,38
1973,40
1974,33
1974,37
1976,26
1978,36
1979,13
1979,34
1980,10
1981,6
1981,8
1981,38
1981,40
1982,22
1982,37
1983,19
1983,33
1983,36
1984,11
1984,31
1984,35
1985,34
1985,39
1986,17
1986,21
1987,28
1988,14
1988,40
1989,3
1989,9
1989,33
1989,34
1989,36
1990,12
1990,16
1990,30
1990,35
1990,37
1990,38
1991,18
1991,24
1991,39
1992,1
1992,7
1992,20
1992,23
1992,25
1993,8
1993,34
1994,27
1994,32
1994,33
1994,35
1994,37
1994,38
1994,40
1995,2
1995,4
1995,5
1995,15
1995,17
1995,29
1996,16
1997,19
1997,26
1997,34
1997,36
1998,10
1998,13
1998,33
1998,35
1998,39
1999,1
1999,6
1999,14
1999,22
1999,40
2000,11
2000,37
2001,25
2002,33
2002,34
2003,12
2004,31
2004,38
2005,18
2005,40
2008,33
2008,36
2009,35
2009,37
2010,34
2010,39
2015,33
2015,38
2019,34
2022,37
2022,38
2023,33
2026,34
2029,37
2029,40
2030,38
2033,34
2036,33
2036,37
2037,38
2038,36
2043,37
2044,38
2045,33
2045,35
2045,36
2046,34
2047,40
2052,34
2053,39
2054,33
2054,36
2054,37
2055,35
2055,38
2057,34
2059,37
2061,35
2061,36
2062,34
2064,37
2067,38
2068,36
2069,33
2069,34
2070,37
2071,35
2076,37
2077,35
2078,34
2079,3
2081,40
2083,34
2083,35
2083,37
2084,33
2084,38
2087,29
2089,35
2090,40
2091,36
2091,37
2092,5
2092,19
2092,21
2094,33
2094,39
2095,8
2095,34
2095,35
2096,9
2096,11
2096,27
2096,28
2096,30
2097,4
2097,6
2097,36
2097,37
2098,22
2099,1
2099,12
2099,13
2099,17
2099,19
2099,23
2099,24
2099,25
2099,31
2099,32
2099,34
2099,35
2099,38
2100,2
2100,7
2100,11
2100,14
2100,15
2100,16
2100,33
2100,37
2100,39
2100,40
2101,18
2101,19
2101,21
2101,28
2101,34
2101,36
2102,6
2102,8
2102,9
2102,10
2102,17
2102,20
2102,26
2102,27
2102,30
2102,35
2103,1
2103,3
2103,5
2103,13
2103,22
2103,25
2103,38
2103,39
2104,2
2104,4
2104,16
2104,17
2104,19
2104,23
2104,24
2104,29
2104,31
2104,32
2104,33
2104,34
2104,36
2104,37
2104,40
2105,11
2105,12
2105,15
2106,6
2106,7
2106,8
2106,9
2106,14
2106,26
2106,28
2106,35
2106,37
2106,39
2107,10
2107,18
2107,19
2107,21
2107,27
2107,34
2107,36
2107,38
2107,40
2108,17
2108,33
2108,37
2109,22
2109,25
2109,35
2110,30
2110,34
2111,16
2112,39
2113,37
2114,33
2117,36
2118,34
2119,37
2120,40
2122,33
2124,37
2125,34
2128,33
2131,37
2132,33
2132,36
2134,35
2138,34
2139,37
2140,39
2141,38
2142,33
2142,40
2149,33
2149,34
2149,37
2155,35
2155,40
2157,33
2158,34
2158,37
2159,36
2166,37
2167,33
2168,38
2169,34
2169,35
2169,36
2169,40
2173,37
2176,35
2178,37
2179,36
2181,34
2184,40
2186,33
2186,36
2186,37
2188,39
2191,35
2193,34
2193,37
2196,36
2198,34
2200,3
2201,35
2202,33
2202,36
2202,38
2204,34
2206,37
2209,35
2210,34
2211,33
2213,37
2213,40
2215,8
2216,36
2217,33
2218,39
2219,34
2219,35
2220,5
2220,17
2221,37
2222,1
2222,33
2222,40
2225,34
2225,35
2225,37
2226,13
2227,26
2227,39
2227,40
2228,33
2228,36
2229,18
2230,35
2230,37
2231,34
2234,21
2234,40
2236,35
2236,36
2236,37
2237,33
2238,15
2238,38
2239,34
2240,10
2240,19
2241,6
2241,30
2241,35
2241,39
2241,40
2243,12
2243,23
2243,33
2243,34
2244,4
2244,11
2244,25
2244,31
2245,36
2245,38
2246,16
2246,17
2246,20
2246,35
2246,37
2247,7
2247,22
2247,27
2247,29
2247,32
2248,2
2248,14
2248,28
2248,34
2248,40
2249,5
2249,8
2249,9
2249,19
2249,24
2249,33
2249,35
2249,37
2250,3
2250,10
2250,11
2250,16
2250,21
2250,38
2251,1
2251,6
2251,13
2251,17
2251,26
2251,34
2251,36
2251,39
2252,12
2252,18
2252,23
2252,35
2253,4
2253,19
2253,22
2253,29
2253,31
2253,33
2253,37
2253,40
2254,14
2254,15
2254,25
2254,30
2254,38
2255,7
2255,11
2255,17
2255,28
2255,34
2255,36
2256,2
2256,8
2256,35
2256,37
2256,39
2256,40
2257,33
2258,9
2258,21
2258,38
2260,16
2261,34
2261,37
2262,33
2262,36
2262,40
2263,35
2266,37
2268,33
2269,35
2270,37
2274,37
2276,34
2278,39
2278,40
2279,37
2280,36
2280,38
2283,34
2283,37
2286,35
2287,38
2287,40
2289,37
2292,34
2292,35
2297,33
2297,38
2298,37
2299,35
2304,34
2304,35
2304,37
2304,38
2310,35
2311,37
2311,40
2315,35
2316,36
2316,38
2317,34
2317,37
2318,40
2321,35
2323,40
2324,36
2324,37
2326,35
2328,34
2330,37
2331,35
2332,36
2332,38
2332,40
2336,40
2337,37
2339,35
2340,39
2342,38
2343,40
2344,36
2345,24
2345,34
2347,37
2348,35
2349,17
2351,40
2352,19
2354,3
2354,35
2354,36
2354,37
2355,14
2355,33
2355,34
2355,38
2355,39
2356,25
2357,40
2358,13
2359,6
2361,31
2361,33
2361,38
2362,18
2362,37
2363,10
2363,23
2363,34
2363,35
2363,40
2364,8
2364,11
2364,30
2364,32
2365,17
2365,21
2365,36
2365,39
2366,2
2366,38
2367,1
2367,5
2367,9
2367,12
2367,15
2367,33
2367,34
2367,37
2368,7
2368,16
2368,19
2368,27
2368,28
2368,40
2369,4
2369,26
2369,29
2369,35
2369,39
2370,22
2370,33
2370,34
2370,37
2371,6
2371,17
2371,38
2372,13
2372,40
2373,11
2373,35
2375,34
2375,37
2376,33
2376,38
2378,40
2379,35
2380,37
2384,35
2384,38
2384,40
2385,33
2385,37
2388,34
2391,38
2392,37
2394,33
2394,35
2394,40
2400,37
2401,34
2402,38
2402,39
2403,35
2405,33
2405,40
2407,34
2411,36
2413,35
2414,33
2414,34
2414,39
2414,40
2416,37
2421,34
2422,35
2425,37
2426,20
2426,36
2427,33
2428,40
2429,35
2430,34
2432,37
2434,35
2436,34
2436,40
2439,36
2440,8
2441,34
2441,35
2442,37
2442,40
2446,39
2449,17
2449,34
2450,35
2451,3
2451,36
2452,33
2452,38
2452,40
2455,24
2458,33
2459,1
2459,35
2459,36
2459,37
2460,26
2460,30
2461,18
2462,12
2462,19
2462,22
2462,25
2462,27
2462,40
2463,5
2463,13
2463,21
2463,33
2463,39
2464,4
2464,7
2464,10
2464,16
2464,29
2464,35
2464,37
2464,38
2465,2
2465,9
2465,11
2465,14
2465,15
2465,17
2465,23
2465,28
2465,34
2466,3
2466,6
2466,8
2466,19
2466,31
2466,32
2466,36
2466,40
2467,1
2467,21
2467,22
2467,30
2467,33
2467,34
2467,35
2468,4
2468,5
2468,7
2468,11
2468,13
2468,16
2468,20
2468,25
2468,26
2468,37
2468,38
2468,39
2469,2
2469,9
2469,12
2469,14
2469,17
2469,18
2469,27
2469,28
2469,40
2470,8
2470,10
2470,19
2470,23
2470,24
2470,29
2470,33
2470,34
2470,35
2470,36
2471,6
2471,15
2471,31
2471,37
2471,38
2471,39
2472,3
2472,11
2472,13
2472,16
2472,17
2472,21
2472,22
2472,32
2472,40
2473,26
2474,1
2474,4
2474,19
2474,30
2474,33
2474,34
2474,35
2474,36
2474,37
2475,25
2475,38
2476,17
2476,40
2477,37
2478,39
2479,16
2479,34
2480,38
2481,37
2485,37
2486,35
2486,40
2488,38
2490,34
2490,37
2494,33
2495,37
2496,38
2500,37
2500,38
2503,40
2505,37
2506,34
2507,38
2508,35
2512,38
2513,37
2515,34
2515,40
2517,35
2517,36
2517,38
2519,37
2521,34
2521,38
2522,40
2524,35
2525,37
2527,40
2528,34
2528,38
2532,35
2532,37
2534,38
2534,40
2536,34
2537,37
2540,38
2541,35
2542,34
2544,40
2546,33
2546,38
2549,37
2550,34
2552,35
2554,39
2556,33
2556,38
2558,34
2558,37
2561,35
2562,38
2564,37
2567,40
2568,34
2572,38
2573,35
2573,36
2573,37
2574,34
2575,40
2580,34
2581,38
2581,40
2582,17
2583,37
2585,33
2585,35
2586,8
2587,23
2587,36
2590,34
2590,40
2591,13
2591,19
2591,39
2592,18
2592,32
2592,37
2593,20
2593,21
2593,36
2594,12
2594,34
2594,38
2595,2
2595,6
2595,7
2595,10
2595,11
2595,24
2595,35
2596,3
2596,9
2596,27
2596,28
2596,30
2596,31
2596,33
2596,37
2596,40
2597,1
2597,4
2597,5
2597,16
2597,17
2597,19
2597,36
2598,14
2598,15
2598,22
2598,25
2598,29
2598,34
2598,35
2598,39
2599,8
2599,12
2599,13
2599,26
2599,32
2599,33
2599,38
2600,6
2600,7
2600,11
2600,21
2600,23
2600,24
2600,28
2600,36
2600,37
2600,40
2601,2
2601,10
2601,16
2601,17
2601,19
2602,1
2602,9
2602,18
2602,27
2602,30
2602,34
2602,35
2602,37
2603,3
2603,14
2603,29
2603,31
2603,33
2603,36
2603,38
2603,39
2603,40
2604,4
2604,5
2604,8
2604,22
2604,25
2604,26
2605,13
2606,11
2606,15
2606,19
2606,34
2606,40
2607,12
2607,17
2607,33
2607,35
2607,37
2607,38
2607,39
2608,16
2608,36
2610,34
2612,40
2614,36
2615,34
2615,37
2617,40
2618,39
2622,34
2622,40
2624,35
2624,37
2627,36
2630,39
2631,34
2631,37
2631,40
2638,34
2639,33
2641,36
2642,38
2645,40
2646,37
2646,39
2647,34
2649,38
2655,35
2656,34
2656,37
2656,38
2656,40
2662,34
2662,40
2664,35
2664,37
2667,34
2668,36
2671,34
2671,38
2672,35
2673,39
2673,40
2676,34
2678,35
2678,40
2680,34
2684,34
2684,40
2685,35
2687,37
2689,34
2691,35
2693,38
2694,33
2694,40
2695,34
2696,37
2700,33
2701,34
2701,35
2702,40
2705,34
2705,39
2708,37
2709,40
2710,35
2711,34
2711,38
2713,37
2715,33
2719,34
2720,36
2720,40
2721,39
2722,37
2724,35
2724,38
2725,40
2727,33
2728,34
2728,37
2730,26
2731,40
2732,21
2733,37
2733,38
2733,39
2735,34
2736,30
2736,36
2737,23
2738,38
2739,24
2739,35
2739,37
2739,40
2740,17
2741,6
2741,13
2741,16
2742,39
2743,3
2743,4
2743,10
2743,11
2743,19
2743,35
2743,36
2744,2
2744,8
2744,14
2744,22
2744,25
2744,27
2744,31
2744,33
2744,34
2744,38
2744,40
2745,1
2745,5
2745,9
2745,17
2745,18
2745,28
2745,29
2745,32
2745,37
2746,7
2746,11
2746,12
2746,15
2746,19
2746,20
2747,3
2747,6
2747,13
2747,16
2747,21
2747,24
2747,25
2747,26
2747,33
2747,34
2747,35
2747,36
2747,37
2747,38
2747,39
2747,40
2748,1
2748,2
2748,4
2748,8
2748,9
2748,14
2748,17
2748,22
2748,23
2748,30
2749,10
2749,18
2749,19
2749,27
2749,28
2749,31
2750,5
2750,7
2750,11
2750,16
2750,29
2750,32
2750,34
2750,35
2750,36
2750,37
2750,38
2750,39
2750,40
2751,2
2751,4
2751,6
2751,8
2751,12
2751,15
2751,17
2751,21
2751,33
2752,1
2752,9
2752,13
2752,14
2752,23
2752,25
2753,19
2753,26
2753,30
2753,33
2753,34
2753,35
2753,37
2754,16
2754,22
2754,24
2754,36
2754,38
2754,39
2754,40
2755,17
2755,20
2757,7
2757,37
2758,8
2758,34
2758,35
2759,38
2762,37
2762,40
2763,38
2767,34
2767,37
2768,35
2768,38
2773,37
2774,34
2776,38
2776,40
2779,37
2780,35
2783,34
2784,39
2785,37
2786,38
2788,35
2792,37
2792,38
2793,35
2793,40
2794,34
2799,40
2801,35
2801,37
2803,34
2804,36
2805,40
2807,37
2809,40
2811,39
2813,37
2813,40
2814,38
2816,34
2816,35
2817,33
2818,40
2819,37
2823,40
2824,34
2826,37
2828,35
2831,34
2831,40
2832,33
2835,37
2836,40
2838,33
2840,35
2842,36
2843,33
2843,34
2843,40
2844,37
2848,33
2852,18
2852,34
2852,39
2854,33
2855,17
2855,38
2856,35
2857,37
2857,40
2858,26
2860,3
2860,34
2862,40
2863,31
2863,33
2863,37
2864,1
2864,15
2864,21
2865,5
2865,20
2865,36
2866,11
2866,13
2866,33
2866,34
2867,6
2867,14
2867,37
2867,40
2868,8
2868,12
2868,16
2868,19
2868,30
2868,35
2868,39
2869,4
2869,7
2869,10
2869,22
2869,23
2869,25
2869,28
2869,32
2870,2
2870,17
2870,27
2870,33
2870,34
2870,36
2870,37
2870,38
2871,9
2871,11
2871,16
2871,19
2871,24
2871,29
2871,35
2871,39
2871,40
2872,12
2872,13
2872,14
2872,15
2872,31
2873,5
2873,6
2873,8
2873,10
2873,21
2873,26
2873,35
2874,1
2874,3
2874,18
2874,19
2874,25
2874,28
2874,33
2874,34
2874,36
2874,37
2874,40
2875,4
2875,7
2875,16
2875,17
2875,23
2875,30
2875,38
2875,39
2876,2
2876,9
2876,22
2876,24
2876,29
2877,14
2877,27
2877,32
2877,34
2877,35
2877,37
2877,40
2878,11
2878,36
2878,39
2879,17
2879,19
2879,33
2880,34
2880,38
2882,37
2884,33
2885,34
2886,36
2886,37
2888,35
2889,34
2890,33
2890,37
2893,34
2896,33
2896,37
2898,34
2902,35
2903,34
2903,36
2905,37
2907,33
2908,34
2908,40
2910,37
2913,35
2913,36
2914,34
2915,40
2916,37
2917,33
2921,34
2921,37
2921,40
2924,33
2925,36
2928,37
2928,39
2930,34
2930,38
2932,33
2934,40
2937,33
2938,40
2939,34
2942,37
2942,40
2945,33
2945,39
2946,34
2946,36
2949,40
2951,34
2954,33
2954,38
2955,35
2956,36
2957,34
2960,37
2963,34
2963,40
2964,33
2965,37
2967,36
2969,35
2970,40
2971,34
2973,37
2974,35
2975,33
2980,34
2981,33
2982,3
2982,35
2982,36
2982,37
2982,40
2983,38
2986,6
2986,17
2986,37
2987,25
2987,33
2987,35
2989,34
2989,40
2990,8
2992,1
2992,20
2992,36
2992,37
2993,14
2993,19
2993,22
2993,24
2993,33
2994,13
2994,23
2994,35
2995,12
2995,18
2995,34
2995,38
2996,9
2996,11
2996,16
2996,17
2996,21
2996,28
2996,30
2996,31
2996,33
2996,37
2996,39
2996,40
2997,2
2997,5
2997,7
2997,27
2997,36
2998,4
2998,26
2998,29
2998,32
2998,35
2999,8
2999,10
2999,15
2999,16
2999,19
2999,33
2999,34
2999,37
2999,39
3000,6
3000,22
3000,36
3000,38
3000,40
3001,11
3001,12
3001,18
3001,23
3001,25
3002,1
3002,13
3002,17
3002,35
3003,33
3003,34
3003,37
3004,14
3004,19
3004,21
3004,40
3005,7
3005,9
3005,36
3005,38
3005,39
3006,30
3006,35
3007,3
3008,34
3008,40
3010,37
3012,35
3014,33
3019,33
3019,37
3019,40
3020,35
3024,34
3024,37
3028,35
3028,40
3029,36
3031,37
3034,33
3037,37
3037,38
3041,34
3041,35
3043,37
3043,40
3047,35
3047,36
3047,37
3048,33
3048,34
3048,39
3052,37
3054,35
3054,36
3057,37
3060,33
3060,34
3060,36
3061,35
3061,40
3063,37
3067,34
3068,35
3069,36
3069,37
3072,34
3077,36
3078,34
3080,17
3080,37
3080,40
3081,39
3083,34
3083,35
3084,33
3089,34
3091,37
3091,38
3092,26
3092,36
3094,31
3097,35
3098,34
3098,36
3099,2
3099,5
3100,25
3100,33
3100,39
3100,40
3101,28
3101,37
3102,8
3102,11
3102,18
3102,21
3102,27
3102,38
3103,34
3104,3
3104,32
3105,1
3105,10
3105,19
3105,22
3105,35
3105,37
3105,38
3106,4
3106,6
3106,7
3106,12
3106,13
3106,15
3106,16
3106,17
3106,24
3106,29
3106,30
3106,33
3107,9
3107,11
3107,14
3107,23
3107,34
3108,1
3108,5
3108,16
3108,17
3108,19
3108,20
3108,21
3108,25
3108,28
3108,31
3108,33
3108,35
3108,36
3108,37
3108,39
3108,40
3109,2
3109,4
3109,6
3109,7
3109,8
3109,13
3109,18
3109,22
3109,26
3109,27
3109,29
3109,30
3109,32
3109,38
3110,10
3110,24
3110,34
3110,37
3111,2
3111,3
3111,9
3111,11
3111,12
3111,15
3111,16
3111,17
3111,19
3111,23
3111,33
3111,35
3111,36
3111,38
3111,39
3111,40
3112,14
3112,21
3112,31
3113,1
3113,5
3113,6
3113,13
3113,26
3113,28
3113,30
3113,34
3114,8
3114,19
3114,22
3114,25
3114,35
3114,37
3114,39
3114,40
3115,4
3115,27
3115,29
3115,33
3115,34
3115,36
3115,38
3116,16
3116,17
3117,37
3117,40
3118,34
3120,35
3122,37
3123,33
3123,40
3124,34
3125,38
3127,40
3129,35
3129,37
3130,34
3132,33
3133,37
3133,40
3137,40
3138,37
3139,34
3141,33
3141,40
3144,35
3144,37
3147,40
3148,37
3149,34
3150,33
3155,33
3155,37
3156,40
3157,34
3157,38
3158,36
3161,34
3161,37
3164,36
3164,38
3164,40
3165,35
3166,34
3166,37
3167,33
3171,37
3173,33
3173,34
3175,36
3175,38
3178,34
3179,37
3180,40
3181,33
3183,34
3184,39
3185,38
3188,36
3190,40
3191,34
3192,33
3192,37
3192,39
3198,38
3201,34
3201,40
3202,33
3202,35
3207,40
3209,37
3209,39
3210,33
3212,36
3213,35
3213,38
3213,40
3215,37
3218,35
3219,34
3219,37
3221,38
3222,33
3223,37
3223,40
3225,35
3226,34
3228,37
3229,38
3230,33
3234,37
3234,38
3235,6
3235,34
3235,35
3237,33
3239,40
3240,11
3240,34
3241,17
3241,37
3243,3
3243,38
3244,19
3244,34
3244,35
3244,40
3245,8
3245,37
3247,13
3249,20
3249,22
3249,34
3249,37
3249,39
3249,40
3250,12
3250,14
3250,38
3251,10
3252,21
3252,33
3252,35
3253,15
3253,17
3253,23
3253,28
3253,31
3254,9
3254,16
3254,30
3254,37
3255,1
3255,4
3255,5
3255,24
3255,25
3255,34
3255,36
3255,38
3255,39
3255,40
3256,2
3256,7
3256,18
3256,19
3256,27
3256,32
3257,6
3257,21
3257,26
3257,33
3257,35
3258,8
3258,14
3258,17
3258,22
3258,28
3258,29
3258,34
3259,10
3259,11
3259,13
3259,16
3259,19
3259,36
3259,37
3259,38
3259,40
3260,1
3260,9
3260,12
3260,15
3260,23
3260,30
3260,39
3261,3
3261,7
3261,24
3261,27
3261,31
3261,35
3262,4
3262,17
3262,33
3262,34
3262,37
3262,40
3263,2
3263,5
3263,16
3263,18
3263,19
3263,21
3263,25
3263,29
3263,32
3263,36
3263,39
3264,6
3264,38
3265,26
3265,34
3265,35
3266,19
3266,20
3266,28
3266,33
3266,36
3266,37
3266,39
3266,40
3267,11
3269,18
3270,34
3271,37
3273,35
3275,34
3275,38
3275,40
3279,37
3281,35
3282,33
3283,40
3284,34
3288,34
3288,37
3293,34
3296,35
3297,37
3298,34
3301,40
3305,33
3305,35
3307,37
3308,34
3312,37
3314,33
3315,38
3316,34
3316,40
3317,37
3320,35
3322,37
3324,33
3324,34
3329,35
3330,33
3330,36
3332,37
3335,35
3335,39
3337,34
3339,37
3341,35
3343,34
3349,33
3349,35
3351,37
3351,40
3352,34
3352,36
3353,17
3355,26
3355,35
3357,37
3358,8
3358,34
3358,38
3359,33
3359,40
3361,35
3362,13
3363,39
3365,34
3365,36
3365,37
3365,38
3366,33
3366,35
3366,40
3372,35
3372,38
3375,34
3377,31
3377,37
3378,33
3379,38
3381,6
3381,34
3382,35
3382,36
3383,25
3383,33
3384,3
3386,34
3386,38
3387,33
3388,19
3388,30
3388,40
3390,9
3390,33
3390,35
3391,39
3392,11
3393,1
3393,12
3393,17
3394,23
3394,33
3394,34
3394,40
3395,4
3395,18
3395,24
3395,29
3395,38
3396,7
3396,16
3396,28
3396,32
3397,5
3397,13
3397,14
3397,21
3397,22
3397,27
3397,35
3397,37
3398,2
3398,10
3398,15
3398,17
3398,19
3398,20
3398,25
3398,26
3398,30
3398,33
3398,34
3398,36
3398,39
3399,6
3399,8
3399,11
3399,16
3399,23
3399,38
3400,1
3400,3
3400,9
3400,24
3400,28
3400,29
3400,31
3400,33
3400,37
3400,40
3401,7
3401,12
3401,17
3401,19
3401,34
3401,35
3401,39
3402,2
3402,4
3402,5
3402,14
3402,18
3402,21
3402,22
3402,25
3402,32
3402,36
3403,13
3403,16
3403,27
3403,30
3403,33
3403,37
3403,40
3404,8
3404,10
3404,15
3404,19
3404,26
3404,34
3404,35
3404,38
3405,7
3405,11
3405,36
3405,39
3406,1
3406,6
3406,29
3406,33
3407,17
3407,37
3408,34
3408,40
3409,2
3409,12
3410,33
3414,33
3414,34
3414,37
3416,38
3419,33
3419,37
3421,34
3423,37
3424,40
3426,38
3428,33
3428,34
3428,37
3433,37
3435,33
3435,35
3435,40
3436,34
3437,37
3441,37
3443,35
3445,34
3445,37
3445,38
3447,36
3450,34
3452,37
3456,34
3457,35
3457,37
3458,40
3459,39
3461,34
3463,37
3464,35
3465,36
3466,34
3466,40
3470,37
3471,34
3475,34
3476,35
3476,37
3478,38
3480,37
3480,40
3481,34
3481,35
3486,34
3486,37
3488,35
3488,40
3489,36
3491,34
3491,37
3494,35
3496,36
3496,37
3498,38
3499,40
3501,33
3501,35
3502,21
3502,34
3503,37
3505,36
3505,40
3507,37
3508,8
3508,35
3508,39
3510,34
3511,4
3512,37
3512,40
3513,35
3515,36
3515,38
3517,37
3518,13
3518,31
3518,34
3519,40
3521,33
3522,36
3522,37
3523,34
3524,17
3525,35
3526,14
3527,34
3528,10
3528,37
3528,40
3530,6
3530,18
3530,28
3531,1
3531,3
3531,30
3532,5
3532,20
3532,33
3532,35
3532,36
3532,37
3533,11
3533,12
3533,15
3533,19
3533,22
3533,23
3533,25
3533,32
3533,34
3533,39
3534,2
3534,8
3534,9
3534,16
3534,24
3534,38
3535,4
3535,7
3535,17
3535,19
3535,27
3535,29
3535,37
3535,40
3536,6
3536,11
3536,13
3536,21
3536,26
3536,28
3536,33
3536,34
3536,35
3537,1
3537,5
3537,10
3537,22
3537,30
3537,31
3537,36
3537,39
3538,3
3538,9
3538,12
3538,14
3538,16
3538,18
3538,23
3538,25
3538,37
3538,38
3539,15
3539,17
3539,19
3539,20
3539,33
3539,34
3539,40
3540,2
3540,8
3540,11
3540,35
3540,36
3540,39
3542,7
3542,24
3542,29
3542,32
3542,37
3542,38
3543,13
3543,21
3543,27
3543,34
3545,33
3545,35
3545,37
3545,40
3546,36
3548,38
3550,34
3551,37
3552,35
3556,37
3557,35
3558,34
3558,38
3565,34
3567,37
3567,38
3568,33
3569,35
3569,40
3572,34
3573,37
3574,35
3576,37
3578,34
3580,35
3580,37
3584,34
3586,33
3586,37
3587,35
3591,37
3592,35
3593,33
3593,34
3594,36
3598,34
3598,37
3599,35
3602,33
3604,37
3605,34
3608,35
3612,37
3613,34
3614,33
3614,38
3614,39
3618,35
3619,37
3623,33
3623,34
3625,37
3626,35
3626,40
3629,33
3630,37
3635,33
3636,34
3637,36
3639,37
3640,26
3642,17
3645,8
3645,33
3645,37
3645,39
3645,40
3646,24
3647,9
3647,16
3647,34
3647,35
3648,10
3648,12
3648,14
3648,36
3649,13
3649,23
3650,1
3651,4
3651,5
3651,19
3651,21
3651,22
3651,25
3651,29
3651,33
3651,34
3651,37
3651,38
3651,40
3652,3
3652,6
3652,7
3652,11
3652,17
3652,18
3652,28
3652,30
3652,31
3652,36
3653,2
3653,8
3653,15
3653,32
3653,35
3653,39
3654,9
3654,13
3654,14
3654,16
3654,19
3654,27
3654,33
3654,34
3654,37
3655,1
3655,12
3655,20
3655,21
3655,22
3655,24
3655,25
3655,29
3655,36
3655,40
3656,4
3656,5
3656,6
3656,11
3656,17
3656,18
3656,23
3656,26
3656,28
3656,31
3656,38
3657,7
3657,10
3657,16
3657,30
3657,33
3657,34
3657,35
3657,37
3657,39
3658,2
3658,3
3658,8
3658,15
3658,19
3658,21
3658,25
3658,27
3658,32
3658,36
3658,40
3659,13
3659,14
3659,17
3659,22
3659,38
3660,12
3660,19
3660,34
3660,35
3660,40
3661,1
3661,7
3661,9
3661,11
3661,24
3661,33
3661,37
3661,39
3662,6
3662,16
3662,29
3662,36
3663,28
3664,34
3664,35
3664,37
3664,38
3666,40
3668,17
3670,33
3670,40
3671,35
3671,37
3676,38
3676,39
3677,33
3677,35
3677,40
3681,34
3683,38
3685,33
3685,37
3685,40
3691,33
3691,38
3692,34
3694,36
3695,37
3697,35
3698,34
3699,37
3700,33
3703,40
3705,37
3706,34
3706,35
3711,35
3712,37
3712,38
3714,33
3715,35
3718,34
3718,37
3720,35
3723,37
3724,34
3725,35
3727,33
3729,34
3731,35
3733,37
3735,34
3736,33
3736,35
3738,37
3741,35
3742,37
3743,34
3744,36
3745,33
3748,35
3748,37
3748,39
3750,34
3755,35
3755,37
3759,33
3759,34
3760,37
3760,38
3763,35
3767,38
3768,33
3768,37
3769,35
3769,36
3769,40
3770,34
3770,39
3775,38
3776,33
3777,39
3778,36
3779,40
3782,38
3784,35
3786,13
3786,33
3786,34
3786,36
3786,37
3787,38
3790,30
3790,39
3791,25
3792,17
3792,35
3792,38
3793,33
3793,40
3794,23
3795,10
3795,16
3795,34
3795,37
3796,19
3796,24
3796,36
3797,6
3797,9
3797,11
3797,26
3797,28
3798,2
3798,3
3798,18
3798,20
3798,32
3798,35
3798,38
3799,1
3799,4
3799,5
3799,8
3799,15
3799,17
3799,21
3799,22
3799,27
3799,31
3799,33
3799,34
3799,37
3799,40
3800,7
3800,12
3800,13
3800,19
3800,25
3800,29
3800,36
3800,39
3801,6
3801,11
3801,14
3801,16
3801,24
3801,30
3801,34
3801,35
3801,38
3802,2
3802,9
3802,10
3802,17
3802,18
3802,22
3802,23
3802,26
3802,28
3802,33
3802,37
3802,40
3803,1
3803,3
3803,19
3803,21
3803,31
3804,4
3804,5
3804,8
3804,27
3804,32
3804,34
3804,35
3804,36
3804,38
3804,39
3805,6
3805,7
3805,11
3805,12
3805,15
3805,16
3805,17
3805,25
3805,29
3805,30
3805,33
3805,37
3806,14
3806,40
3807,13
3807,16
3807,19
3807,26
3807,34
3807,35
3808,20
3808,33
3808,37
3809,17
3809,18
3809,36
3810,9
3810,38
3810,39
3810,40
3812,34
3816,38
3816,40
3818,37
3819,33
3824,33
3824,38
3826,37
3826,40
3827,34
3828,35
3833,33
3835,36
3836,38
3836,40
3839,35
3840,40
3841,37
3842,34
3844,33
3847,39
3847,40
3853,33
3853,35
3853,40
3856,38
3859,37
3859,40
3860,34
3865,33
3865,40
3866,38
3868,34
3871,36
3871,40
3872,37
3873,35
3873,38
3877,33
3877,34
3877,37
3878,40
3880,35
3882,37
3885,33
3886,35
3887,34
3887,40
3888,37
3890,38
3891,35
3892,8
3892,34
3892,40
3893,37
3895,35
3897,37
3897,40
3898,34
3900,35
3903,37
3904,34
3905,35
3906,38
3910,33
3910,37
3911,31
3911,34
3911,35
3911,40
3915,3
3915,36
3917,34
3917,38
3917,40
3919,37
3920,25
3920,35
3921,12
3923,11
3923,36
3924,37
3924,39
3925,17
3925,33
3925,34
3925,35
3926,19
3927,14
3927,40
3928,7
3928,21
3930,36
3930,39
3931,10
3931,23
3931,29
3931,34
3931,35
3931,37
3931,38
3931,40
3932,1
3932,9
3932,13
3932,24
3934,4
3934,16
3934,30
3934,33
3934,37
3935,5
3935,17
3935,18
3935,28
3936,2
3936,6
3936,15
3936,22
3936,34
3936,35
3936,36
3936,40
3937,19
3937,26
3937,39
3938,8
3938,21
3938,27
3938,32
3938,33
3938,37
3939,12
3939,25
3939,31
3940,16
3940,20
3940,34
3940,38
3940,40
3941,11
3941,35
3942,33
3942,37
3943,36
3947,40
3948,37
3952,34
3952,38
3954,36
3956,37
3959,34
3962,36
3964,34
3965,35
3966,40
3967,37
3968,33
3969,38
3972,34
3972,35
3977,37
3978,34
3980,35
3980,36
3982,38
3985,34
3987,38
3989,35
3991,34
3992,37
3993,38
3995,33
3996,36
3997,35
4001,34
4003,3
4004,38
4005,33
4005,40
4006,17
4006,37
4007,34
4007,35
4008,36
4009,39
4010,6
4013,34
4015,33
4015,37
4016,35
4016,36
4016,40
4018,13
4019,1
4021,18
4021,34
4023,9
4023,37
4024,7
4024,15
4024,27
4024,28
4024,29
4024,35
4024,38
4024,40
4025,5
4025,10
4025,19
4025,22
4025,33
4025,34
4026,17
4026,23
4026,25
4026,31
4026,32
4026,39
4027,4
4027,16
4027,21
4027,24
4027,26
4027,30
4027,37
4028,2
4028,12
4028,14
4028,34
4028,35
4028,36
4029,3
4029,6
4029,8
4029,11
4029,13
4029,19
4029,20
4029,27
4029,28
4029,33
4029,40
4030,1
4030,9
4030,10
4030,22
4030,37
4030,38
4031,5
4031,11
4031,15
4031,17
4031,18
4031,30
4031,34
4031,39
4032,4
4032,7
4032,12
4032,16
4032,21
4032,23
4032,29
4032,31
4032,32
4032,33
4032,35
4032,40
4033,2
4033,6
4033,19
4033,25
4033,36
4033,37
4034,8
4034,13
4034,14
4034,24
4034,26
4034,34
4034,38
4034,39
4035,16
4035,17
4035,33
4035,35
4035,40
4037,18
4037,22
4037,30
4037,37
4039,40
4041,33
4041,34
4041,35
4042,39
4043,40
4046,35
4046,38
4047,34
4047,40
4049,37
4052,34
4052,35
4052,40
4055,39
4057,34
4058,40
4060,35
4062,34
4063,37
4067,36
4069,34
4070,33
4071,35
4071,40
4072,39
4073,37
4073,38
4077,34
4078,35
4078,37
4079,38
4082,34
4082,36
4083,33
4083,40
4087,37
4089,34
4090,38
4091,37
4092,35
4093,36
4094,39
4096,37
4097,34
4102,37
4102,40
4104,35
4104,36
4105,34
4106,33
4109,37
4109,39
4111,38
4113,35
4115,34
4115,36
4116,37
4121,37
4124,36
4125,12
4125,35
4125,37
4125,38
4126,40
4127,34
4130,37
4133,40
4135,33
4135,34
4135,36
4136,35
4136,37
4142,34
4143,35
4143,37
4145,19
4147,8
4147,33
4147,37
4148,34
4150,11
4150,25
4150,38
4150,40
4151,6
4151,20
4151,35
4153,3
4153,17
4153,37
4154,1
4154,30
4154,31
4154,34
4155,5
4155,13
4155,21
4155,24
4155,29
4155,33
4156,2
4156,9
4156,10
4156,14
4156,16
4156,18
4156,28
4157,4
4157,15
4157,19
4157,22
4157,23
4157,27
4157,32
4157,34
4157,35
4157,36
4157,37
4157,38
4157,39
4157,40
4158,1
4158,3
4158,6
4158,7
4158,11
4158,12
4158,17
4158,25
4158,26
4158,30
4158,33
4159,8
4159,16
4159,21
4159,29
4160,2
4160,5
4160,9
4160,13
4160,17
4160,19
4160,24
4160,28
4160,31
4160,33
4160,34
4160,35
4160,37
4161,1
4161,7
4161,10
4161,14
4161,18
4161,22
4161,23
4161,27
4161,32
4161,36
4161,38
4161,39
4161,40
4162,6
4162,11
4162,12
4162,15
4162,20
4162,26
4162,34
4163,4
4163,16
4163,17
4163,25
4163,30
4163,33
4163,37
4164,19
4164,35
4164,38
4164,39
4164,40
4165,8
4165,34
4165,36
4166,13
4166,37
4169,37
4170,33
4170,34
4170,40
4171,35
4174,37
4175,33
4175,34
4175,35
4179,40
4180,37
4181,33
4181,34
4181,35
4185,34
4185,37
4186,33
4188,35
4190,34
4191,33
4191,37
4194,37
4197,34
4197,36
4198,37
4200,33
4201,35
4203,37
4205,34
4206,33
4209,37
4211,34
4212,33
4212,35
4216,37
4219,33
4221,34
4221,37
4222,35
4222,40
4226,34
4227,37
4231,39
4232,34
4232,35
4233,33
4233,37
4238,40
4239,34
4240,33
4241,37
4241,38
4248,34
4248,39
4248,40
4249,35
4250,38
4255,37
4256,38
4256,40
4258,34
4258,35
4259,36
4261,40
4265,34
4265,40
4269,38
4269,40
4270,17
4270,37
4272,34
4272,40
4273,8
4274,33
4274,36
4276,35
4276,38
4276,40
4277,10
4278,13
4279,34
4279,40
4281,38
4282,33
4283,17
4283,37
4283,39
4283,40
4284,23
4285,3
4287,34
4287,38
4287,40
4288,22
4289,15
4289,35
4289,37
4291,21
4291,31
4292,5
4293,14
4293,24
4294,16
4294,18
4294,38
4294,39
4294,40
4295,1
4295,2
4295,6
4295,19
4295,28
4295,33
4295,34
4295,35
4295,36
4296,7
4296,11
4296,25
4296,26
4296,27
4296,29
4296,37
4297,4
4297,9
4297,30
4297,32
4297,40
4298,12
4298,17
4298,33
4298,34
4298,35
4298,38
4299,19
4299,20
4299,37
4300,11
4300,13
4300,16
4300,21
4300,39
4301,5
4301,8
4301,10
4301,22
4301,28
4301,31
4301,36
4302,24
4302,34
4302,35
4302,40
4303,3
4303,15
4303,18
4303,37
4303,38
4304,6
4304,14
4304,19
4304,23
4304,33
4304,39
4305,9
4305,17
4305,35
4306,32
4306,34
4306,40
4307,38
4308,25
4308,33
4308,36
4308,37
4308,39
4310,1
4310,35
4313,33
4313,34
4313,40
4315,38
4317,35
4321,35
4322,33
4323,37
4325,34
4325,38
4327,40
4328,35
4332,34
4334,35
4334,37
4337,33
4337,34
4337,38
4338,36
4343,34
4343,35
4345,37
4345,40
4348,34
4349,33
4350,35
4352,37
4352,40
4356,35
4357,34
4360,33
4360,37
4361,38
4361,40
4364,35
4366,34
4367,37
4368,40
4371,35
4373,40
4374,12
4374,34
4375,33
4375,37
4377,39
4378,35
4381,40
4383,37
4384,34
4384,35
4390,35
4390,37
4392,40
4393,34
4394,38
4395,33
4401,37
4401,39
4402,35
4403,34
4404,11
4404,36
4406,6
4407,37
4408,17
4409,7
4409,38
4410,19
4410,33
4410,40
4411,2
4411,13
4411,34
4411,36
4412,35
4413,8
4413,28
4413,30
4413,32
4413,37
4414,3
4414,10
4415,21
4415,22
4415,23
4415,24
4415,40
4416,4
4416,6
4416,12
4416,20
4416,27
4416,29
4416,34
4416,35
4416,36
4416,37
4417,1
4417,5
4417,9
4417,11
4417,14
4417,15
4417,16
4417,19
4417,26
4417,33
4417,38
4417,39
4418,17
4418,18
4418,25
4418,31
4419,2
4419,8
4419,13
4419,21
4419,30
4419,33
4419,34
4419,35
4419,40
4420,1
4420,3
4420,7
4420,10
4420,22
4420,24
4420,28
4420,36
4420,37
4420,38
4420,39
4421,6
4421,16
4421,19
4421,26
4421,27
4421,32
4422,4
4422,9
4422,17
4422,23
4422,29
4422,34
4422,37
4423,5
4423,11
4423,12
4423,15
4423,33
4423,35
4423,36
4423,40
4424,13
4424,14
4424,25
4424,38
4425,19
4425,31
4425,39
4426,33
4426,34
4426,37
4427,8
4427,18
4427,40
4428,38
4429,16
4429,35
4432,34
4433,33
4434,36
4434,40
4437,34
4437,37
4438,38
4441,33
4441,37
4441,40
4443,34
4444,35
4448,33
4448,34
4448,37
4448,40
4452,37
4454,35
4455,34
4457,33
4457,40
4459,37
4463,34
4464,36
4465,37
4465,40
4466,35
4467,33
4469,34
4469,37
4470,38
4473,33
4473,37
4475,35
4476,34
4478,37
4479,33
4480,40
4484,33
4484,37
4485,34
4487,40
4489,33
4492,35
4492,36
4492,37
4492,40
4493,39
4494,33
4498,33
4498,34
4499,40
4501,37
4504,35
4505,33
4505,38
4511,34
4512,38
4512,40
4514,33
4514,35
4514,37
4517,34
4521,40
4522,33
4523,34
4523,35
4526,37
4527,40
4528,34
4531,33
4532,35
4532,40
4533,36
4534,34
4536,20
4536,39
4538,17
4538,37
4538,40
4539,35
4541,34
4543,8
4543,10
4543,36
4545,9
4546,6
4546,21
4546,22
4546,40
4547,1
4547,4
4547,31
4548,2
4548,5
4548,7
4548,12
4548,13
4548,15
4548,17
4548,18
4548,23
4548,25
4548,26
4548,29
4548,32
4548,33
4548,34
4548,35
4548,37
4548,38
4548,39
4549,3
4549,11
4549,14
4549,16
4549,19
4549,24
4549,27
4549,28
4549,30
4549,36
4550,8
4550,17
4550,21
4550,33
4550,34
4550,40
4551,1
4551,4
4551,6
4551,7
4551,9
4551,10
4551,13
4551,22
4551,23
4551,25
4551,26
4551,35
4551,37
4551,38
4551,39
4552,2
4552,5
4552,11
4552,12
4552,15
4552,16
4552,18
4552,19
4552,20
4552,28
4552,29
4552,30
4552,31
4552,32
4552,36
4553,14
4553,17
4553,24
4553,33
4553,34
4553,35
4553,37
4553,38
4553,40
4554,3
4554,6
4554,8
4554,12
4554,16
4554,19
4554,21
4554,25
4554,27
4554,39
4555,1
4555,4
4555,9
4555,11
4555,13
4555,22
4555,23
4555,26
4555,30
4555,36
4556,2
4556,7
4556,18
4556,19
4556,28
4556,33
4556,34
4556,35
4556,37
4556,38
4557,5
4557,10
4557,16
4557,17
4557,29
4557,31
4557,32
4557,39
4557,40
4558,8
4558,27
4558,36
4559,11
4559,12
4559,14
4559,15
4559,20
4559,34
4559,37
4560,35
4560,39
4560,40
4561,33
4563,37
4566,35
4566,40
4567,34
4568,37
4573,35
4573,37
4573,38
4576,34
4577,36
4577,40
4578,35
4578,37
4583,37
4585,35
4585,36
4587,34
4588,37
4588,38
4594,35
4594,38
4595,36
4597,37
4601,37
4602,40
4603,38
4604,34
4606,36
4606,37
4607,35
4608,40
4610,37
4611,34
4614,37
4615,40
4617,37
4619,35
4620,34
4621,37
4624,38
4626,37
4627,33
4628,36
4629,34
4631,37
4636,40
4637,36
4637,37
4639,35
4641,34
4642,40
4644,38
4645,37
4646,33
4650,39
4651,37
4652,35
4652,40
4653,33
4654,34
4657,40
4661,33
4661,34
4662,35
4662,40
4668,39
4669,37
4669,40
4670,34
4670,35
4675,34
4675,38
4677,33
4678,3
4679,34
4679,37
4680,35
4681,39
4682,31
4682,40
4684,34
4688,33
4688,34
4689,36
4689,40
4690,30
4692,5
4692,17
4692,37
4694,33
4694,34
4695,1
4695,13
4696,2
4697,12
4697,14
4697,26
4697,39
4698,6
4698,8
4698,16
4698,19
4698,23
4698,33
4698,36
4698,38
4698,40
4699,9
4699,11
4699,20
4699,22
4699,24
4699,25
4699,28
4699,34
4699,37
4700,7
4700,10
4700,17
4700,27
4700,32
4700,35
4701,4
4701,13
4701,15
4701,18
4701,19
4701,21
4701,29
4701,30
4701,31
4701,39
4702,1
4702,3
4702,6
4702,9
4702,16
4702,33
4702,34
4702,36
4702,37
4702,38
4702,40
4703,2
4703,8
4703,11
4703,12
4703,14
4703,17
4703,23
4703,24
4703,25
4703,26
4703,28
4703,35
4704,5
4704,10
4704,18
4704,19
4704,21
4704,22
4704,32
4704,39
4705,4
4705,7
4705,8
4705,27
4705,29
4705,30
4705,33
4705,34
4705,37
4705,38
4705,40
4706,1
4706,3
4706,6
4706,11
4706,13
4706,15
4706,16
4706,17
4706,20
4706,23
4706,31
4706,35
4706,36
4707,2
4707,9
4707,12
4707,14
4707,19
4707,26
4707,37
4707,39
4708,16
4708,21
4708,33
4708,34
4708,40
4709,5
4709,8
4709,17
4709,24
4709,28
4709,35
4709,36
4710,11
4710,37
4710,38
4711,22
4711,25
4711,34
4712,4
4712,18
4713,39
4714,34
4714,35
4714,37
4715,38
4717,33
4717,37
4719,34
4721,37
4724,34
4726,37
4726,38
4727,35
4731,34
4731,37
4732,35
4734,38
4736,34
4736,37
4737,33
4742,37
4743,38
4744,34
4744,35
4745,36
4747,37
4748,34
4754,34
4755,40
4756,37
4756,38
4757,35
4760,34
4766,33
4767,34
4767,38
4769,37
4771,35
4773,37
4773,40
4775,34
4777,36
4779,37
4780,40
4783,39
4784,34
4785,35
4785,36
4786,37
4787,40
4788,33
4792,37
4793,40
4795,36
4796,40
4797,34
4800,37
4801,36
4802,34
4802,40
4806,40
4808,34
4808,35
4809,37
4811,40
4816,34
4816,35
4816,36
4816,40
4819,37
4819,39
4822,34
4823,17
4823,40
4824,35
4828,33
4828,40
4829,34
4830,37
4831,36
4832,13
4832,40
4834,1
4834,23
4834,34
4835,21
4835,37
4836,8
4836,40
4837,11
4837,30
4837,36
4838,33
4838,34
4838,39
4839,7
4839,17
4839,25
4839,37
4840,6
4840,9
4840,31
4840,35
4840,40
4841,12
4841,18
4841,19
4841,22
4842,4
4842,10
4842,15
4842,16
4842,26
4842,28
4842,29
4842,32
4843,5
4843,14
4843,33
4843,34
4843,36
4843,37
4843,40
4844,1
4844,2
4844,3
4844,7
4844,8
4844,12
4844,17
4844,19
4844,21
4844,23
4844,24
4844,27
4844,35
4844,38
4844,39
4845,6
4845,9
4845,11
4845,13
4845,15
4845,16
4845,20
4845,25
4845,30
4845,31
4846,4
4846,17
4846,19
4846,22
4846,26
4846,27
4846,28
4846,29
4846,33
4846,34
4846,35
4846,37
4846,38
4846,40
4847,1
4847,2
4847,5
4847,7
4847,8
4847,10
4847,14
4847,16
4847,18
4847,21
4847,23
4847,24
4847,32
4847,36
4847,39
4848,3
4848,6
4848,11
4848,12
4848,25
4848,30
4849,4
4849,9
4849,13
4849,15
4849,16
4849,17
4849,18
4849,19
4849,20
4849,33
4849,34
4849,35
4849,36
4849,37
4849,38
4849,39
4849,40
4850,1
4850,2
4850,10
4850,26
4850,27
4850,28
4850,29
4850,31
4850,32
4851,5
4851,7
4851,8
4851,22
4851,23
4851,34
4852,14
4852,21
4852,33
4852,35
4852,36
4852,37
4852,39
4852,40
4853,11
4853,17
4853,19
4853,38
4854,12
4855,35
4856,24
4856,26
4856,37
4857,34
4857,38
4857,40
4860,35
4861,37
4863,34
4864,35
4865,40
4866,38
4868,34
4869,35
4869,37
4874,34
4875,35
4875,37
4877,38
4880,33
4880,37
4881,34
4883,35
4884,40
4887,37
4888,34
4892,35
4893,34
4895,33
4896,37
4897,38
4900,36
4900,37
4902,34
4905,35
4905,40
4907,37
4908,33
4912,37
4912,40
4916,40
4917,39
4918,35
4918,37
4919,34
4922,40
4924,35
4925,37
4926,36
4926,39
4927,40
4931,34
4931,37
4932,35
4933,40
4938,35
4938,40
4939,34
4939,37
4943,35
4944,40
4946,37
4948,34
4949,35
4950,39
4951,40
4953,37
4954,35
4957,40
4959,35
4961,36
4961,37
4964,34
4966,40
4967,33
4967,39
4969,37
4971,3
4973,40
4974,33
4974,35
4974,37
4975,38
4976,13
4976,34
4979,33
4980,17
4980,37
4980,40
4981,6
4982,34
4983,14
4983,33
4985,37
4987,20
4987,22
4987,40
4988,18
4988,33
4989,31
4989,35
4989,36
4990,37
4991,10
4991,15
4991,21
4991,23
4991,39
4992,8
4992,16
4992,33
4992,40
4993,12
4994,19
4994,34
4994,35
4994,37
4994,38
4995,11
4995,25
4995,26
4995,30
4995,32
4995,39
4996,4
4996,5
4997,17
4997,24
4997,27
4997,28
4997,33
4998,34
4998,37
4998,38
4998,40
4999,1
4999,2
4999,6
4999,7
4999,9
4999,13
4999,29
4999,35
5000,19
5000,26
5000,36
