9,1
9,25
9,31
10,3
10,7
10,15
10,18
10,22
10,34
10,39
11,5
11,12
11,23
11,24
11,26
11,33
11,37
11,38
11,40
12,2
12,10
12,11
12,13
12,16
12,17
12,21
12,27
12,28
12,32
12,35
12,36
13,6
13,8
13,9
13,14
13,19
13,20
13,29
13,30
14,1
14,4
14,7
14,24
14,31
14,32
14,34
14,39
15,3
15,11
15,12
15,16
15,22
15,23
15,27
15,33
15,35
15,37
15,38
15,40
16,2
16,5
16,15
16,17
16,20
16,21
16,26
16,28
17,6
17,9
17,14
17,18
17,25
17,29
17,36
18,7
18,13
18,20
18,30
18,34
18,35
18,38
18,39
19,1
19,3
19,19
19,24
19,32
19,33
19,37
19,40
20,4
20,5
20,23
20,31
21,11
22,21
22,35
22,39
23,1
23,22
23,34
23,37
24,20
24,36
24,40
25,7
25,33
25,38
29,35
31,38
32,36
32,37
34,33
38,38
40,36
42,34
43,39
44,33
44,40
45,37
47,38
51,40
53,36
53,37
54,33
56,34
57,39
57,40
58,35
59,36
62,37
64,40
66,36
66,38
67,35
67,39
68,34
72,33
72,37
74,36
74,40
75,34
75,35
79,13
79,33
79,39
81,38
83,40
84,36
86,39
87,2
87,33
87,37
89,40
91,34
93,1
93,38
94,40
96,33
96,37
97,36
99,38
99,40
100,35
101,39
103,10
104,36
105,40
107,33
107,39
108,6
108,7
108,32
108,37
108,38
109,27
111,35
112,40
113,33
113,37
113,38
113,39
114,36
115,34
116,7
118,14
118,39
118,40
119,23
119,33
120,38
121,4
121,35
122,40
123,24
125,38
125,39
126,1
126,18
126,33
126,36
126,37
127,3
127,8
127,29
127,30
127,40
128,34
129,12
129,21
129,39
130,20
130,23
130,31
130,38
131,2
131,5
131,22
131,28
131,33
131,35
131,40
132,32
132,39
133,16
133,36
133,37
134,1
134,15
135,9
135,11
135,34
135,38
137,3
137,19
137,25
137,33
137,35
137,39
138,37
139,40
140,7
140,36
140,38
141,39
144,38
145,33
146,29
146,40
147,17
147,36
147,39
149,37
149,38
150,33
151,40
153,26
153,39
154,36
154,38
156,33
157,34
159,35
159,38
160,40
162,39
165,36
165,40
167,37
167,38
169,33
170,34
173,40
175,39
176,37
176,38
177,35
177,40
178,11
178,13
179,33
181,5
181,37
184,20
184,33
184,38
184,40
185,36
187,6
187,34
187,37
187,39
188,24
189,1
189,33
189,40
190,29
190,35
192,21
193,2
194,28
194,33
195,16
195,30
195,31
195,36
196,1
196,38
196,39
196,40
197,3
197,4
197,9
197,15
197,20
197,23
197,37
198,32
199,12
199,27
199,33
199,34
200,7
200,17
200,20
200,35
200,36
200,38
200,40
201,8
201,10
201,11
201,18
201,23
201,37
201,39
202,3
202,19
203,38
204,2
204,39
205,32
205,33
205,35
205,36
205,37
205,40
206,14
206,27
208,34
210,7
210,33
210,37
211,38
213,36
213,39
214,37
214,40
218,33
219,37
219,38
219,40
221,36
222,39
223,33
225,40
226,37
227,36
227,38
230,33
231,40
232,36
233,37
234,39
237,38
237,40
238,36
239,37
241,33
241,39
242,38
247,36
247,38
248,33
248,39
249,37
253,33
253,34
253,38
254,40
255,36
257,5
259,33
259,36
259,38
260,37
262,35
262,39
263,13
264,1
265,33
266,16
266,36
267,6
267,7
267,40
268,12
268,21
268,37
268,38
269,20
269,39
270,4
270,35
271,28
271,31
271,33
271,34
272,18
272,22
272,24
272,38
273,32
273,36
273,37
273,40
274,11
274,19
274,23
275,25
275,30
275,39
276,2
276,3
276,9
277,5
277,20
277,27
277,29
277,33
277,34
278,1
278,32
278,40
279,7
279,17
279,26
279,35
279,36
279,38
279,39
280,14
280,15
280,22
280,23
280,37
281,8
281,33
282,16
282,38
283,10
283,29
283,39
285,7
286,33
286,40
287,32
287,38
288,37
289,14
289,36
290,6
290,24
290,33
291,34
293,40
294,37
295,33
295,39
296,38
297,40
299,37
301,33
301,40
303,36
304,38
306,37
306,39
307,40
309,33
312,40
314,33
314,37
315,34
315,40
316,39
317,36
319,40
320,33
321,37
322,36
324,40
327,33
328,36
328,40
330,35
330,37
331,38
333,1
333,3
335,23
335,39
335,40
336,37
337,33
337,36
337,38
340,14
340,20
341,35
341,36
341,37
342,33
343,38
344,40
345,21
346,4
346,29
347,30
348,33
348,36
348,37
348,38
348,39
349,20
349,34
350,1
350,2
350,7
350,40
352,22
352,37
353,9
353,11
354,12
354,36
355,28
355,35
355,40
356,16
356,31
356,38
356,39
357,1
357,13
358,8
358,15
358,18
358,24
358,34
358,36
358,37
359,19
360,5
360,6
360,27
360,33
360,39
360,40
361,32
362,10
362,21
362,23
362,25
362,34
362,36
363,35
363,37
363,40
364,11
364,29
364,38
365,7
365,17
366,39
367,33
367,40
368,20
368,36
370,38
371,26
372,32
372,37
373,33
374,40
375,36
378,14
378,33
378,39
380,37
380,38
381,40
383,33
385,39
387,36
389,37
389,40
391,33
391,38
395,36
397,33
399,38
400,39
401,36
402,33
402,40
403,34
403,37
406,36
408,33
408,40
410,34
411,36
411,38
412,37
415,33
415,40
418,34
418,37
419,36
419,38
419,39
422,33
423,3
424,34
425,2
425,40
426,35
427,36
427,39
429,37
429,40
430,13
430,38
433,1
433,3
433,34
434,4
434,18
434,33
434,40
435,7
435,27
435,37
436,23
436,24
436,38
437,5
437,12
437,22
437,35
438,9
438,16
438,17
438,20
438,31
438,32
438,36
438,39
439,34
439,38
439,40
440,3
440,6
440,7
440,11
440,28
440,29
441,8
441,14
441,21
441,30
441,33
441,37
442,2
442,19
442,24
442,35
443,15
443,20
443,25
443,32
443,38
444,1
444,23
444,26
444,31
444,34
444,36
444,39
445,7
445,16
445,22
445,29
445,37
445,40
446,4
446,5
446,33
447,3
447,12
447,21
447,35
447,38
448,10
448,27
449,20
449,37
449,39
450,36
450,38
451,1
451,33
451,34
453,28
454,40
455,33
455,35
456,37
456,38
458,36
460,14
460,33
461,38
462,37
463,34
464,33
466,38
467,40
469,33
470,36
472,37
472,38
473,40
474,39
475,33
476,36
478,40
482,33
482,38
483,40
484,36
487,40
488,11
488,33
488,34
488,35
488,37
491,39
492,38
493,36
493,40
494,37
495,33
498,40
500,38
502,36
503,37
504,33
504,34
506,18
507,40
510,33
510,37
511,39
513,38
514,40
515,33
516,35
518,36
518,37
521,33
521,34
522,38
522,39
523,13
524,40
525,37
527,4
528,38
528,39
529,2
529,33
530,37
531,20
531,40
532,19
533,39
534,1
534,5
534,10
534,33
534,36
535,30
536,6
536,16
536,21
536,37
537,34
537,38
538,1
538,9
538,15
538,23
538,35
538,39
538,40
539,22
539,27
539,28
539,32
539,33
540,20
541,8
541,11
541,14
541,24
541,25
541,40
542,7
542,12
542,17
542,35
542,36
542,37
543,1
543,2
543,3
543,23
543,29
543,33
543,39
544,31
545,6
545,32
545,34
545,38
545,40
546,1
546,16
546,18
546,20
546,26
546,39
547,21
547,35
548,24
548,30
548,33
548,36
548,37
549,39
550,23
551,14
551,34
552,3
552,20
553,33
553,38
553,40
554,37
554,39
556,35
559,36
559,38
559,40
560,33
561,39
562,37
564,38
566,36
568,33
568,39
569,37
569,38
569,40
571,34
571,36
575,38
577,36
578,33
581,36
581,37
581,38
584,7
584,39
584,40
585,33
587,36
588,34
589,37
589,38
589,40
593,33
595,36
596,37
598,40
599,7
599,38
601,39
602,33
603,4
604,18
604,22
604,35
604,36
605,5
606,37
607,34
608,1
608,3
608,32
608,33
608,40
609,38
609,39
610,14
611,9
611,37
612,23
612,36
613,35
614,29
614,33
614,40
615,13
616,7
616,38
618,11
618,37
619,36
619,39
619,40
621,3
621,7
621,22
621,38
622,2
622,19
622,20
623,33
624,12
624,27
624,31
625,8
625,17
625,37
625,40
626,6
626,22
626,32
626,36
626,38
627,3
627,5
627,15
627,28
627,34
627,39
628,7
628,21
628,24
629,10
629,20
629,33
629,35
630,18
630,23
630,25
630,30
630,32
630,40
631,2
631,16
631,37
631,38
631,39
632,3
632,14
633,9
633,11
634,4
634,21
634,33
634,34
634,40
635,1
635,20
635,31
635,35
636,32
636,36
637,13
637,37
637,39
638,38
639,35
640,40
641,33
641,36
647,36
647,38
647,40
648,33
650,29
653,35
654,33
654,36
654,38
654,40
655,37
656,22
656,26
656,39
658,38
658,40
659,36
660,33
663,38
663,39
663,40
665,36
668,33
668,34
669,38
669,40
671,39
674,36
675,38
676,40
677,33
679,37
680,39
682,36
683,40
684,1
685,38
685,39
686,33
686,35
686,37
689,40
693,38
694,37
694,39
696,33
696,34
696,40
700,38
701,37
702,36
703,40
704,24
706,38
706,39
707,7
707,27
709,33
710,6
710,40
711,2
711,15
711,35
711,37
712,22
712,28
713,20
713,24
713,38
714,7
714,16
714,18
714,23
714,30
714,34
714,36
715,5
715,12
715,19
715,39
715,40
716,1
716,4
716,8
716,14
716,17
716,31
716,32
717,2
717,3
717,9
717,11
717,21
717,33
717,35
717,38
718,10
718,22
718,29
718,32
718,34
718,36
718,37
718,39
718,40
719,20
719,25
719,26
720,7
720,23
721,1
721,14
721,16
721,24
721,40
722,5
722,13
722,27
722,33
722,35
722,37
722,38
723,39
724,20
725,36
726,29
726,31
726,33
726,37
726,40
727,6
727,14
729,3
730,33
730,38
730,40
731,36
731,37
736,38
737,33
737,40
738,37
740,36
742,40
743,38
746,33
746,34
746,37
746,39
747,38
749,40
752,36
752,38
753,37
756,33
758,38
758,40
761,36
764,33
764,38
764,40
767,35
767,37
767,39
769,36
770,11
771,38
772,34
773,33
774,37
775,40
778,36
780,38
782,32
783,36
783,37
783,40
784,7
785,3
786,28
786,39
787,38
788,4
789,20
789,35
790,2
790,36
791,13
791,17
791,18
791,33
791,37
792,21
792,39
792,40
793,12
793,30
793,34
794,1
794,36
795,9
795,19
795,22
795,23
795,37
795,38
796,15
796,33
796,40
797,3
797,5
797,20
797,32
797,39
798,10
798,27
798,34
799,7
799,16
799,35
799,36
799,37
799,38
800,8
801,6
801,29
801,33
801,40
803,11
803,32
803,38
804,20
805,36
806,24
806,34
806,38
806,40
807,14
808,25
808,37
809,33
810,38
811,40
815,36
815,38
816,39
817,40
818,7
818,37
820,38
822,36
823,33
825,40
826,34
827,36
827,38
830,40
832,36
833,33
833,34
833,37
833,38
835,40
839,33
839,37
840,34
840,36
840,38
840,40
845,33
846,36
846,37
846,40
847,35
848,39
849,34
850,1
851,33
851,37
853,36
853,40
857,26
857,33
858,30
858,37
858,38
859,13
859,40
860,23
861,36
861,39
862,2
862,20
862,34
862,40
863,5
863,12
863,21
863,33
863,37
864,4
864,38
866,29
867,31
867,33
867,34
867,40
868,17
868,35
868,37
869,1
869,11
870,3
870,18
871,6
872,36
872,40
873,15
873,16
873,24
873,27
873,35
873,39
874,20
874,32
874,33
874,37
874,38
875,28
876,7
876,14
876,34
877,8
878,9
878,19
878,35
878,39
879,29
879,37
879,40
880,36
881,5
881,22
881,33
881,38
882,21
882,23
884,40
885,36
886,33
886,39
887,22
887,35
887,38
888,40
889,1
889,3
892,36
892,39
892,40
893,35
894,33
894,37
895,38
897,36
899,40
902,36
902,39
903,37
903,40
904,35
906,33
906,38
907,40
910,36
911,33
912,34
912,37
912,40
919,39
919,40
920,10
920,33
921,37
921,38
922,36
924,35
925,2
925,40
926,7
926,39
927,24
928,1
929,31
929,40
930,32
931,33
931,37
931,38
932,4
932,11
932,20
932,35
932,39
933,3
933,23
933,36
934,30
935,1
935,6
935,34
936,35
936,40
937,16
937,33
937,39
938,9
938,13
938,18
938,37
940,12
940,21
941,8
941,15
941,23
941,40
942,27
942,32
943,11
943,33
943,37
943,38
943,39
944,3
944,5
944,20
944,26
944,28
944,34
944,36
945,7
945,22
945,35
945,40
946,24
946,25
946,29
947,13
947,17
947,19
948,2
948,14
948,33
948,38
948,39
949,20
949,23
949,36
949,40
950,6
950,21
951,37
952,10
952,16
952,34
952,35
952,38
952,40
954,33
958,40
959,37
959,38
964,32
964,40
965,38
966,37
968,33
969,39
971,36
971,40
975,40
977,37
978,35
979,38
980,36
981,40
985,36
985,39
987,40
988,7
988,33
990,35
990,38
991,37
992,36
995,1
998,33
998,34
998,38
998,39
998,40
999,4
999,14
1000,37
1001,36
1004,7
1004,24
1004,38
1005,35
1005,39
1007,33
1007,37
1007,40
1009,36
1010,34
1011,2
1012,40
1015,33
1015,38
1017,36
1017,37
1018,15
1018,18
1019,1
1020,40
1021,38
1021,39
1022,5
1022,12
1022,33
1022,36
1023,7
1023,8
1023,23
1023,27
1023,28
1023,35
1024,34
1024,37
1025,3
1025,17
1025,39
1026,2
1026,11
1026,29
1026,31
1026,38
1027,36
1027,40
1028,20
1028,33
1029,6
1029,7
1029,9
1029,22
1029,32
1029,35
1029,37
1030,16
1030,19
1030,21
1031,1
1031,30
1031,38
1031,39
1032,3
1032,5
1032,23
1032,32
1032,40
1033,20
1033,22
1033,25
1033,26
1033,33
1033,36
1034,4
1034,7
1034,35
1034,37
1034,39
1035,11
1035,34
1037,14
1037,24
1037,40
1038,23
1038,38
1040,29
1040,31
1040,39
1042,33
1042,35
1042,36
1042,37
1042,38
1042,40
1043,1
1049,10
1049,38
1049,40
1050,36
1050,37
1050,39
1052,13
1052,33
1053,40
1056,36
1056,37
1057,38
1058,34
1058,40
1059,33
1062,37
1064,40
1067,33
1067,36
1071,39
1073,38
1074,37
1074,40
1075,33
1075,36
1077,34
1077,35
1082,33
1085,34
1085,37
1086,30
1087,40
1088,39
1089,33
1092,3
1093,36
1094,33
1094,34
1095,20
1095,40
1096,11
1096,37
1097,39
1099,35
1100,2
1101,21
1101,33
1101,37
1102,40
1103,7
1103,36
1103,38
1104,14
1105,13
1105,15
1105,33
1106,12
1106,37
1107,34
1108,39
1108,40
1109,5
1109,38
1110,18
1110,29
1111,17
1112,4
1112,24
1112,33
1112,36
1112,37
1113,7
1113,16
1114,6
1114,27
1114,35
1114,39
1115,1
1115,23
1115,31
1115,32
1115,34
1115,40
1116,9
1116,19
1116,20
1117,3
1117,38
1118,26
1118,33
1118,35
1118,37
1119,8
1119,28
1119,36
1120,10
1120,14
1120,40
1121,23
1121,39
1123,35
1123,38
1124,24
1125,33
1125,37
1126,22
1126,25
1127,36
1127,39
1127,40
1128,7
1130,38
1132,33
1134,37
1136,36
1136,39
1140,33
1141,36
1141,38
1142,40
1144,37
1145,33
1147,36
1147,40
1149,34
1151,33
1151,39
1153,40
1155,33
1156,11
1158,1
1158,36
1158,37
1158,38
1161,33
1164,39
1166,36
1167,33
1167,35
1167,37
1167,38
1167,40
1168,32
1172,33
1174,3
1176,7
1176,33
1176,38
1177,5
1177,40
1178,34
1179,9
1179,12
1179,33
1179,36
1180,30
1181,20
1181,21
1182,2
1182,37
1182,40
1183,11
1183,33
1183,38
1184,35
1184,39
1185,16
1185,34
1186,15
1187,20
1188,31
1188,33
1189,1
1189,40
1190,24
1190,37
1191,35
1192,6
1192,22
1192,29
1192,33
1192,38
1193,4
1193,17
1194,19
1194,39
1195,23
1195,40
1196,22
1196,33
1196,36
1196,38
1197,3
1197,18
1198,10
1198,14
1198,27
1199,32
1199,34
1199,37
1200,40
1201,5
1201,33
1201,35
1201,38
1202,3
1202,7
1203,28
1203,36
1203,39
1206,38
1207,33
1208,7
1208,40
1210,2
1212,37
1215,33
1215,36
1215,38
1215,40
1216,34
1217,39
1220,1
1222,36
1222,38
1223,13
1224,33
1225,37
1226,39
1226,40
1227,36
1230,38
1233,33
1234,36
1235,38
1236,39
1238,37
1239,38
1240,33
1242,25
1242,39
1246,8
1246,38
1246,39
1248,30
1248,33
1248,36
1249,40
1250,35
1250,38
1251,14
1251,21
1251,27
1251,37
1252,22
1252,39
1253,34
1254,7
1254,38
1255,23
1255,33
1255,36
1256,24
1256,37
1258,6
1258,26
1259,29
1259,39
1260,13
1260,16
1260,38
1261,4
1261,32
1262,14
1262,33
1262,34
1263,2
1263,9
1263,20
1263,22
1263,36
1263,37
1263,40
1264,28
1264,31
1265,3
1265,10
1265,11
1265,17
1266,5
1266,35
1266,38
1266,39
1266,40
1267,12
1267,15
1267,19
1268,1
1268,18
1268,20
1268,32
1268,33
1268,36
1269,3
1269,7
1269,23
1269,34
1269,37
1269,39
1270,24
1270,27
1270,38
1271,35
1271,40
1273,5
1274,39
1275,37
1277,36
1277,38
1277,40
1278,31
1278,34
1279,33
1281,39
1282,37
1283,38
1283,40
1287,36
1288,37
1289,38
1289,39
1290,40
1294,33
1294,37
1295,38
1297,36
1298,34
1298,40
1299,1
1299,33
1300,39
1302,37
1305,33
1305,39
1305,40
1307,36
1308,38
1312,39
1313,33
1313,35
1313,38
1314,36
1315,3
1316,40
1320,37
1320,38
1320,39
1321,35
1322,36
1323,33
1325,34
1327,40
1328,38
1330,22
1331,11
1332,33
1332,37
1333,36
1334,38
1335,39
1337,32
1337,34
1338,16
1338,22
1339,24
1339,33
1340,4
1340,7
1340,38
1341,2
1341,40
1342,29
1342,36
1343,6
1343,18
1343,20
1343,21
1343,23
1343,25
1343,34
1344,5
1344,17
1344,33
1344,37
1345,1
1345,3
1345,12
1345,31
1345,32
1345,35
1345,39
1346,10
1346,13
1346,22
1346,28
1346,30
1346,38
1346,40
1347,9
1347,15
1347,23
1347,27
1348,7
1348,8
1348,19
1348,20
1348,33
1348,34
1348,37
1348,39
1349,1
1349,3
1349,11
1349,16
1349,24
1349,26
1349,35
1349,36
1349,40
1350,14
1350,22
1350,29
1351,2
1351,38
1352,21
1352,33
1352,35
1352,39
1353,20
1353,23
1354,3
1355,6
1355,32
1355,34
1356,39
1357,14
1357,35
1357,36
1357,40
1358,33
1358,37
1358,38
1361,39
1363,38
1364,36
1367,33
1367,39
1367,40
1368,37
1370,38
1371,36
1372,33
1374,39
1375,37
1376,34
1377,38
1378,40
1380,33
1382,37
1384,13
1384,38
1385,33
1385,36
1387,39
1388,40
1390,36
1390,37
1390,38
1392,33
1396,37
1398,7
1398,33
1398,36
1399,40
1401,37
1402,38
1403,36
1404,30
1404,33
1404,35
1406,34
1406,37
1407,36
1409,39
1410,38
1412,33
1412,36
1413,11
1413,37
1417,37
1419,2
1419,36
1419,39
1420,5
1420,38
1420,40
1421,4
1422,33
1423,1
1423,34
1423,37
1424,36
1428,23
1429,16
1429,17
1429,38
1430,35
1430,39
1430,40
1431,9
1431,27
1431,37
1432,10
1432,18
1432,36
1433,33
1433,34
1434,24
1434,38
1434,40
1435,32
1436,21
1437,37
1438,31
1439,15
1439,38
1439,40
1440,25
1440,28
1440,36
1441,7
1441,33
1441,39
1442,20
1443,35
1443,40
1444,24
1444,37
1445,6
1445,19
1446,1
1446,12
1446,38
1447,3
1448,8
1448,20
1448,36
1448,40
1449,4
1449,23
1449,29
1449,34
1449,39
1450,5
1450,14
1450,37
1451,2
1451,33
1451,35
1451,38
1452,30
1452,40
1453,32
1454,39
1455,1
1455,37
1456,34
1457,11
1457,36
1457,40
1458,38
1460,26
1460,39
1462,7
1463,33
1463,36
1463,40
1465,37
1465,38
1467,39
1470,33
1471,7
1471,34
1471,35
1471,36
1471,40
1474,38
1476,36
1476,37
1479,33
1481,39
1481,40
1482,36
1484,33
1487,36
1487,37
1487,38
1490,33
1490,40
1491,36
1492,38
1493,39
1495,33
1495,36
1497,38
1499,33
1499,37
1500,36
1501,38
1502,40
1503,34
1505,38
1507,33
1508,36
1508,40
1510,37
1512,5
1512,38
1513,40
1514,33
1514,36
1515,27
1516,38
1517,18
1517,23
1518,37
1520,36
1520,38
1520,39
1520,40
1521,3
1521,12
1521,33
1522,1
1522,10
1523,7
1523,21
1523,34
1524,2
1524,35
1525,16
1525,31
1525,36
1525,38
1526,15
1526,39
1527,9
1527,14
1527,20
1527,22
1527,24
1527,32
1527,40
1528,11
1528,13
1528,28
1528,38
1529,3
1529,6
1529,33
1529,36
1530,8
1530,19
1530,20
1530,25
1530,35
1530,37
1531,4
1531,7
1531,23
1531,24
1531,26
1531,34
1532,17
1532,27
1532,29
1532,30
1532,32
1532,39
1533,5
1533,38
1533,40
1534,2
1534,14
1534,16
1534,20
1534,21
1534,22
1534,33
1534,36
1535,1
1535,9
1535,13
1535,37
1536,3
1536,6
1536,7
1536,11
1536,28
1536,33
1536,35
1536,38
1536,39
1537,23
1538,18
1538,34
1539,10
1540,12
1540,35
1540,36
1540,38
1541,24
1541,33
1541,39
1541,40
1544,34
1545,33
1546,37
1546,38
1547,39
1548,36
1549,33
1549,40
1551,38
1553,33
1555,39
1556,37
1557,33
1557,36
1558,38
1561,33
1563,39
1564,38
1565,36
1566,40
1567,33
1567,37
1569,38
1571,34
1572,33
1573,40
1575,37
1576,38
1577,1
1577,33
1578,36
1581,33
1582,40
1583,39
1585,37
1586,38
1587,33
1587,40
1589,35
1590,37
1591,36
1593,34
1593,40
1595,37
1596,39
1597,40
1598,33
1600,37
1603,33
1603,36
1606,40
1607,20
1607,31
1607,37
1607,38
1608,29
1609,1
1609,33
1611,4
1611,7
1611,21
1611,39
1612,19
1612,30
1612,37
1613,5
1613,6
1613,28
1613,38
1614,16
1614,18
1614,20
1614,25
1614,32
1614,33
1614,40
1615,1
1615,17
1615,22
1615,35
1616,2
1616,3
1616,9
1616,12
1616,23
1616,36
1616,37
1616,39
1617,5
1617,11
1617,15
1617,27
1617,34
1617,40
1618,13
1618,14
1618,20
1618,24
1618,26
1618,31
1618,38
1619,8
1619,33
1619,37
1620,35
1620,39
1621,7
1621,16
1621,29
1621,34
1622,40
1623,2
1623,10
1623,19
1623,21
1625,33
1626,3
1626,22
1626,35
1626,38
1626,40
1627,14
1627,24
1627,32
1627,34
1627,36
1629,20
1629,37
1629,39
1630,23
1630,33
1632,35
1633,40
1634,37
1634,38
1637,7
1637,33
1637,40
1638,37
1642,33
1642,37
1642,38
1642,40
1645,34
1647,38
1648,33
1648,37
1648,40
1653,37
1654,39
1654,40
1655,33
1655,36
1656,38
1660,38
1661,40
1662,37
1664,33
1664,36
1666,38
1666,39
1667,34
1668,35
1668,37
1670,40
1671,33
1674,37
1675,38
1677,4
1677,33
1679,34
1679,37
1680,1
1683,40
1684,7
1684,33
1685,34
1685,36
1685,38
1686,37
1687,35
1692,36
1692,37
1693,9
1693,39
1695,40
1696,34
1697,23
1697,33
1697,36
1697,37
1698,38
1699,10
1699,11
1700,35
1700,40
1701,37
1702,36
1704,2
1704,28
1705,40
1706,3
1706,30
1706,34
1706,37
1706,39
1707,20
1707,36
1707,38
1708,12
1708,13
1708,18
1708,27
1708,33
1709,6
1710,17
1710,24
1710,32
1710,35
1710,37
1710,40
1711,5
1711,21
1711,22
1711,39
1712,7
1712,33
1712,34
1712,36
1713,3
1713,15
1713,26
1713,38
1714,20
1714,23
1715,16
1715,37
1716,29
1716,35
1716,39
1716,40
1717,31
1717,33
1718,14
1719,1
1720,8
1720,34
1721,19
1721,33
1721,38
1721,39
1722,3
1722,36
1722,37
1723,14
1723,20
1723,32
1724,40
1725,24
1725,35
1725,39
1727,20
1727,25
1727,33
1727,37
1728,3
1729,39
1730,5
1731,33
1733,40
1734,4
1734,36
1734,37
1734,39
1735,29
1737,38
1738,33
1739,35
1740,40
1742,34
1744,1
1746,33
1746,37
1747,36
1748,39
1749,11
1750,40
1751,33
1752,7
1754,38
1755,35
1756,2
1756,36
1758,39
1760,38
1761,32
1761,36
1763,33
1763,37
1764,40
1767,27
1768,37
1769,1
1769,7
1769,40
1770,33
1771,38
1771,39
1772,36
1773,37
1777,18
1777,28
1779,35
1779,40
1780,22
1780,38
1781,13
1781,23
1781,30
1781,36
1782,33
1782,39
1783,16
1783,34
1783,37
1784,20
1784,38
1784,40
1786,15
1787,33
1788,2
1788,24
1788,31
1788,37
1789,12
1789,21
1790,38
1790,40
1791,1
1791,5
1791,6
1791,9
1791,10
1791,11
1791,34
1791,36
1791,39
1792,3
1792,33
1792,37
1793,25
1793,35
1795,8
1795,40
1797,32
1797,37
1797,39
1798,33
1798,36
1799,14
1799,17
1799,19
1800,29
1800,40
1802,7
1802,36
1802,37
1802,38
1802,39
1803,33
1804,4
1804,26
1805,20
1806,23
1807,33
1808,32
1808,35
1808,36
1808,37
1808,39
1808,40
1809,3
1809,38
1814,33
1814,39
1814,40
1815,38
1816,14
1816,36
1818,37
1819,33
1821,38
1821,39
1821,40
1824,33
1825,37
1827,36
1828,33
1828,38
1828,40
1832,36
1833,33
1833,34
1837,35
1837,40
1838,33
1838,36
1842,5
1842,33
1842,37
1843,14
1845,36
1845,40
1846,37
1847,1
1847,2
1847,33
1847,34
1847,39
1848,16
1848,38
1851,11
1851,33
1852,9
1853,21
1853,37
1853,39
1854,7
1854,40
1855,36
1856,12
1856,33
1857,24
1857,34
1859,22
1859,38
1860,35
1860,37
1861,33
1861,39
1862,23
1862,40
1863,18
1865,6
1865,36
1867,33
1868,35
1868,37
1868,38
1869,28
1869,30
1870,40
1871,27
1872,34
1872,36
1872,39
1873,13
1873,15
1873,20
1875,1
1875,33
1876,7
1876,20
1876,31
1876,37
1876,40
1877,4
1877,35
1877,39
1878,29
1879,5
1879,38
1880,10
1880,17
1880,36
1880,40
1882,33
1883,1
1883,3
1883,20
1883,37
1884,34
1885,11
1885,38
1885,39
1886,32
1888,36
1888,37
1890,19
1890,35
1890,40
1891,2
1891,38
1891,39
1892,8
1892,33
1895,36
1897,34
1898,37
1898,39
1899,14
1899,38
1900,33
1901,40
1903,39
1904,38
1906,33
1908,36
1910,39
1911,40
1913,33
1914,37
1914,38
1915,36
1915,40
1917,26
1917,34
1919,22
1919,33
1921,40
1923,23
1923,24
1924,29
1924,36
1924,37
1924,39
1925,38
1926,16
1926,40
1927,25
1927,33
1928,35
1929,6
1929,34
1929,39
1930,21
1930,37
1934,13
1934,40
1935,35
1935,37
1936,11
1936,39
1937,7
1937,32
1937,33
1937,36
1938,9
1939,20
1940,12
1941,35
1941,37
1941,40
1942,3
1943,2
1943,29
1944,4
1944,31
1944,38
1944,39
1945,18
1945,19
1945,23
1945,27
1946,1
1946,17
1946,37
1947,15
1947,30
1947,33
1947,39
1947,40
1948,36
1948,38
1949,10
1949,22
1949,28
1950,3
1950,37
1951,5
1951,32
1951,34
1952,1
1952,7
1952,35
1952,38
1952,39
1953,20
1953,22
1954,14
1955,37
1955,38
1956,36
1956,39
1958,4
1958,33
1959,40
1960,38
1962,37
1962,39
1965,36
1965,38
1968,40
1969,39
1971,7
1971,33
1971,38
1976,37
1976,39
1977,36
1977,38
1979,40
1980,32
1981,38
1982,34
1982,39
1983,37
1985,21
1985,36
1985,40
1987,35
1987,38
1987,39
1988,33
1993,36
1994,34
1994,37
1994,38
1996,33
1997,14
1997,40
1998,39
2001,24
2001,37
2002,38
2003,33
2004,2
2004,39
2005,3
2006,34
2006,40
2008,37
2008,38
2010,35
2011,40
2012,25
2012,37
2013,1
2014,38
2015,8
2015,36
2016,37
2016,39
2016,40
2017,13
2017,23
2017,34
2018,27
2018,30
2019,5
2019,18
2019,33
2020,37
2020,38
2020,40
2022,6
2022,11
2022,22
2023,21
2023,33
2023,35
2024,34
2025,7
2025,12
2025,16
2025,17
2026,9
2026,29
2026,36
2026,38
2027,3
2027,32
2028,11
2028,20
2028,31
2028,33
2028,35
2028,37
2029,15
2029,26
2029,40
2030,19
2030,24
2030,34
2030,39
2031,3
2031,7
2031,38
2032,20
2032,23
2032,37
2034,4
2034,33
2034,40
2035,28
2035,35
2035,39
2036,1
2036,37
2037,10
2038,2
2039,14
2040,37
2040,38
2041,33
2041,36
2041,39
2045,1
2045,13
2046,37
2046,38
2048,33
2050,5
2050,37
2052,39
2052,40
2053,33
2053,36
2053,38
2055,37
2059,36
2059,37
2059,40
2061,38
2062,33
2063,34
2065,36
2065,37
2066,39
2067,40
2069,38
2071,33
2071,36
2071,37
2075,38
2077,40
2078,36
2079,33
2079,37
2080,38
2080,39
2083,40
2085,36
2086,33
2086,37
2086,38
2087,40
2091,30
2091,34
2093,36
2093,40
2094,32
2095,33
2095,35
2095,37
2095,38
2098,1
2099,39
2100,29
2100,33
2100,36
2100,40
2101,9
2101,16
2102,35
2102,37
2103,11
2103,23
2103,34
2105,20
2105,39
2106,33
2106,40
2107,2
2107,31
2107,36
2107,38
2108,8
2108,35
2109,6
2110,21
2110,27
2110,37
2111,24
2111,33
2112,12
2112,18
2112,34
2112,39
2113,38
2114,15
2114,32
2114,40
2115,25
2115,33
2116,14
2116,37
2117,5
2117,17
2117,24
2118,7
2118,36
2118,39
2119,34
2119,38
2120,20
2120,28
2120,33
2120,35
2121,3
2121,19
2121,37
2122,40
2123,4
2123,26
2125,2
2125,20
2125,29
2125,39
2126,10
2126,23
2127,1
2127,3
2127,33
2128,22
2128,37
2128,38
2130,14
2130,16
2130,34
2130,35
2130,36
2130,39
2130,40
2132,13
2132,31
2132,33
2136,39
2137,33
2137,35
2137,36
2137,38
2138,40
2139,37
2140,11
2140,14
2143,38
2144,33
2144,39
2146,37
2147,14
2148,40
2150,7
2150,33
2151,35
2151,38
2154,36
2156,22
2156,33
2156,39
2157,38
2161,33
2161,37
2163,40
2167,38
2169,33
2171,30
2171,34
2171,39
2172,36
2172,37
2176,33
2176,40
2178,38
2179,9
2180,1
2181,5
2181,39
2182,36
2183,4
2183,6
2183,33
2183,37
2184,24
2184,35
2186,7
2186,12
2186,21
2186,22
2186,23
2186,38
2187,8
2187,16
2187,34
2188,2
2188,14
2188,39
2188,40
2189,29
2189,32
2189,38
2190,18
2190,22
2190,24
2190,33
2191,20
2191,35
2191,37
2192,11
2192,17
2192,31
2193,3
2193,27
2193,34
2193,39
2194,7
2194,15
2194,25
2194,38
2195,1
2195,19
2195,20
2195,33
2196,36
2196,37
2196,40
2197,5
2197,21
2197,28
2197,32
2197,35
2198,38
2198,39
2199,12
2199,23
2202,13
2202,38
2203,39
2204,33
2204,37
2204,40
2205,35
2208,36
2209,34
2209,38
2210,37
2210,40
2212,33
2216,36
2216,37
2216,38
2217,40
2219,33
2223,36
2224,37
2224,40
2225,34
2225,38
2225,39
2230,33
2230,38
2234,38
2234,40
2235,33
2236,37
2239,38
2240,34
2240,36
2242,33
2244,38
2249,38
2250,33
2250,36
2250,39
2250,40
2251,22
2253,37
2254,38
2256,33
2257,23
2258,35
2259,29
2260,30
2260,33
2260,36
2260,38
2261,1
2261,34
2261,39
2262,6
2262,9
2262,37
2263,16
2263,40
2265,4
2265,28
2266,33
2267,2
2267,11
2267,27
2267,38
2268,20
2268,26
2268,37
2269,21
2269,24
2270,3
2270,17
2270,33
2271,5
2271,7
2271,10
2271,19
2271,31
2271,40
2272,18
2272,20
2272,32
2272,35
2272,36
2272,39
2273,1
2273,15
2273,34
2273,37
2273,38
2274,3
2274,12
2274,25
2274,29
2274,33
2275,7
2275,14
2276,2
2276,6
2276,13
2276,22
2277,23
2277,35
2277,38
2277,39
2277,40
2278,8
2278,31
2278,37
2279,4
2279,11
2279,27
2279,33
2280,14
2280,34
2281,32
2282,16
2282,37
2283,3
2283,30
2283,40
2284,7
2285,1
2285,38
2286,33
2286,39
2287,20
2287,35
2287,40
2288,36
2288,37
2290,34
2291,40
2293,38
2297,40
2301,36
2301,38
2302,33
2302,37
2303,40
2305,39
2309,33
2311,36
2311,37
2311,38
2311,40
2315,33
2319,5
2320,36
2321,33
2321,40
2322,37
2324,34
2324,35
2324,38
2329,33
2329,39
2331,36
2333,23
2333,37
2334,38
2336,40
2337,34
2337,35
2339,37
2340,32
2341,18
2341,33
2342,36
2344,37
2345,17
2345,39
2345,40
2347,21
2348,7
2348,24
2348,34
2348,38
2349,3
2349,33
2350,13
2351,5
2351,10
2351,36
2352,20
2353,32
2354,2
2354,11
2354,12
2354,15
2354,22
2354,33
2354,35
2354,37
2354,39
2354,40
2355,3
2355,6
2355,19
2355,29
2355,38
2356,16
2356,28
2356,34
2357,4
2357,9
2357,26
2357,31
2357,36
2358,1
2358,7
2358,27
2358,30
2358,33
2359,8
2359,20
2359,23
2359,25
2359,39
2360,14
2360,24
2360,35
2360,37
2360,40
2361,22
2361,32
2361,34
2361,38
2362,17
2362,21
2363,29
2363,33
2364,2
2364,36
2365,38
2365,39
2367,37
2369,1
2369,38
2370,33
2370,40
2371,37
2373,39
2375,36
2375,38
2377,33
2377,37
2377,40
2381,38
2383,33
2383,37
2386,40
2387,36
2391,37
2392,33
2392,38
2393,40
2397,34
2399,33
2400,36
2400,37
2403,35
2403,39
2404,33
2405,40
2407,38
2410,33
2412,36
2414,37
2415,34
2416,33
2417,40
2418,38
2418,39
2423,7
2423,36
2424,37
2425,33
2426,5
2426,40
2427,35
2427,38
2430,36
2431,33
2432,2
2433,34
2434,39
2435,11
2436,6
2436,37
2437,16
2438,13
2438,36
2438,40
2439,31
2439,35
2439,38
2440,7
2440,33
2441,1
2441,8
2441,20
2441,32
2442,14
2442,18
2442,34
2443,9
2443,12
2444,3
2444,21
2444,27
2444,36
2444,37
2445,4
2445,5
2445,17
2445,19
2445,22
2445,23
2445,24
2445,29
2445,30
2445,33
2445,35
2445,39
2445,40
2446,15
2446,26
2446,32
2446,38
2447,28
2447,34
2447,36
2448,1
2448,6
2448,10
2448,11
2448,16
2448,20
2448,23
2448,25
2448,39
2449,37
2450,3
2450,7
2450,21
2450,24
2450,33
2450,35
2450,40
2451,2
2451,9
2451,22
2451,38
2451,39
2452,1
2452,12
2452,14
2452,20
2453,31
2454,34
2454,37
2455,3
2455,33
2455,35
2455,36
2456,38
2456,39
2458,4
2461,33
2461,38
2462,36
2464,37
2465,38
2466,33
2466,40
2470,33
2470,36
2470,37
2471,38
2472,34
2475,33
2475,39
2476,40
2477,36
2479,33
2479,38
2481,37
2482,33
2482,36
2486,33
2487,38
2489,37
2490,33
2493,36
2495,33
2495,37
2496,40
2497,34
2497,38
2500,33
2500,36
2504,37
2504,39
2505,40
2507,36
2508,38
2509,33
2514,33
2515,36
2515,37
2515,39
2516,29
2516,34
2516,35
2516,40
2517,7
2519,33
2521,23
2522,38
2524,2
2525,14
2525,18
2525,30
2525,33
2525,37
2526,27
2526,36
2526,40
2527,22
2527,32
2528,1
2528,17
2528,20
2528,24
2528,34
2528,35
2528,38
2529,3
2529,5
2529,15
2529,21
2529,33
2529,39
2530,37
2531,8
2531,11
2531,16
2531,28
2532,6
2532,23
2532,32
2532,36
2533,7
2533,25
2533,33
2533,35
2533,38
2533,40
2534,12
2534,19
2534,20
2534,29
2535,4
2535,9
2535,31
2535,34
2535,37
2535,39
2536,14
2537,10
2537,26
2538,24
2538,33
2538,38
2539,3
2539,13
2539,22
2539,37
2539,40
2540,1
2540,18
2540,35
2540,36
2541,39
2542,34
2543,20
2544,7
2544,38
2545,33
2545,37
2547,40
2549,38
2553,33
2554,37
2555,36
2556,38
2556,40
2562,34
2562,38
2563,36
2564,33
2565,39
2566,37
2567,40
2569,36
2570,35
2570,38
2573,37
2573,40
2574,33
2576,36
2580,34
2580,37
2581,33
2581,40
2582,38
2584,37
2585,14
2586,35
2587,40
2588,39
2589,33
2589,37
2591,36
2592,4
2592,40
2593,35
2594,34
2594,38
2595,37
2596,1
2596,36
2597,40
2601,23
2601,35
2601,38
2602,33
2602,37
2603,36
2604,40
2605,5
2607,3
2607,33
2607,34
2608,36
2608,38
2609,2
2609,21
2609,37
2609,39
2611,6
2611,40
2612,11
2612,35
2613,38
2614,33
2615,36
2616,37
2616,39
2617,38
2619,7
2619,32
2620,34
2621,36
2622,37
2622,38
2623,22
2623,35
2623,40
2624,13
2624,15
2625,16
2625,18
2625,29
2625,33
2626,38
2627,20
2627,36
2627,39
2628,12
2628,27
2628,37
2629,33
2630,1
2630,19
2630,31
2630,38
2630,40
2631,28
2632,3
2632,8
2632,30
2632,34
2632,37
2633,4
2633,17
2633,24
2633,33
2633,35
2634,9
2635,23
2635,36
2635,39
2636,2
2636,3
2636,21
2636,22
2636,38
2637,25
2637,34
2637,40
2638,10
2638,16
2638,20
2638,26
2638,32
2639,33
2639,39
2640,5
2640,6
2640,7
2640,27
2641,11
2641,14
2641,35
2641,37
2641,38
2642,3
2642,13
2642,20
2642,24
2643,29
2644,7
2644,31
2644,32
2644,39
2645,12
2645,33
2645,36
2645,40
2646,20
2646,37
2646,38
2647,35
2648,1
2651,3
2652,33
2653,36
2654,37
2654,39
2655,40
2656,14
2658,1
2658,38
2659,37
2660,33
2663,39
2664,33
2664,38
2665,36
2666,37
2667,40
2669,39
2670,38
2671,33
2673,37
2675,40
2676,38
2677,33
2677,36
2678,37
2678,39
2681,38
2682,37
2684,33
2684,38
2685,39
2686,40
2688,36
2688,37
2688,38
2691,34
2691,40
2692,1
2692,33
2693,38
2694,7
2695,36
2695,37
2697,39
2698,5
2698,35
2698,40
2699,38
2700,2
2700,33
2700,36
2700,37
2702,39
2704,38
2705,21
2705,34
2706,36
2706,37
2708,33
2708,38
2709,40
2711,11
2713,37
2715,36
2715,39
2716,33
2717,13
2717,34
2718,29
2718,35
2718,38
2718,40
2722,18
2722,30
2722,36
2723,19
2723,37
2723,40
2724,15
2724,34
2725,22
2726,9
2726,23
2726,26
2726,32
2726,39
2727,16
2727,20
2727,33
2727,40
2728,1
2728,7
2728,10
2728,17
2728,28
2728,38
2729,4
2729,27
2730,2
2730,5
2730,6
2730,8
2730,24
2730,35
2730,37
2731,3
2731,11
2731,12
2731,14
2731,20
2731,22
2731,31
2731,36
2731,39
2732,7
2732,32
2732,34
2732,38
2733,25
2733,29
2733,37
2733,40
2734,1
2734,16
2734,21
2734,23
2734,33
2734,35
2734,39
2735,3
2736,4
2736,24
2737,38
2737,40
2738,36
2738,39
2739,34
2739,37
2740,18
2741,35
2744,36
2744,39
2744,40
2746,33
2746,34
2748,40
2750,37
2752,34
2752,39
2753,36
2755,40
2756,37
2756,38
2758,33
2760,36
2760,39
2762,37
2762,38
2766,33
2766,38
2767,36
2767,39
2768,37
2768,40
2770,34
2770,38
2772,33
2778,37
2778,38
2778,39
2779,13
2780,36
2781,22
2782,33
2783,35
2783,38
2784,7
2784,40
2787,38
2788,36
2789,34
2789,37
2792,14
2792,33
2792,40
2793,38
2795,28
2798,33
2798,37
2798,38
2800,2
2800,39
2801,3
2801,17
2803,13
2803,35
2803,38
2803,40
2804,24
2804,37
2804,39
2805,32
2805,33
2805,36
2806,1
2806,6
2806,15
2806,21
2806,27
2808,11
2808,34
2809,5
2809,7
2809,19
2809,23
2809,37
2809,38
2810,12
2810,16
2810,20
2810,33
2810,35
2810,39
2810,40
2811,4
2811,8
2811,14
2811,29
2813,9
2813,18
2813,30
2813,31
2813,37
2813,38
2814,2
2814,33
2814,34
2815,1
2815,3
2815,10
2815,22
2815,32
2815,36
2815,39
2815,40
2816,23
2816,25
2816,26
2818,35
2818,37
2819,7
2819,20
2819,27
2819,38
2819,39
2820,11
2820,33
2820,40
2821,36
2822,1
2825,14
2826,37
2827,36
2827,39
2827,40
2828,33
2829,38
2830,35
2834,38
2834,39
2837,33
2838,36
2839,37
2841,38
2842,39
2846,33
2846,38
2846,40
2847,37
2848,36
2851,34
2853,33
2853,37
2853,38
2855,39
2858,37
2859,35
2860,38
2860,40
2862,39
2863,36
2864,5
2865,40
2866,35
2867,34
2867,37
2868,33
2868,38
2869,39
2870,40
2874,36
2874,37
2875,38
2875,40
2877,33
2878,39
2880,36
2880,40
2881,37
2884,38
2885,35
2885,40
2886,33
2886,36
2886,37
2888,39
2889,34
2891,28
2893,37
2894,35
2894,36
2895,40
2896,11
2896,13
2897,17
2897,33
2897,39
2898,24
2899,18
2899,21
2899,36
2900,2
2900,20
2900,38
2901,12
2901,15
2901,37
2901,40
2902,3
2902,6
2902,19
2902,33
2902,34
2902,39
2903,4
2904,8
2904,16
2904,27
2904,31
2904,32
2905,9
2905,23
2906,5
2906,10
2906,35
2906,36
2906,37
2906,39
2906,40
2907,7
2907,11
2907,25
2907,29
2907,30
2907,38
2908,1
2908,20
2908,24
2908,32
2908,33
2908,34
2909,3
2909,6
2909,14
2910,2
2910,22
2910,26
2910,39
2911,16
2911,23
2911,29
2911,37
2912,14
2912,17
2912,28
2912,35
2913,7
2913,31
2913,33
2913,34
2913,36
2913,38
2913,39
2914,4
2914,20
2915,37
2915,40
2916,1
2916,24
2917,13
2917,32
2918,38
2918,39
2919,37
2920,33
2920,36
2920,40
2921,34
2921,35
2922,21
2922,38
2925,38
2927,37
2927,39
2927,40
2928,22
2928,33
2931,38
2933,40
2934,37
2936,39
2937,33
2938,38
2939,37
2940,40
2941,7
2941,36
2942,1
2943,38
2945,40
2946,33
2946,35
2948,39
2949,34
2950,36
2950,37
2950,38
2954,40
2958,33
2958,39
2959,38
2960,36
2962,1
2963,34
2964,37
2964,40
2965,33
2966,35
2967,38
2971,1
2971,36
2973,33
2973,38
2975,12
2975,37
2976,5
2977,34
2977,39
2980,35
2980,36
2980,38
2981,18
2981,33
2982,37
2982,40
2983,1
2985,33
2986,23
2987,38
2989,2
2990,3
2990,37
2990,39
2991,33
2991,36
2991,38
2992,34
2993,7
2994,40
2995,21
2996,38
2997,20
2998,33
2998,35
2999,27
2999,32
3000,37
3001,15
3001,36
3002,19
3003,28
3003,29
3003,38
3003,40
3004,17
3004,33
3004,39
3005,9
3005,16
3006,4
3006,6
3006,10
3006,23
3006,26
3006,30
3007,11
3007,22
3007,35
3007,36
3008,20
3008,34
3008,37
3009,1
3009,2
3009,3
3009,8
3009,16
3009,24
3009,31
3009,32
3009,33
3009,38
3009,39
3009,40
3010,14
3010,21
3010,23
3010,25
3011,7
3012,3
3012,18
3012,37
3012,39
3013,12
3013,27
3013,32
3013,33
3013,35
3013,38
3014,1
3014,13
3014,24
3014,36
3014,40
3016,34
3017,5
3017,37
3018,6
3018,7
3018,29
3018,36
3018,40
3019,20
3021,33
3021,38
3022,35
3025,40
3027,37
3028,36
3028,38
3030,33
3031,40
3033,38
3037,38
3038,36
3038,37
3038,40
3040,39
3043,33
3044,36
3044,38
3045,37
3047,40
3049,38
3049,39
3053,36
3054,33
3054,37
3055,38
3055,39
3055,40
3056,34
3058,22
3059,38
3061,37
3061,39
3062,7
3062,36
3064,33
3064,38
3064,40
3068,37
3068,39
3069,38
3072,36
3072,40
3073,4
3075,33
3075,37
3076,34
3076,38
3076,39
3079,40
3080,38
3081,39
3083,33
3084,35
3084,37
3085,38
3087,40
3088,39
3090,36
3090,37
3091,24
3091,38
3091,40
3093,39
3096,2
3096,28
3096,38
3096,40
3098,33
3098,39
3099,1
3100,13
3101,21
3101,24
3101,37
3102,19
3102,36
3103,11
3103,17
3103,20
3103,38
3103,40
3104,6
3104,12
3104,34
3104,39
3105,32
3105,33
3106,3
3106,5
3106,27
3106,36
3107,4
3107,18
3107,23
3107,35
3108,8
3108,14
3108,16
3108,29
3108,30
3108,31
3109,7
3109,9
3109,37
3109,39
3109,40
3110,10
3110,11
3110,20
3110,32
3110,33
3110,34
3110,38
3111,1
3111,3
3111,15
3111,22
3111,23
3111,25
3111,26
3111,35
3111,36
3112,2
3113,21
3113,39
3113,40
3114,5
3114,29
3114,37
3115,16
3115,23
3115,24
3115,27
3115,35
3115,36
3115,38
3116,1
3116,33
3117,34
3118,7
3118,14
3118,39
3120,37
3120,38
3121,35
3122,36
3122,40
3125,33
3125,39
3127,38
3128,40
3129,36
3129,37
3132,34
3133,38
3133,40
3139,33
3139,39
3140,36
3140,37
3140,40
3141,35
3141,38
3146,37
3147,34
3147,36
3148,39
3149,38
3151,40
3152,13
3152,37
3153,39
3156,7
3156,36
3156,38
3156,40
3157,33
3157,37
3161,38
3161,40
3162,34
3162,39
3164,37
3166,36
3167,40
3169,33
3170,38
3172,40
3173,36
3173,37
3174,33
3175,6
3177,38
3177,39
3178,34
3179,35
3179,40
3180,33
3184,37
3184,39
3185,40
3187,3
3187,36
3189,38
3190,10
3190,31
3190,33
3190,39
3190,40
3193,7
3194,37
3194,40
3195,32
3195,33
3195,38
3195,39
3196,2
3196,3
3196,24
3196,28
3196,35
3197,30
3198,11
3199,1
3199,9
3199,18
3199,20
3199,39
3200,21
3200,23
3200,34
3200,36
3200,40
3201,3
3201,8
3201,12
3201,16
3201,27
3202,4
3202,7
3202,13
3202,19
3202,22
3202,32
3202,35
3203,5
3203,14
3203,17
3203,33
3203,37
3203,38
3204,15
3204,20
3204,24
3204,25
3204,29
3204,34
3204,39
3204,40
3205,3
3205,6
3205,11
3205,23
3205,26
3205,36
3206,2
3206,18
3206,22
3206,32
3206,33
3207,7
3207,16
3207,31
3207,38
3207,39
3207,40
3208,1
3208,20
3208,21
3208,35
3208,37
3209,4
3209,34
3210,33
3211,5
3213,12
3213,37
3213,39
3214,40
3215,38
3217,34
3218,36
3219,40
3222,33
3223,39
3224,37
3225,40
3227,33
3227,36
3227,38
3229,40
3232,33
3233,36
3233,40
3234,34
3237,37
3237,38
3237,40
3239,33
3242,40
3244,33
3244,38
3246,36
3248,40
3251,33
3252,36
3252,38
3256,33
3258,40
3259,36
3259,38
3259,39
3261,33
3264,37
3266,36
3266,39
3267,1
3267,33
3267,38
3272,34
3272,36
3272,37
3273,33
3274,38
3274,39
3275,40
3277,33
3280,36
3280,37
3281,40
3282,33
3283,39
3284,38
3285,30
3286,37
3288,36
3289,33
3289,34
3289,39
3290,28
3290,40
3291,2
3293,5
3294,33
3294,37
3295,23
3295,35
3296,10
3296,22
3296,40
3297,1
3297,16
3297,36
3297,38
3299,7
3299,27
3299,29
3300,14
3300,15
3300,20
3300,31
3300,34
3300,39
3301,9
3301,11
3301,12
3301,13
3301,33
3301,37
3302,4
3302,6
3302,17
3302,24
3302,35
3302,38
3302,40
3303,19
3303,25
3303,26
3304,3
3304,7
3304,8
3304,18
3304,21
3304,29
3304,39
3305,1
3305,20
3305,23
3305,34
3305,36
3306,22
3306,24
3306,32
3306,33
3306,37
3306,40
3307,31
3308,5
3308,10
3308,28
3308,35
3308,38
3308,39
3309,2
3309,27
3312,1
3312,33
3312,36
3312,37
3312,39
3313,14
3313,40
3314,11
3316,32
3317,33
3317,35
3317,40
3319,3
3319,39
3320,36
3320,37
3321,38
3323,40
3325,39
3328,36
3329,33
3329,37
3329,38
3329,40
3330,39
3335,40
3336,33
3338,36
3338,39
3343,37
3343,38
3343,39
3344,40
3346,33
3346,35
3349,36
3350,39
3353,33
3354,7
3354,38
3354,39
3356,14
3356,36
3357,40
3358,33
3359,37
3361,39
3362,38
3364,33
3367,1
3367,30
3368,40
3369,33
3369,37
3370,36
3370,39
3371,20
3371,34
3373,21
3374,3
3374,23
3374,33
3376,13
3376,35
3376,38
3376,40
3377,16
3377,39
3378,2
3378,6
3378,9
3379,11
3379,33
3379,36
3380,32
3381,12
3381,34
3381,40
3382,4
3382,24
3382,37
3382,39
3383,8
3383,31
3384,15
3384,33
3385,35
3386,1
3386,18
3386,29
3386,40
3387,19
3387,37
3387,39
3388,5
3388,34
3388,38
3389,3
3389,20
3389,33
3390,23
3390,27
3390,36
3390,40
3391,1
3391,17
3391,22
3392,35
3392,39
3393,37
3393,38
3394,6
3394,40
3395,33
3395,36
3397,38
3399,40
3401,33
3401,37
3401,39
3402,38
3405,36
3405,40
3407,37
3407,38
3407,39
3410,33
3412,39
3413,36
3414,40
3415,7
3417,1
3417,38
3418,35
3418,39
3419,26
3419,37
3419,40
3422,34
3422,39
3423,33
3424,37
3424,38
3425,11
3425,36
3429,39
3430,37
3430,40
3432,28
3433,38
3434,40
3435,14
3435,36
3435,39
3436,10
3436,34
3436,35
3437,33
3437,37
3438,24
3438,38
3439,25
3441,39
3442,2
3442,37
3442,40
3443,38
3445,4
3446,21
3447,34
3448,37
3448,40
3449,16
3449,20
3449,32
3449,38
3450,18
3450,22
3450,39
3451,33
3452,13
3453,3
3453,7
3453,37
3454,5
3454,23
3454,36
3454,38
3454,40
3455,39
3456,1
3456,12
3456,20
3456,27
3457,31
3457,33
3457,35
3458,34
3458,37
3458,38
3458,40
3459,6
3459,9
3459,29
3460,30
3460,39
3461,11
3461,24
3462,7
3463,8
3464,15
3464,33
3464,38
3464,40
3465,19
3465,34
3465,39
3466,2
3466,22
3466,35
3466,37
3467,36
3468,1
3468,21
3469,39
3470,32
3471,33
3471,37
3472,13
3472,38
3474,40
3475,35
3476,39
3477,37
3477,38
3478,36
3480,39
3481,14
3482,38
3482,40
3484,33
3484,37
3486,4
3487,39
3488,36
3488,40
3489,37
3491,33
3492,34
3492,38
3494,37
3496,39
3497,36
3499,7
3499,33
3499,40
3501,13
3501,37
3501,38
3506,37
3507,39
3508,33
3508,36
3508,40
3509,28
3510,20
3511,38
3512,23
3513,17
3513,37
3514,33
3515,35
3516,39
3517,34
3517,36
3518,40
3520,11
3523,33
3523,37
3524,5
3524,40
3526,3
3526,29
3526,36
3527,39
3528,35
3528,38
3529,40
3530,1
3531,10
3531,30
3532,14
3532,34
3533,24
3533,32
3533,37
3533,38
3534,1
3534,7
3534,16
3534,23
3534,26
3534,33
3534,40
3535,2
3535,39
3536,3
3536,12
3536,18
3536,25
3536,35
3537,27
3537,31
3537,36
3537,37
3538,20
3538,28
3538,34
3538,40
3539,9
3539,21
3539,39
3540,1
3540,6
3540,35
3540,38
3541,3
3541,13
3541,15
3541,29
3541,33
3541,37
3542,24
3543,14
3543,19
3543,40
3544,4
3544,22
3544,39
3545,8
3545,20
3545,23
3545,36
3545,37
3546,21
3546,38
3547,33
3547,35
3548,7
3549,17
3549,34
3549,40
3550,11
3550,16
3551,3
3551,5
3552,39
3553,33
3553,35
3553,38
3554,2
3554,36
3554,37
3554,40
3556,7
3559,32
3559,37
3559,40
3560,38
3561,39
3565,37
3566,33
3567,40
3569,38
3571,36
3573,37
3574,33
3575,39
3576,34
3577,38
3581,1
3581,33
3582,39
3583,40
3584,35
3584,36
3586,38
3587,39
3589,37
3590,14
3593,39
3593,40
3594,33
3594,35
3594,38
3595,36
3599,39
3601,33
3601,37
3601,40
3602,38
3604,35
3606,39
3607,33
3609,1
3610,35
3610,37
3611,36
3611,40
3612,10
3614,30
3614,39
3615,33
3616,34
3616,37
3617,7
3618,40
3619,20
3619,36
3619,38
3620,9
3620,39
3621,1
3622,18
3622,37
3623,33
3623,35
3625,4
3625,12
3625,22
3625,39
3626,5
3626,31
3626,40
3627,24
3628,6
3628,23
3628,37
3628,38
3629,1
3629,2
3629,3
3629,7
3629,11
3629,33
3629,36
3629,39
3630,16
3630,21
3630,34
3630,35
3631,8
3631,14
3631,15
3632,32
3633,13
3633,28
3633,29
3633,40
3634,25
3634,27
3634,39
3635,11
3635,17
3635,23
3635,26
3635,35
3635,37
3635,38
3636,20
3636,33
3637,19
3637,24
3637,34
3638,7
3638,31
3638,40
3640,3
3640,37
3642,33
3643,2
3643,36
3643,40
3644,38
3644,39
3647,37
3648,33
3650,36
3651,40
3652,33
3655,37
3656,7
3656,36
3657,38
3658,33
3658,40
3661,37
3663,33
3664,40
3665,34
3668,35
3669,33
3670,36
3672,37
3674,33
3674,38
3675,40
3676,34
3678,37
3680,33
3683,37
3683,39
3683,40
3684,36
3684,38
3686,5
3688,33
3689,37
3689,38
3690,40
3691,34
3692,36
3693,39
3694,37
3695,38
3695,40
3696,33
3698,37
3699,35
3699,36
3701,40
3703,37
3703,38
3704,39
3705,40
3706,36
3707,18
3707,37
3708,33
3709,40
3710,38
3712,37
3713,30
3713,34
3714,21
3714,40
3715,20
3715,33
3717,10
3717,22
3717,28
3717,36
3717,38
3719,2
3719,3
3719,12
3719,40
3720,1
3720,6
3720,11
3720,16
3720,32
3720,37
3721,7
3721,15
3721,27
3721,33
3721,35
3721,39
3722,17
3722,23
3722,24
3722,31
3722,38
3723,3
3723,5
3723,8
3723,20
3723,29
3723,34
3723,40
3724,9
3724,14
3724,18
3724,37
3725,4
3725,13
3725,19
3725,25
3725,33
3726,1
3726,6
3726,27
3726,32
3726,38
3726,39
3727,11
3727,23
3727,35
3727,36
3727,40
3728,2
3728,21
3728,22
3728,26
3728,37
3729,20
3730,3
3730,5
3730,7
3730,16
3730,39
3731,12
3731,33
3731,38
3732,14
3732,34
3733,35
3733,37
3734,7
3734,29
3735,39
3737,33
3738,28
3738,40
3741,37
3741,38
3742,39
3743,40
3744,33
3744,36
3749,33
3749,40
3751,37
3755,33
3755,36
3755,38
3756,37
3756,40
3760,38
3760,39
3761,37
3763,33
3765,37
3765,40
3768,38
3769,37
3769,39
3769,40
3771,1
3771,33
3773,34
3773,37
3774,40
3775,39
3778,37
3779,33
3780,39
3780,40
3782,34
3782,36
3784,37
3784,38
3787,35
3787,39
3787,40
3788,33
3791,36
3792,33
3793,34
3793,38
3796,39
3797,37
3798,33
3799,36
3801,40
3803,33
3803,38
3804,10
3805,37
3806,36
3808,34
3810,32
3810,33
3810,38
3810,39
3810,40
3812,24
3815,33
3818,36
3819,14
3819,23
3820,1
3820,3
3820,33
3820,37
3821,2
3821,30
3821,34
3821,40
3822,4
3822,11
3822,16
3822,20
3822,39
3823,5
3823,7
3823,17
3823,22
3823,26
3823,32
3823,35
3823,36
3823,38
3824,1
3824,9
3824,15
3824,31
3824,37
3825,3
3825,18
3825,20
3825,21
3825,27
3825,29
3826,6
3826,7
3826,8
3826,12
3826,19
3826,25
3826,28
3826,33
3826,34
3826,36
3826,38
3827,2
3827,5
3827,14
3827,23
3827,32
3827,35
3827,37
3827,39
3827,40
3828,4
3828,11
3828,17
3828,20
3828,22
3828,24
3829,29
3829,31
3829,38
3830,1
3830,3
3830,13
3830,16
3830,34
3831,9
3831,20
3831,21
3831,27
3831,33
3831,35
3831,36
3831,37
3831,39
3831,40
3832,18
3832,19
3833,6
3833,22
3834,23
3834,38
3835,33
3835,36
3836,14
3836,30
3837,40
3838,37
3840,33
3840,38
3840,39
3841,36
3844,38
3845,33
3845,36
3848,39
3849,40
3850,36
3850,38
3851,33
3856,33
3856,37
3856,38
3856,39
3857,36
3861,39
3861,40
3862,33
3863,36
3863,37
3863,38
3866,33
3867,39
3870,37
3871,33
3871,35
3871,36
3873,39
3873,40
3876,36
3877,33
3877,38
3878,37
3879,39
3883,34
3884,33
3885,36
3885,37
3889,33
3889,40
3890,10
3890,39
3891,38
3892,37
3893,36
3895,33
3895,34
3895,35
3895,40
3896,39
3900,38
3902,33
3903,37
3904,13
3904,36
3904,40
3905,39
3906,33
3908,2
3908,37
3909,34
3909,36
3909,40
3911,1
3911,7
3911,33
3912,38
3914,37
3914,39
3915,12
3915,36
3915,40
3916,23
3916,28
3919,33
3920,34
3920,35
3920,37
3920,38
3921,39
3921,40
3922,27
3922,36
3925,40
3927,33
3928,15
3928,38
3929,5
3929,35
3930,24
3930,36
3932,1
3932,6
3932,8
3932,11
3932,21
3932,34
3932,37
3932,38
3933,4
3933,29
3933,39
3934,3
3934,16
3934,32
3935,35
3935,40
3936,20
3936,25
3936,33
3937,3
3937,9
3937,19
3937,22
3937,24
3937,26
3937,31
3938,7
3938,14
3938,23
3938,37
3938,38
3939,2
3939,18
3939,30
3939,39
3940,17
3940,33
3940,34
3941,20
3941,22
3941,27
3941,32
3941,40
3942,36
3942,38
3943,3
3943,5
3943,13
3943,37
3944,12
3945,10
3945,11
3945,35
3946,1
3946,7
3946,16
3946,38
3947,6
3947,36
3947,39
3947,40
3948,33
3948,34
3948,37
3949,35
3950,14
3950,38
3952,4
3953,36
3954,38
3955,33
3955,37
3956,40
3957,39
3959,34
3959,36
3961,38
3961,40
3964,37
3966,36
3966,38
3967,33
3968,40
3971,36
3971,37
3972,38
3973,40
3976,36
3977,40
3978,33
3978,35
3978,37
3978,38
3981,36
3983,37
3985,39
3985,40
3986,33
3987,38
3988,37
3989,36
3990,40
3992,33
3993,38
3994,36
3995,37
3995,40
3997,33
3997,34
3998,21
4000,40
4001,33
4001,37
4003,28
4003,36
4005,38
4006,23
4008,35
4008,37
4008,39
4008,40
4009,2
4009,33
4010,1
4010,24
4010,38
4011,18
4011,22
4011,30
4011,36
4012,7
4012,34
4014,5
4014,33
4014,37
4014,39
4014,40
4015,32
4015,38
4016,12
4016,23
4017,29
4018,16
4018,33
4019,11
4019,36
4019,37
4020,9
4020,15
4020,38
4020,39
4021,10
4021,34
4021,40
4022,7
4022,33
4023,1
4023,3
4023,25
4023,35
4024,17
4025,37
4026,20
4026,36
4026,39
4027,8
4027,19
4027,27
4027,31
4027,38
4028,6
4028,14
4029,13
4029,33
4030,35
4030,37
4030,39
4030,40
4031,4
4031,34
4032,24
4032,32
4033,21
4033,36
4034,7
4035,3
4035,37
4035,39
4035,40
4036,33
4036,38
4037,22
4037,26
4039,20
4040,34
4041,33
4041,37
4041,39
4041,40
4044,36
4044,38
4045,40
4048,33
4048,39
4051,40
4052,37
4053,36
4054,33
4057,34
4057,39
4059,40
4060,33
4060,36
4065,36
4065,37
4066,38
4068,40
4069,33
4071,2
4072,36
4072,37
4074,33
4074,38
4075,34
4077,39
4082,33
4082,35
4082,38
4082,40
4085,11
4085,14
4085,29
4087,33
4087,37
4087,39
4088,34
4088,36
4088,38
4089,1
4089,16
4089,35
4090,32
4092,3
4092,25
4092,31
4092,33
4093,28
4094,5
4094,39
4095,1
4095,4
4095,9
4095,23
4095,34
4095,35
4095,36
4096,18
4096,24
4096,40
4097,27
4097,33
4097,37
4097,38
4098,7
4098,13
4098,30
4098,39
4099,6
4099,12
4099,20
4099,23
4100,2
4100,22
4101,17
4101,21
4101,34
4101,40
4102,1
4102,8
4102,33
4102,35
4102,36
4102,37
4102,38
4102,39
4103,7
4103,14
4103,15
4103,19
4104,5
4105,11
4105,32
4105,39
4107,4
4107,7
4107,10
4107,26
4107,29
4107,33
4107,34
4107,35
4107,37
4108,20
4108,31
4108,38
4108,40
4109,16
4110,36
4110,39
4111,3
4111,33
4111,37
4114,34
4116,33
4116,37
4116,38
4117,40
4118,39
4120,36
4120,38
4121,33
4123,37
4126,33
4126,34
4127,38
4127,39
4128,37
4129,40
4130,33
4134,33
4134,36
4136,37
4136,38
4138,34
4138,40
4140,33
4141,38
4142,37
4145,38
4147,33
4147,39
4148,37
4149,38
4150,34
4153,33
4153,38
4155,40
4156,36
4157,37
4158,38
4159,33
4161,34
4161,39
4165,37
4165,38
4166,33
4168,36
4170,35
4171,21
4172,24
4172,38
4173,33
4173,39
4174,34
4174,37
4175,7
4177,2
4177,32
4179,1
4179,20
4180,38
4181,12
4181,22
4181,23
4181,27
4181,29
4181,36
4182,3
4182,4
4182,5
4182,7
4182,13
4182,28
4182,33
4182,37
4182,40
4183,9
4183,14
4183,15
4183,16
4183,17
4183,39
4184,6
4184,11
4184,18
4184,19
4184,30
4184,34
4184,35
4184,38
4185,1
4185,20
4185,24
4185,31
4185,32
4185,37
4186,3
4186,8
4186,10
4186,21
4186,23
4186,25
4186,26
4186,33
4186,36
4186,40
4187,2
4187,7
4187,22
4187,27
4187,39
4188,5
4188,16
4188,29
4188,35
4189,1
4189,14
4189,20
4189,34
4189,37
4189,38
4190,6
4190,33
4191,24
4191,28
4191,30
4191,40
4192,23
4192,32
4192,36
4193,35
4193,39
4194,33
4195,37
4196,36
4197,40
4200,33
4201,36
4201,39
4203,37
4205,40
4206,33
4207,36
4207,38
4210,40
4212,33
4214,37
4214,40
4215,36
4218,33
4218,34
4219,38
4219,40
4222,39
4223,36
4224,37
4225,40
4227,39
4228,38
4229,33
4230,37
4231,36
4232,39
4232,40
4235,37
4237,39
4238,36
4239,33
4239,37
4239,38
4239,40
4245,39
4246,33
4246,37
4246,40
4247,36
4248,35
4252,39
4253,33
4253,36
4254,11
4255,1
4257,37
4258,24
4259,33
4259,35
4260,7
4260,12
4260,14
4260,32
4260,39
4261,4
4261,29
4261,36
4261,38
4262,16
4262,17
4263,9
4263,30
4264,3
4264,20
4264,26
4264,32
4264,34
4264,37
4264,39
4264,40
4265,19
4265,21
4265,23
4265,25
4265,31
4265,33
4266,6
4266,7
4266,8
4266,15
4266,18
4266,35
4267,1
4267,2
4267,10
4267,11
4267,22
4267,27
4267,36
4267,38
4268,5
4268,20
4268,28
4268,34
4268,37
4268,39
4269,13
4269,24
4269,32
4269,40
4270,3
4270,12
4270,14
4270,31
4270,33
4270,35
4271,7
4271,9
4271,23
4271,37
4272,4
4272,16
4272,39
4273,29
4273,38
4273,40
4274,3
4274,20
4275,37
4276,1
4276,2
4276,33
4276,35
4277,39
4278,34
4280,36
4281,33
4284,39
4285,37
4285,40
4289,33
4289,36
4289,38
4290,39
4292,37
4295,36
4295,39
4295,40
4299,33
4300,39
4303,37
4304,35
4304,36
4304,38
4304,39
4304,40
4310,36
4310,39
4311,37
4312,33
4312,38
4313,35
4313,39
4317,36
4317,37
4318,39
4319,34
4321,38
4322,40
4323,33
4323,39
4324,36
4325,7
4326,37
4328,36
4329,39
4330,40
4333,7
4333,36
4334,33
4334,37
4334,38
4335,39
4339,11
4340,36
4341,39
4343,37
4344,40
4345,36
4346,34
4346,38
4347,39
4348,33
4348,37
4352,1
4352,39
4354,35
4354,36
4354,37
4355,38
4356,5
4357,4
4357,13
4357,39
4359,21
4359,34
4359,36
4359,37
4360,6
4360,8
4360,33
4361,39
4361,40
4362,18
4363,2
4363,17
4363,19
4363,22
4363,30
4363,38
4364,10
4364,23
4364,28
4364,35
4364,36
4365,32
4365,33
4365,37
4366,12
4366,16
4366,27
4366,34
4366,39
4367,15
4367,20
4367,24
4367,38
4368,5
4368,7
4368,26
4368,31
4368,40
4369,3
4369,9
4369,11
4369,37
4370,1
4370,29
4370,33
4370,35
4370,39
4371,2
4371,18
4371,20
4371,25
4371,34
4371,36
4371,38
4372,7
4372,14
4374,4
4374,23
4374,33
4374,37
4374,39
4375,38
4375,40
4376,21
4376,32
4377,35
4378,34
4378,37
4379,33
4381,36
4383,38
4383,39
4385,33
4387,36
4387,37
4389,40
4391,33
4391,36
4392,37
4392,39
4395,35
4397,33
4397,36
4397,38
4398,37
4400,39
4400,40
4401,33
4403,37
4406,36
4407,33
4408,39
4409,38
4410,37
4413,33
4415,36
4416,40
4417,37
4418,33
4419,3
4420,1
4420,38
4422,39
4423,36
4423,40
4424,37
4425,33
4425,35
4425,38
4426,5
4429,33
4430,34
4431,38
4431,40
4432,37
4433,29
4433,36
4434,6
4435,33
4435,38
4436,40
4438,28
4439,36
4440,23
4440,33
4440,34
4441,38
4441,40
4443,15
4444,24
4445,16
4446,33
4446,38
4446,40
4447,30
4447,35
4447,39
4448,1
4448,2
4448,25
4448,34
4448,36
4448,37
4449,8
4449,11
4449,12
4449,20
4449,27
4450,14
4451,21
4451,33
4451,39
4452,3
4452,31
4452,32
4452,38
4453,7
4453,17
4453,20
4453,24
4453,29
4453,35
4453,37
4453,40
4454,16
4454,19
4454,34
4455,13
4455,18
4455,33
4456,3
4456,9
4456,20
4456,36
4457,4
4457,5
4457,6
4457,26
4457,32
4457,37
4457,38
4457,40
4458,22
4458,23
4459,10
4459,33
4459,35
4459,39
4460,34
4461,28
4461,37
4461,38
4462,7
4462,36
4464,14
4464,40
4465,38
4466,37
4467,20
4467,33
4469,38
4471,35
4472,37
4472,39
4474,40
4475,38
4477,36
4478,37
4480,33
4480,38
4483,37
4484,40
4485,38
4488,37
4489,33
4489,36
4490,39
4491,38
4492,34
4493,37
4496,33
4497,40
4498,35
4498,39
4500,36
4500,37
4500,38
4504,39
4507,33
4507,38
4507,40
4508,37
4509,39
4512,38
4515,39
4515,40
4516,36
4517,38
4518,35
4518,37
4521,1
4521,21
4521,38
4522,39
4524,37
4525,12
4525,33
4525,34
4525,38
4525,40
4527,36
4530,35
4531,2
4531,37
4531,38
4533,7
4533,39
4534,18
4534,34
4536,32
4536,36
4536,38
4536,40
4537,37
4538,13
4539,31
4539,33
4540,5
4540,22
4540,23
4541,8
4541,24
4541,38
4542,9
4542,20
4542,27
4542,29
4542,37
4542,39
4543,1
4543,6
4543,15
4543,36
4543,40
4544,4
4544,7
4544,14
4544,28
4544,30
4544,35
4544,38
4545,2
4545,11
4545,16
4545,17
4545,34
4546,3
4546,19
4546,21
4546,22
4547,20
4547,23
4547,25
4547,32
4547,33
4547,37
4547,39
4548,10
4548,24
4548,26
4548,35
4548,36
4548,40
4549,12
4549,13
4549,18
4549,38
4550,1
4550,34
4551,7
4551,37
4551,39
4552,5
4552,11
4552,33
4554,3
4554,14
4554,38
4555,6
4555,16
4555,31
4555,35
4555,40
4556,37
4557,34
4557,36
4558,38
4559,33
4559,39
4561,24
4563,37
4563,38
4565,33
4565,39
4565,40
4566,38
4569,36
4569,37
4570,38
4571,34
4572,33
4575,38
4575,39
4577,37
4579,33
4579,36
4580,38
4581,39
4584,33
4585,37
4585,38
4586,36
4589,33
4589,39
4591,38
4593,36
4595,33
4595,34
4595,39
4597,37
4597,40
4598,35
4598,38
4603,33
4603,38
4603,39
4604,40
4605,36
4607,38
4608,34
4609,27
4610,33
4611,36
4611,37
4611,39
4612,38
4615,33
4616,38
4617,36
4618,37
4618,39
4621,38
4622,33
4623,7
4623,39
4624,4
4624,34
4624,40
4625,36
4626,33
4627,38
4628,5
4628,37
4629,39
4631,33
4633,34
4634,29
4634,38
4635,2
4635,36
4635,37
4635,39
4636,1
4637,21
4638,33
4638,35
4639,11
4640,28
4640,38
4640,39
4640,40
4641,9
4641,36
4642,13
4643,32
4644,24
4645,22
4645,39
4646,23
4646,36
4647,20
4647,26
4647,34
4647,37
4647,40
4648,8
4648,14
4648,19
4648,38
4649,7
4649,10
4649,33
4649,35
4650,27
4650,30
4651,3
4651,16
4651,17
4651,25
4651,39
4652,1
4652,6
4652,12
4652,31
4652,32
4652,38
4653,15
4653,20
4653,29
4653,36
4653,40
4654,7
4654,14
4654,18
4654,23
4654,24
4654,34
4654,35
4654,37
4654,39
4655,3
4655,5
4655,11
4656,4
4656,9
4656,33
4656,38
4657,2
4657,21
4658,1
4658,31
4658,35
4658,39
4659,16
4659,22
4659,32
4659,34
4659,37
4663,20
4663,38
4664,33
4664,39
4664,40
4666,37
4668,36
4674,38
4675,33
4675,37
4675,39
4676,40
4677,36
4681,40
4684,38
4685,40
4686,33
4686,36
4687,37
4689,34
4689,39
4690,40
4691,38
4695,33
4695,40
4696,37
4696,38
4697,36
4699,7
4700,34
4700,38
4701,35
4703,40
4704,38
4708,13
4708,22
4708,33
4708,36
4708,37
4709,38
4711,39
4712,32
4712,34
4713,7
4713,40
4715,38
4717,37
4718,33
4721,28
4721,34
4723,33
4723,38
4723,40
4724,29
4724,37
4726,2
4726,17
4726,36
4727,38
4728,33
4729,21
4730,5
4730,10
4730,23
4730,39
4731,27
4731,34
4731,40
4732,30
4732,36
4732,38
4733,1
4733,12
4733,24
4733,32
4733,33
4734,35
4734,37
4735,11
4735,14
4735,39
4736,3
4736,15
4737,8
4737,18
4737,34
4737,38
4738,16
4739,7
4739,25
4739,31
4739,33
4739,35
4739,39
4740,14
4740,20
4741,19
4741,37
4741,40
4742,1
4742,6
4742,32
4743,3
4743,9
4743,29
4743,33
4743,38
4743,39
4744,4
4744,34
4745,23
4745,26
4745,37
4747,20
4747,33
4747,40
4748,35
4749,36
4749,38
4750,39
4751,37
4753,33
4753,40
4756,36
4757,38
4758,33
4759,40
4764,33
4764,35
4764,37
4765,40
4768,34
4769,36
4769,38
4770,33
4770,39
4774,36
4774,37
4776,33
4777,38
4777,40
4778,39
4781,37
4782,33
4782,36
4785,1
4787,40
4788,5
4788,39
4789,33
4790,38
4791,30
4791,37
4792,10
4792,34
4792,35
4792,36
4793,2
4793,40
4794,3
4794,39
4795,33
4795,38
4796,24
4800,38
4801,33
4801,36
4801,40
4802,35
4803,37
4803,39
4804,38
4807,36
4808,11
4808,38
4808,39
4811,7
4812,38
4814,36
4814,39
4814,40
4816,22
4816,27
4816,38
4817,21
4818,17
4818,33
4819,32
4819,37
4820,24
4820,35
4820,36
4820,38
4821,34
4822,15
4823,23
4823,28
4823,39
4824,33
4825,4
4826,8
4826,18
4826,20
4827,6
4827,40
4828,1
4828,9
4828,16
4828,19
4828,38
4829,5
4829,12
4829,13
4829,31
4829,34
4829,35
4830,3
4830,20
4830,22
4830,29
4830,32
4830,33
4830,36
4830,37
4830,39
4831,21
4831,23
4831,40
4832,4
4832,11
4832,38
4833,2
4833,35
4834,14
4834,24
4834,30
4834,33
4835,7
4835,39
4836,34
4836,40
4837,20
4837,25
4837,27
4837,36
4837,37
4837,38
4838,33
4839,6
4840,16
4840,32
4841,3
4843,38
4843,39
4844,33
4844,40
4845,35
4846,14
4846,36
4848,37
4849,26
4850,39
4850,40
4851,33
4851,38
4855,36
4857,37
4857,40
4858,39
4860,33
4860,38
4861,35
4863,1
4863,37
4864,36
4866,39
4867,33
4867,38
4867,40
4868,34
4868,37
4874,37
4875,33
4875,39
4876,38
4879,40
4881,37
4881,39
4883,33
4884,7
4884,40
4885,38
4886,24
4886,36
4889,37
4889,39
4889,40
4891,38
4892,33
4893,40
4896,13
4897,37
4899,38
4899,40
4900,39
4901,11
4901,20
4901,36
4902,21
4902,33
4902,34
4904,35
4906,2
4907,12
4907,28
4907,29
4908,40
4909,22
4909,37
4910,1
4910,15
4910,18
4910,33
4910,34
4910,35
4910,38
4910,39
4911,9
4911,13
4912,23
4912,25
4912,31
4913,5
4913,19
4913,36
4914,27
4914,37
4914,40
4915,16
4915,20
4915,39
4916,3
4916,4
4916,6
4916,7
4916,30
4916,33
4917,8
4917,17
4917,26
4917,32
4917,34
4918,10
4918,35
4918,40
4919,20
4919,37
4920,3
4920,14
4920,23
4920,38
4920,39
4921,2
4921,7
4921,9
4922,21
4922,24
4922,32
4922,36
4922,40
4923,39
4924,33
4924,34
4925,29
4925,35
4925,38
4926,1
4926,11
4927,37
4929,22
4929,39
4931,36
4931,40
4932,37
4933,33
4936,38
4938,34
4938,36
4938,39
4939,37
4942,40
4946,38
4947,39
4948,33
4948,36
4949,34
4952,37
4952,40
4953,38
4958,33
4958,36
4959,39
4960,40
4961,38
4962,34
4963,37
4966,35
4966,38
4968,36
4968,39
4969,1
4970,33
4971,37
4971,38
4976,36
4976,39
4977,37
4977,38
4979,14
4979,33
4979,34
4979,40
4980,4
4982,37
4983,38
4983,39
4985,5
4986,32
4986,37
4988,33
4988,34
4989,38
4990,1
4990,7
4990,39
4990,40
4991,37
4992,13
4993,23
4993,38
4995,8
4995,36
4995,39
4996,37
4997,27
4997,35
4997,38
4998,28
4998,40
4999,33
4999,39
5000,2
5000,18
