NaN,4.54948113660092e-05,0.000240207005413051,0.000803134878137546,0.000487808729784989,6.23134060294683e-05,0.00116476781678537,0.000927310569004081,0.00470003450371137,0.000917646649462811,0.000464658684918684,0.00128929799091071,0.00102311025324731,0.00416202498889551,0.0148338737070316,0.00502328723793471,0.01910204227417,0.0156199334048988,0.0128796183392725,0.00662425972535496
0.000294853586028321,NaN,0.00162735252598345,0.00230869738991391,0.00200925067619728,0.00160480162751775,0.00324398405436438,0.00124892477458471,0.000787518982851121,0.00176778687825718,0.00352754154457613,0.0041485434466304,0.0018832705795408,0.000726024446940032,0.00247786236179592,0.00338578215172364,0.0184124455136191,0.00131440452328901,0.0115825428216541,7.45297811777235e-06
0.00118200854850237,0.00272088657870645,NaN,0.00113159931083151,0.00252034915935956,0.00887569188168041,0.00074009833830152,0.000775830671160382,0.000185028326728065,0.00210103071366857,0.000755013433555773,0.000985814305126509,0.000457355310129304,0.000261428985933621,0.00320441816735251,0.00071993152895683,0.0109530804221599,0.000973607830298706,0.0219834399679115,0.000256540413581918
0.00153213014885367,0.00140732095357254,0.00357328775945037,NaN,0.000171161002370246,0.00160466216257577,0.00142160517397288,0.00515279737281221,0.00129828151436545,0.00684218784043589,0.00164038994425197,0.00325002763277704,0.00243508331288617,0.00300531008330507,0.00311241034050713,0.000543493306011333,0.0126254597782112,0.0134187595236961,0.000395880190679931,0.000830867733424445
0.000778034155423768,0.000266397146432118,0.00783750028909358,0.00100444901974422,NaN,0.0035166679559433,0.00168939366542242,0.00420360082119725,0.000502345602023335,0.000257448779900527,0.00785519325838857,0.00624322658994614,0.00530872105328672,0.000107264625912484,0.000153887454892476,0.00394323192997798,0.000842541549004594,0.0143917819195098,0.00969009959837691,0.0053166262239136
0.000357358640693139,0.00234423850253107,0.000594129657557674,0.00167920956053802,0.000455753690506322,NaN,0.00165481316750837,0.000470127987107494,0.000508595188613958,0.00117161735172433,0.000840846288118757,0.00132136847431752,0.0013091977455118,0.000865574574228589,0.00774211638055872,0.00374422482755332,0.000314601406432746,0.000261252548416524,0.0122159771023941,0.000328747947471508
0.00207381093891318,0.00292922628687087,0.00593651365719405,0.00731541332546298,0.00927460309603351,0.00155222807353411,NaN,0.00127564017319171,0.00665095199311477,0.000203870366570269,0.000101922201285298,0.00144216330432828,0.000221683952915275,0.00217741960149093,0.00101263835433785,0.00151576787327307,0.0211112817023721,0.014840613960043,0.00187223294166028,0.000341053734524588
0.000930477502087079,0.00154400023212037,0.00439434461751537,0.000322471209036834,0.00106838048277019,0.00132995284102688,0.000984137935372054,NaN,0.000377298474103616,0.000661296288862023,0.00299694183601684,0.00135161309583676,0.000862067754751394,0.00051011960044911,0.00248906243201324,0.0108262313517956,0.000937868239282436,0.00143347663265236,0.0191329477460611,0.00111768234987547
0.00303034747268083,0.000772505272905788,0.00181277728283685,0.000698658397880136,0.000859635378408552,0.0015157805933369,0.00456000594628098,0.000540837659963211,NaN,0.000140648656503706,0.00133263907173709,0.00196252674674363,0.000876463530786742,0.00443862326548944,0.00168694037816269,0.000981562169193484,0.0108998099778339,0.000932672309977178,0.018569101371583,0.00115505309071651
0.00125000184668017,0.000519047642119741,0.000485356658542435,0.000605573052369468,0.000225132401630468,0.00265291863442241,0.0013150253086015,0.000392057781721966,0.00174400122434792,NaN,0.000420287248504292,0.00107682452528007,0.00168750478703544,0.00371310724354335,0.000497648733427392,0.00137299968176019,0.000569057944269036,0.000973007033924556,0.000685148856233275,0.00109796417873992
0.000364393978027233,0.000411216600039621,0.000600001016552221,0.00503120803037771,0.000908530336420188,0.00623701892924944,0.00188855926275799,0.00167612071625223,0.00104270728334066,0.00145501072551235,NaN,0.00412846795223409,0.00929657554533614,0.00109194147703945,0.000641869391726002,0.00578253926795375,0.000678294100806276,0.00110485995543952,0.0152473046032847,0.00408879062569373
0.00276537679495675,0.00464488333546437,0.000341789986047669,0.0089871310271557,0.000725770536080528,0.0013747082977042,0.00523642025651655,0.000288034637221546,0.000775571436484046,0.000301016539490662,0.000709901937395341,NaN,0.000551138193751577,0.000405213064019694,0.00134482807742597,0.00101337705198179,0.0110962743964456,0.0134185111406496,0.000569697571880301,0.00223370847080417
0.000145270768643235,0.0026613933094114,0.00142281104241382,0.00169890999456934,0.000328198537262181,0.00357726471277764,0.0008124996573462,0.00397692031720726,0.00126551333619129,0.00604184589074891,0.00662601178626243,0.00167480099543615,NaN,0.00144742123255226,0.00100854879327816,0.000665735568227688,0.000351444428149827,0.00208286983541561,0.00107850484928257,0.000278924306103878
6.32144133941859e-05,0.000191842891473393,3.85346686426757e-06,0.000529662225703498,0.0020856589827693,0.00629740320653899,0.000419866433032601,0.00249331389499408,0.00257321795684012,0.003480448613978,0.00110216882785913,0.0016477156324321,0.0013534630994001,NaN,0.00274177525848018,0.000574124926440545,0.000284234867797217,0.000348432290191381,0.0151785569330378,0.00241301971479524
0.000345894023713156,7.08088011596164e-05,0.000414558139982313,0.00565543325734613,0.000818399984555129,0.00032008697522018,0.00123798205543346,0.000514422129556324,0.00220235305180022,0.00323532583181357,0.000272989413980074,0.000518925259944958,0.000698839876860979,0.000378277429077145,NaN,0.00325089100961362,0.000974041153774863,0.00641353507002485,0.0142729505981748,0.00285798350819189
0.00601756753531341,0.00426882460506911,0.00328727707827375,0.00218449034722218,0.000790173951195849,0.00172702673392627,0.00197246871948886,0.000811100626534778,0.00299469399856028,0.000488654607995909,0.00112584887235573,0.0014915690187034,0.000470986778571103,0.00190200121923534,0.0020693362759639,NaN,0.000405100746939113,0.00487869414426789,0.0119841872496868,0.00113342166982955
0.000355159330188787,0.000997162024076043,0.00277528099297777,0.00124505973479183,0.000990667776626958,0.000517777992475127,0.000947534114208753,0.00042253645941942,0.00150043650266174,0.00026036852905309,0.00149947581416676,0.00523946487631236,0.00396751919247781,0.000670666614437238,0.00106298703795429,0.000778786755031263,NaN,0.00556319215790019,0.000336242292842487,0.00529074780785282
0.000359549057339981,0.00115091069968462,0.00174800683625129,0.000955433594166388,0.000311373690843386,0.00126123468310954,0.00154430931678379,0.000977447387847968,6.58633740705239e-05,0.000894912426090327,0.000171650886007901,0.00368302015236202,0.000770969533790161,0.000577198557259878,0.000124059806411586,0.000580448656557597,0.000484700891868667,NaN,0.00294195181995902,0.00106689356899373
0.000857869991137128,6.29317015156949e-05,0.00179734311921972,0.00145936105937677,0.000690991706454203,0.00517661797441424,0.000151258686971967,0.000491798144809763,0.000382340864641145,0.000439046455817133,0.00156712761182246,0.00318396598164336,0.000359000529062153,0.00321788049141197,0.000360670787600437,0.000616154010315506,0.000645920237544673,0.000111627289436755,NaN,0.00179006523275668
0.00610317635115715,0.00212093069697411,0.0041956354784734,0.000496554051753917,7.07577267640702e-05,0.00191930427861103,0.00212195188826403,0.000319341882275948,0.000347704966238205,7.87892558166692e-05,0.000215394692044846,0.000654285487069473,0.000857689358629676,0.000820696792858733,0.000798269245268823,0.00255886614327916,0.00652490035038999,0.000576729487998251,0.00224802339870267,NaN
