NaN,0.000336295369903983,6.44711543623666e-05,0.000807583922130095,0.000967333310670115,0.00109309230297283,0.000909904777248061,4.18183416933116e-05,0.000117520332496457,0.000225990931766229,0.0008696645233085,0.00171190444901892,0.00367278709515795,0.00108972281348979,0.00243123339928264,0.000601273930515178,0.000107637535100291,0.00821105338703598,2.01785522006004e-05,4.18104342091441e-05
0.00113498842981263,NaN,0.000614963308035454,4.56864689968306e-08,7.7634626133305e-07,1.62014985022885e-05,0.000190862758305821,0.000800333038490919,3.28888070660893e-06,0.00102419867481851,2.77949200366834e-06,0.00250153526829688,0.000336611942400422,5.60876892811146e-05,0.000726993933237829,8.42188013802647e-05,2.71930000006471e-06,1.53647573114535e-05,0.000436323439872932,0.00425107374806372
0.000164007815474265,0.000390379562993093,NaN,1.73535419278892e-06,2.58656667797563e-05,0.000973312319121566,0.000313080748773065,0.000760790397039968,5.73833298190274e-05,2.60858859211233e-05,3.88114173723864e-05,0.000729999358039579,0.00120649574114184,0.000194803243967534,0.00549691756983545,0.000469211746222442,0.0124096536620731,5.13441423515837e-05,7.55295209435292e-05,9.55621398273654e-05
9.68839067305161e-05,0.000155762672067516,0.000410139514694818,NaN,3.63118998142342e-05,0.000353040907907831,0.000439192679855982,1.49678720579027e-06,0.00287712885084446,0.000709934752296582,0.00394577680978719,0.00247751416988151,0.000702156995780578,0.000535062340931147,0.00323282494316546,1.41902319039655e-06,4.12972832228298e-05,4.53259546653317e-05,9.6965739690813e-05,0.000573962559022756
0.000109578928976339,0.00255866667887772,0.000136760905963151,0.000961757140020114,NaN,0.000519381086120596,1.10975408373903e-05,0.0014923220002081,0.000157687788987781,1.99693208652318e-06,6.89741689521295e-05,0.000226287580633089,0.00613080668689864,2.39344424335375e-07,0.000452614692592113,0.000362424868900368,0.000401239433489298,0.00920796716650674,0.00124529800368961,1.21647583822271e-05
5.99596655551649e-05,6.10630718247962e-05,0.000153266658518392,0.000185037565119561,1.91000434512922e-06,NaN,0.0058526960848414,0.00409727512612096,0.0018620897732482,0.00069427780376341,0.000391899998642309,6.42725502886798e-05,0.00030431029764949,0.000324378102081024,0.00344604768828771,0.000166099488778326,0.000137654850110136,0.000705343379022783,0.000171718560876,3.1975346884372e-05
0.000170046287606196,0.000330144797263399,0.000244129058021347,0.000250894430519344,3.72299758918393e-05,0.00229264540511331,NaN,0.000133087167470347,0.000375536431944157,0.00124103975099471,3.57758385495233e-05,1.78450439258793e-07,0.000199244422161959,5.94951434657043e-06,0.000207333079201566,3.05331151023713e-06,0.000110123953462604,2.83665224155571e-05,0.000183143501079674,0.0001425693926419
9.39812309641574e-08,2.9742496987506e-06,0.000558150715376127,2.79055285190566e-06,1.40903905337941e-05,0.00026141807652319,0.00421074669537685,NaN,0.000427899911333962,0.000163237788022352,0.00200561119883175,0.000304866165692586,6.28706311867067e-06,3.90385817838901e-07,0.000267288395764564,7.9639875579518e-05,0.000250753915007784,7.98236128640717e-05,0.000364244187159746,0.0110551906205101
7.29782403631196e-05,6.43701388193252e-05,0.00109439679578899,2.97378325269659e-05,0.00180362390165872,3.31380965684636e-05,0.000145785046129721,1.55729905432223e-06,NaN,4.76998300040221e-05,0.000214581267235447,4.16056603744219e-05,0.00369633904874184,0.00034759532364953,1.2393110629394e-06,0.000314527931256359,0.000162927387468204,0.00626960783669622,3.67196799982983e-06,0.00407735174211432
0.00312326060946627,1.32495506427466e-06,1.82332953990172e-05,0.00367575321523583,0.000188113566512549,7.15378046712845e-05,3.97710299905873e-05,3.32315905227087e-05,0.00157205003267386,NaN,0.00187215837122201,0.000135859715883369,0.000873122955015682,2.75452183133296e-05,0.000163853799202196,0.000265059122033229,9.18442114836715e-05,0.00100273597977413,0.00185652210954884,0.000316158194919924
7.06188528487584e-07,6.38634162744012e-05,0.000875692164005848,0.00216119897343597,0.000627970021305158,0.00250872824745174,0.000326942676790842,0.000208616790425553,0.00214908839451239,4.32407835748716e-06,NaN,0.000264187628828405,0.00680197927628162,0.00317328071660511,0.000165377588241811,0.0001645515629905,6.75790406775012e-05,0.000805363762918343,0.0003295395850611,0.000373740130327649
0.00546010834421712,0.000118478230692776,0.000236212345916198,0.000797909901119165,0.000702024035474313,1.53412629966265e-06,0.000224365230273138,0.000460977546055674,0.000372905361620601,0.000799589812842671,0.000290049106871415,NaN,0.000964732175652516,8.39733033707324e-05,4.51320936334931e-05,5.49250378801824e-05,0.000375111772838777,0.00126524350657098,2.44683899655596e-05,4.47098564723136e-05
0.000153949729251368,0.000130632209178361,7.86569450731411e-05,0.00216933093386706,1.32000421271261e-06,2.76578295272945e-05,0.000126045330761382,0.000139377506834237,0.000106033050511489,0.000118913537013987,7.2985471853193e-05,0.000583651027118548,NaN,9.76633739774302e-06,1.14727447991791e-06,0.000264664148714733,0.000105981275430267,0.00848773957759169,0.000700145438196853,0.000149021739442146
0.00159649250293847,0.00459998104856363,9.2038997484889e-05,6.56520158650031e-05,9.8609740500355e-06,0.000756325752893194,5.57492037533414e-05,0.00281441357441597,7.67461549175952e-05,0.000482388980957649,2.93095867576199e-08,2.3012714232773e-05,0.000447259250980492,NaN,0.000127589827351005,5.97868397012036e-08,6.66642039014453e-05,1.20269633872017e-05,0.000400395697519929,1.30349057507195e-05
0.0027318627159863,0.00115758689501777,0.00019563039340309,5.3950977135786e-07,0.00278274940700129,0.000485393706946113,9.40954183981657e-05,0.00107545612961218,0.000620170624921701,1.26800154073847e-05,1.64004500324832e-06,3.52110767176672e-06,2.76683516957088e-05,0.000326468918622314,NaN,0.000674821720213326,2.82106157611928e-05,6.40034732287131e-05,9.35516986343421e-05,0.000100871416050419
8.55670572498801e-05,4.77091288591525e-05,0.000711805039303959,0.00517274306307713,1.92085308182155e-05,0.00242248664585254,5.00862995173046e-06,0.0027985131312715,4.33704747280217e-05,0.00675762352486065,0.00248869645290939,0.000142411096074213,0.000543646200375392,0.00123869111575531,0.000657648307286096,NaN,8.22899046756254e-05,0.0111344183346815,0.0123435419074074,7.55065601221183e-06
0.000220534403170963,2.77341794502617e-05,0.00268621726696193,2.89089790933977e-05,4.66809185047379e-05,2.01880731586362e-05,3.05668470413217e-05,1.10890859992135e-05,1.37807168999748e-06,0.000382922216125653,7.72719927268906e-05,1.14879459309769e-05,3.76355275627516e-06,6.31432174602597e-09,8.4606010065727e-05,0.000180318006556046,NaN,0.000409685028763956,0.000352626400435471,0.000258779106767998
0.000609947427265126,0.000134030672617805,5.32938422394581e-05,4.46174107073677e-07,0.000182687018684909,1.7277245934616e-06,4.35435825637404e-05,0.000250574693194731,8.28062198187027e-05,0.000239859182563182,0.000187969635899593,2.7971435675414e-05,0.000490830252991039,5.01849734247384e-05,0.000213415242929334,0.000794526362247524,2.53903770413115e-05,NaN,1.58545696077109e-05,1.93627688937145e-05
0.000102117320268671,3.83910528416187e-07,0.000220629408665039,0.000725386617086925,0.000146756554840137,4.29973252270149e-06,0.00147096272150316,2.56662718134473e-05,4.48403920031565e-05,5.21526277966894e-06,0.000221213916093123,1.73513541405976e-05,0.000282965204186338,0.000184641982690421,1.8361346236527e-05,0.000865716308467074,0.000239411709756845,4.86957837220192e-07,NaN,3.00069930529306e-05
0.000934280962974661,2.12176507206896e-06,0.000363381796764303,7.48470832457396e-05,1.92436902349269e-05,0.000440295495680212,0.000158763908703397,0.00248716005590589,6.9555863891041e-05,0.000171411628502052,0.000261283176197856,1.48831438221766e-05,0.000880488365716664,3.52843437759209e-07,4.48174113128197e-06,0.000136444161330448,0.000334462955988012,0.000231192139482778,1.29249412272256e-05,NaN
