8,26
9,5
9,20
9,38
10,1
10,4
10,16
10,17
10,32
10,34
11,2
11,3
11,6
11,10
11,11
11,15
11,21
11,27
11,28
11,30
11,31
11,35
11,36
11,37
11,40
12,7
12,8
12,9
12,14
12,18
12,19
12,22
12,23
12,24
12,25
12,29
12,33
12,39
13,2
13,12
13,13
13,16
13,20
13,31
13,32
13,34
13,37
13,38
13,40
14,1
14,3
14,4
14,5
14,6
14,8
14,10
14,11
14,15
14,17
14,19
14,25
14,26
14,27
14,28
14,30
14,35
14,36
14,39
15,7
15,14
15,21
15,22
15,33
15,34
15,37
15,38
16,2
16,5
16,6
16,9
16,10
16,12
16,16
16,18
16,19
16,24
16,26
16,28
16,29
16,32
16,35
16,36
16,39
16,40
17,3
17,13
17,15
17,17
17,20
17,23
17,25
17,27
17,31
18,4
18,6
18,8
18,10
18,16
18,19
18,28
18,33
18,34
18,35
18,36
18,37
18,38
18,39
18,40
19,2
19,7
19,14
19,18
19,21
19,22
19,24
19,29
19,30
20,1
20,11
20,25
21,5
21,9
21,12
21,33
21,34
21,36
21,38
22,4
22,22
22,31
22,35
22,37
22,39
22,40
23,13
23,16
26,19
26,34
27,35
27,36
27,37
27,39
28,38
31,33
34,34
36,39
37,36
38,37
40,35
42,34
44,37
46,36
47,35
48,39
51,34
53,38
53,39
54,35
57,36
59,39
61,35
62,33
63,39
65,37
67,39
70,36
71,35
72,39
73,37
77,33
78,38
79,34
79,39
81,36
86,36
86,37
87,35
87,39
93,38
96,39
97,33
97,35
97,36
99,37
99,40
104,36
106,33
108,37
108,39
110,36
111,35
111,40
113,33
115,34
116,36
119,33
120,36
123,37
123,39
124,35
124,36
125,38
126,2
128,36
131,33
132,35
133,36
133,40
134,39
135,5
136,37
136,38
138,34
139,36
140,33
141,23
144,34
144,36
145,27
145,35
145,37
146,16
146,33
147,12
147,21
148,20
149,3
149,25
149,32
149,34
149,39
150,24
150,36
150,37
150,40
151,10
151,14
151,16
151,30
151,33
151,38
152,2
152,6
152,7
152,11
152,15
152,18
152,29
152,31
152,35
153,8
153,9
153,19
153,26
153,28
153,34
154,1
154,4
154,13
154,17
154,22
154,27
154,33
154,37
154,38
154,39
154,40
155,3
155,6
155,7
155,10
155,16
155,21
155,25
155,31
155,36
156,2
156,12
156,15
156,19
156,34
156,35
157,5
157,11
157,14
157,18
157,20
157,23
157,24
157,28
157,29
157,32
157,33
157,36
157,38
157,39
158,7
158,10
158,16
158,30
158,37
158,40
159,3
159,6
159,9
159,22
159,26
159,27
160,4
160,8
160,17
160,25
160,31
160,33
160,34
160,35
160,36
160,38
160,39
161,2
161,5
161,11
161,13
161,14
161,19
161,28
161,37
162,1
162,15
162,22
162,40
163,12
163,21
163,37
163,38
164,19
164,33
164,34
164,36
164,39
165,35
166,2
169,34
170,37
171,40
173,34
174,36
175,33
175,37
178,34
178,38
183,35
183,37
184,34
185,33
186,36
191,35
192,34
192,37
194,33
194,38
194,39
199,35
200,34
200,37
200,39
202,36
207,35
208,39
209,37
211,36
213,34
214,38
216,39
217,35
219,36
221,37
222,38
225,33
226,34
226,36
228,39
229,35
232,36
234,34
234,39
236,35
236,36
240,33
240,38
241,34
241,36
241,39
245,36
246,35
246,39
247,37
250,18
252,36
253,35
253,37
253,39
254,34
254,38
261,5
261,33
261,36
262,39
263,35
263,37
264,22
264,24
266,34
267,4
268,38
269,12
269,36
269,37
269,39
270,20
270,35
270,40
271,16
271,19
273,39
274,10
274,37
275,6
275,28
275,34
275,36
276,2
276,15
276,29
277,3
277,33
277,35
277,39
278,1
278,30
278,37
279,7
279,14
279,31
280,21
280,25
280,26
280,38
281,11
281,16
281,17
281,34
281,36
281,40
282,8
282,9
282,13
282,22
282,23
282,27
282,33
282,37
282,39
283,2
283,5
283,19
283,32
283,35
284,7
284,10
284,12
284,36
284,38
285,6
285,18
285,20
285,24
285,25
285,28
285,29
285,34
285,39
286,3
286,4
286,15
286,16
286,22
286,31
286,33
286,37
287,14
287,27
287,30
287,35
287,36
288,19
288,28
288,34
288,38
288,39
288,40
289,1
289,2
289,10
289,11
289,21
289,25
289,26
289,32
289,37
290,5
290,9
290,33
291,34
292,8
292,12
292,16
292,19
292,22
292,23
292,35
292,36
292,37
292,38
292,39
292,40
293,2
295,36
296,38
297,35
297,39
298,37
299,33
301,36
304,34
305,35
306,37
308,36
311,35
312,34
314,38
315,39
316,36
316,37
320,34
321,35
324,36
325,37
330,37
334,34
334,37
336,33
336,38
337,39
338,36
338,40
343,33
344,37
345,36
346,39
346,40
348,38
350,35
351,36
353,34
353,40
356,37
356,39
360,34
360,36
361,35
361,38
363,33
367,34
367,39
369,35
371,37
375,33
376,36
378,34
378,35
380,40
381,38
381,39
385,35
386,33
386,36
388,6
390,35
392,34
393,18
393,39
394,36
394,37
395,4
395,12
395,28
395,33
395,35
396,24
396,25
397,20
397,31
398,16
398,27
398,34
399,10
399,14
399,17
399,21
399,32
399,38
399,39
399,40
400,1
400,3
400,5
400,8
400,15
400,19
400,22
400,28
400,33
400,35
401,2
401,6
401,7
401,11
401,23
401,25
401,29
401,36
401,37
402,4
402,9
402,13
402,26
402,30
402,34
402,38
402,39
402,40
403,12
403,14
403,15
403,16
403,18
403,19
403,20
403,22
403,24
403,27
403,28
403,31
403,33
403,35
404,2
404,3
404,5
404,10
404,17
404,25
404,32
404,36
404,37
404,38
405,1
405,6
405,7
405,8
405,16
405,21
405,28
405,33
405,34
405,39
405,40
406,11
406,18
406,19
406,22
406,27
406,29
406,31
406,35
406,36
406,38
407,2
407,4
407,9
407,15
407,23
407,24
407,26
408,13
408,14
408,30
408,33
408,34
408,37
408,39
409,5
409,10
409,16
409,22
409,25
409,35
409,36
409,38
409,40
410,3
410,19
411,7
411,12
411,28
411,34
412,35
412,36
412,37
412,38
414,39
418,35
418,36
419,34
419,38
420,37
422,36
424,37
426,38
427,35
427,36
428,34
431,36
432,37
433,35
436,36
437,34
441,38
442,36
443,34
445,33
447,35
447,40
448,34
449,36
452,39
453,34
453,35
454,33
454,37
458,34
461,35
461,37
462,33
463,34
464,38
466,36
470,33
471,5
471,35
471,36
473,34
474,39
475,36
476,38
478,35
479,33
480,36
480,39
483,35
484,36
484,39
485,34
489,35
489,36
489,39
492,37
493,38
494,34
495,33
496,35
496,36
497,39
500,36
502,34
502,35
502,39
505,33
505,36
510,34
510,36
510,39
512,35
514,20
515,33
515,36
517,39
519,34
519,36
520,32
520,37
522,1
522,2
524,36
524,39
525,34
525,37
525,38
526,16
526,19
526,25
527,33
527,35
528,3
528,11
528,12
528,14
528,24
529,7
529,30
529,36
530,6
530,18
530,21
530,26
530,27
530,28
530,29
530,34
530,37
530,40
531,4
531,8
531,9
531,10
531,15
531,17
531,22
531,31
531,38
531,39
532,2
532,5
532,13
532,14
532,16
532,19
532,23
532,25
532,33
532,35
532,36
533,3
533,7
533,12
533,28
533,32
533,34
533,38
533,40
534,1
534,6
534,10
534,11
534,20
534,24
534,27
534,29
534,37
534,39
535,2
535,15
535,16
535,18
535,21
535,22
535,25
535,31
535,33
535,36
536,4
536,17
536,19
536,26
536,34
536,35
536,38
536,39
537,5
537,8
537,14
537,28
537,30
537,37
537,40
538,2
538,7
538,9
538,33
538,36
539,6
539,10
540,3
540,12
540,34
540,37
540,38
540,39
541,25
541,40
542,13
542,16
543,23
544,33
544,36
545,37
545,39
546,34
546,35
549,40
552,36
553,35
556,39
559,37
560,35
563,34
563,36
567,35
567,39
571,37
572,34
573,35
577,37
581,39
582,36
582,37
583,35
584,33
586,34
591,36
591,37
593,38
596,34
596,35
601,33
602,34
605,5
606,39
608,34
608,37
609,35
609,38
609,40
615,34
616,36
617,37
617,40
619,22
619,35
620,34
624,39
625,34
625,38
628,35
628,37
630,12
630,34
630,36
632,33
635,20
635,38
636,2
637,34
639,33
639,39
640,16
640,36
640,37
641,5
641,40
642,35
644,34
644,38
649,33
651,39
652,18
655,6
655,35
655,38
656,9
656,37
657,15
657,23
658,4
658,10
658,11
658,24
658,27
658,29
658,40
659,19
659,28
659,34
659,35
659,36
660,1
660,8
660,13
660,17
660,21
660,22
660,25
660,31
660,32
660,33
660,38
660,39
661,2
661,3
661,7
661,12
661,14
661,16
661,26
661,30
661,37
661,40
662,4
662,5
662,6
662,15
662,27
662,34
662,38
662,39
663,9
663,10
663,11
663,18
663,19
663,20
663,24
663,25
663,29
663,33
663,35
663,36
663,37
664,3
664,8
664,22
664,28
664,31
664,32
664,40
665,2
665,7
665,14
665,16
665,17
665,23
665,34
665,38
666,1
666,6
666,21
666,33
666,35
666,36
666,37
666,39
667,11
667,13
667,15
667,19
667,30
668,4
668,5
668,10
668,25
668,27
668,40
669,2
669,22
669,36
669,38
670,12
670,19
670,34
670,37
670,39
671,26
671,28
671,33
672,40
673,31
673,35
674,36
676,34
676,37
678,36
680,35
681,37
683,39
683,40
684,34
684,36
686,35
688,36
692,35
693,37
694,36
694,39
697,34
697,35
699,36
703,35
703,36
705,39
706,34
708,40
710,36
710,37
711,33
711,35
712,34
717,34
717,37
718,33
722,35
722,36
722,37
724,34
725,40
727,37
728,39
730,38
731,34
731,35
732,37
736,34
737,37
740,35
740,39
741,36
742,34
744,37
745,33
746,35
746,36
750,36
752,35
752,38
754,36
754,39
756,33
757,22
757,36
761,36
762,33
763,35
763,38
763,39
765,12
765,18
765,36
765,37
766,16
766,34
768,36
768,39
769,3
769,20
769,33
770,35
771,28
772,2
772,14
773,36
773,37
774,6
774,33
774,34
774,39
775,1
775,16
775,21
775,25
776,23
777,5
777,7
777,11
777,32
777,36
777,38
777,39
778,2
778,10
778,24
778,26
778,27
778,34
778,35
778,40
779,9
779,15
779,19
779,25
779,29
779,31
779,33
779,37
780,8
780,16
780,30
780,38
781,4
781,12
781,13
781,28
781,34
781,36
781,39
782,3
782,6
782,10
782,17
782,20
782,22
782,33
782,35
782,40
783,5
783,18
784,7
784,14
784,19
784,25
784,36
784,37
784,38
784,39
785,2
785,27
785,34
786,21
786,31
786,35
787,15
787,24
787,33
787,39
788,36
788,37
789,5
789,38
790,34
790,40
791,39
793,35
795,36
795,37
797,34
800,39
801,35
802,36
804,34
806,37
807,36
808,33
808,39
810,35
812,36
814,34
817,36
819,33
819,37
820,38
821,34
822,36
824,35
827,39
828,34
831,35
831,36
834,33
836,34
836,36
837,38
838,37
839,36
839,39
840,33
845,36
847,33
848,34
848,38
848,39
849,5
849,36
852,36
853,35
854,37
855,39
856,34
858,36
860,35
861,37
863,5
863,38
865,34
865,36
866,33
866,35
866,37
870,22
871,36
872,35
873,34
873,39
874,16
874,38
875,12
876,33
877,28
877,29
877,36
878,32
878,37
879,6
879,20
880,3
880,25
880,27
880,34
880,35
880,39
881,1
881,18
881,33
882,2
882,7
882,11
882,14
882,16
882,23
882,36
882,37
883,15
883,19
883,26
883,31
883,38
884,9
884,10
884,24
884,28
884,30
884,34
884,35
884,39
885,2
885,3
885,4
885,8
885,12
885,13
885,16
885,17
885,21
885,32
885,33
885,37
885,40
886,5
886,6
886,22
886,25
886,27
886,36
887,7
887,10
887,11
887,18
887,19
887,29
887,34
887,35
887,38
887,39
887,40
888,1
888,2
888,14
888,15
888,20
888,24
888,28
888,30
888,31
888,33
889,4
889,5
889,23
889,26
889,32
889,36
889,37
890,13
890,16
890,21
890,34
890,38
890,39
890,40
891,6
891,8
891,9
891,12
891,17
891,19
891,22
891,25
891,33
892,2
892,3
892,10
892,35
892,36
893,15
893,37
893,39
894,19
894,22
894,33
894,38
895,7
895,25
895,28
895,31
895,34
898,33
898,35
898,36
898,39
899,37
900,40
903,37
905,33
905,39
907,38
908,35
908,37
913,33
914,39
915,35
915,37
918,34
918,38
922,37
924,36
925,34
926,35
928,38
930,37
933,33
933,34
933,35
933,39
935,38
941,37
941,38
942,35
946,38
946,40
947,34
949,36
950,33
950,39
955,38
956,4
956,39
957,36
958,33
960,35
960,38
967,37
967,38
969,36
969,39
971,35
974,36
975,38
976,33
977,35
978,34
978,36
979,24
981,36
983,35
985,29
985,36
987,12
988,35
989,5
989,36
990,16
990,33
990,40
991,38
992,18
992,39
993,23
993,34
993,36
994,2
994,27
995,10
995,20
995,33
995,35
996,32
996,37
997,3
997,6
998,1
998,9
998,16
998,22
998,30
998,38
999,34
999,36
999,37
999,40
1000,14
1000,15
1000,25
1000,33
1000,39
1001,7
1001,11
1001,13
1001,19
1001,28
1001,31
1001,35
1002,5
1002,38
1003,2
1003,17
1003,26
1003,37
1003,39
1004,8
1004,12
1004,21
1004,28
1004,33
1004,34
1004,36
1004,40
1005,19
1005,22
1005,27
1006,6
1006,24
1006,35
1007,38
1008,4
1008,10
1008,33
1008,34
1008,36
1009,18
1009,25
1009,39
1009,40
1010,35
1010,37
1011,31
1014,14
1014,34
1014,35
1014,36
1015,38
1017,33
1018,36
1019,37
1021,35
1023,36
1025,34
1027,37
1029,35
1029,36
1030,38
1030,39
1034,36
1035,38
1038,33
1039,36
1041,34
1041,38
1041,39
1043,35
1046,36
1050,35
1050,36
1052,33
1053,37
1053,38
1053,39
1054,16
1058,36
1059,34
1060,35
1060,37
1061,38
1066,36
1070,33
1070,38
1071,34
1072,35
1072,36
1072,39
1072,40
1077,36
1078,39
1082,12
1082,35
1083,36
1083,38
1083,39
1085,5
1085,29
1087,15
1087,37
1088,33
1088,36
1089,38
1090,2
1090,5
1090,9
1090,20
1090,21
1090,22
1090,28
1090,34
1090,35
1091,39
1092,7
1092,14
1092,23
1092,24
1093,4
1093,6
1093,8
1093,16
1093,25
1093,26
1093,31
1093,32
1093,34
1093,35
1093,36
1093,38
1094,1
1094,10
1094,11
1094,13
1094,19
1094,22
1094,37
1094,40
1095,2
1095,3
1095,5
1095,12
1095,15
1095,17
1095,18
1095,20
1095,27
1095,28
1095,33
1095,36
1096,21
1096,29
1096,30
1096,34
1096,35
1096,38
1096,39
1097,6
1097,7
1097,14
1097,16
1097,19
1097,23
1097,24
1097,25
1097,31
1097,32
1097,37
1097,40
1098,2
1098,9
1098,10
1098,11
1098,22
1098,26
1098,27
1098,28
1098,33
1098,36
1099,3
1099,4
1099,8
1099,13
1099,19
1099,35
1099,37
1099,38
1099,39
1100,1
1100,5
1100,15
1100,16
1100,18
1100,25
1100,34
1100,40
1101,6
1101,17
1101,20
1101,22
1101,30
1101,31
1101,33
1101,36
1102,12
1102,24
1102,29
1102,38
1103,2
1103,7
1103,14
1103,21
1103,28
1103,34
1103,35
1103,37
1103,39
1104,5
1104,10
1104,25
1104,32
1104,33
1104,36
1104,40
1106,34
1106,38
1107,39
1110,4
1110,39
1111,36
1113,33
1114,34
1114,35
1114,38
1114,39
1118,36
1120,39
1121,35
1125,34
1125,38
1129,39
1130,36
1131,37
1131,40
1133,33
1134,35
1139,34
1139,39
1142,33
1143,40
1145,37
1146,39
1147,36
1147,38
1149,33
1149,34
1152,35
1154,36
1154,39
1155,34
1160,33
1161,37
1161,39
1162,34
1162,35
1163,40
1165,36
1166,38
1170,35
1170,36
1171,34
1172,33
1174,39
1177,37
1178,34
1179,35
1179,36
1183,36
1184,37
1186,34
1186,39
1189,5
1189,33
1189,35
1189,36
1189,38
1192,39
1195,36
1195,37
1198,39
1199,38
1201,33
1201,37
1202,34
1203,35
1205,37
1208,37
1210,39
1211,34
1212,18
1212,35
1212,36
1212,37
1213,38
1215,3
1215,33
1216,37
1217,24
1218,35
1220,34
1220,38
1221,37
1222,1
1222,36
1226,37
1226,38
1227,35
1228,30
1228,33
1228,34
1228,39
1229,6
1230,2
1230,7
1230,23
1231,26
1231,37
1232,14
1232,38
1233,4
1233,13
1233,19
1233,22
1233,31
1233,35
1234,5
1234,10
1234,11
1234,12
1234,16
1234,20
1234,21
1234,25
1234,33
1234,36
1235,8
1235,9
1235,15
1235,17
1235,18
1235,27
1235,28
1235,32
1235,34
1235,37
1235,39
1235,40
1236,2
1236,3
1236,6
1236,19
1236,24
1236,29
1236,35
1236,36
1236,38
1237,1
1237,10
1237,14
1237,16
1237,22
1237,25
1237,26
1237,31
1237,33
1238,5
1238,7
1238,11
1238,12
1238,13
1238,20
1238,28
1238,30
1238,37
1239,2
1239,4
1239,15
1239,17
1239,21
1239,23
1239,27
1239,33
1239,34
1239,35
1239,36
1239,38
1239,39
1239,40
1240,3
1240,8
1240,9
1240,16
1240,19
1240,25
1240,29
1240,31
1240,32
1240,37
1241,6
1241,10
1241,14
1241,22
1242,2
1242,18
1242,24
1242,28
1242,33
1242,34
1242,35
1242,36
1242,37
1242,38
1243,12
1243,39
1243,40
1244,1
1244,5
1244,7
1244,15
1244,16
1244,19
1246,34
1246,36
1246,37
1247,38
1247,39
1247,40
1248,33
1253,36
1253,39
1254,33
1254,38
1257,37
1258,34
1261,39
1262,33
1263,35
1263,36
1264,34
1264,38
1270,36
1271,33
1271,34
1272,38
1273,39
1274,35
1279,34
1281,37
1283,34
1285,33
1285,35
1286,39
1287,36
1287,37
1290,34
1293,36
1293,37
1296,39
1297,34
1297,35
1297,36
1297,38
1301,37
1302,36
1303,34
1305,35
1307,37
1308,36
1309,34
1313,39
1314,35
1315,37
1316,36
1317,34
1317,38
1322,33
1322,36
1324,37
1325,34
1331,33
1332,35
1332,37
1332,39
1333,34
1333,40
1337,38
1338,33
1339,37
1340,36
1345,40
1346,33
1346,36
1347,35
1348,6
1348,34
1348,37
1349,16
1349,39
1350,2
1350,22
1352,5
1353,36
1353,37
1354,7
1354,15
1354,29
1354,38
1355,18
1355,19
1355,22
1355,24
1355,32
1355,33
1355,35
1356,12
1356,13
1356,20
1356,26
1357,3
1357,4
1357,10
1357,14
1357,25
1357,27
1357,28
1357,30
1357,34
1357,36
1357,39
1357,40
1358,2
1358,6
1358,8
1358,9
1358,11
1358,16
1358,17
1358,21
1358,31
1358,33
1358,38
1359,1
1359,12
1359,15
1359,19
1359,23
1359,34
1359,35
1359,36
1359,37
1360,5
1360,7
1360,14
1360,22
1360,25
1360,28
1360,29
1360,32
1360,33
1360,39
1360,40
1361,2
1361,3
1361,10
1361,20
1361,27
1361,38
1362,4
1362,16
1362,18
1362,24
1362,26
1362,31
1362,34
1362,36
1362,37
1362,39
1363,6
1363,8
1363,11
1363,13
1363,21
1363,25
1363,30
1364,1
1364,19
1364,22
1364,33
1364,35
1364,38
1364,40
1365,5
1365,28
1365,34
1365,36
1365,39
1366,15
1366,17
1366,37
1367,9
1367,10
1367,12
1367,25
1368,2
1368,36
1369,38
1369,39
1370,33
1370,37
1370,40
1371,34
1371,35
1372,36
1376,36
1377,40
1378,37
1380,33
1380,39
1382,36
1384,34
1384,35
1385,39
1388,36
1390,37
1390,39
1392,38
1395,33
1395,36
1396,39
1399,35
1402,33
1402,34
1402,37
1405,35
1408,39
1410,33
1412,40
1413,34
1413,35
1416,37
1417,36
1419,39
1420,38
1423,33
1424,35
1426,39
1428,37
1432,34
1432,39
1433,35
1433,40
1434,38
1438,34
1438,37
1440,38
1441,33
1441,36
1443,39
1448,35
1448,38
1450,34
1450,39
1454,23
1454,37
1455,38
1456,35
1458,34
1460,37
1462,4
1463,38
1464,34
1465,36
1466,20
1466,35
1467,18
1467,22
1467,33
1467,39
1467,40
1468,16
1468,38
1471,28
1472,11
1472,26
1472,36
1472,37
1473,34
1473,38
1474,19
1474,24
1474,35
1475,3
1475,7
1475,14
1477,5
1477,6
1477,10
1477,12
1477,17
1477,22
1477,31
1477,32
1477,39
1477,40
1478,2
1478,8
1478,16
1478,27
1478,34
1478,36
1478,37
1478,38
1479,1
1479,9
1479,15
1479,19
1479,21
1479,25
1479,29
1479,30
1479,33
1479,35
1480,11
1480,13
1480,14
1480,18
1480,20
1480,23
1480,28
1480,39
1480,40
1481,3
1481,4
1481,5
1481,6
1481,7
1481,22
1481,36
1482,2
1482,10
1482,12
1482,15
1482,16
1482,19
1482,24
1482,25
1482,26
1482,31
1482,32
1482,33
1482,34
1482,37
1482,38
1483,1
1483,8
1483,9
1483,11
1483,17
1483,21
1483,27
1483,28
1483,35
1483,36
1483,39
1483,40
1484,6
1484,13
1484,14
1484,18
1484,22
1484,29
1484,38
1485,2
1485,5
1485,7
1485,19
1485,30
1485,33
1485,34
1485,36
1485,37
1486,3
1486,4
1486,10
1486,16
1486,20
1486,25
1486,39
1487,15
1487,31
1487,35
1487,38
1488,12
1488,24
1488,28
1488,34
1488,36
1488,37
1488,40
1489,33
1489,39
1491,2
1493,34
1493,39
1494,36
1494,37
1494,38
1500,34
1501,36
1501,39
1502,35
1503,38
1504,37
1509,39
1510,34
1510,36
1516,37
1516,39
1517,36
1518,33
1519,38
1520,34
1520,35
1525,34
1525,37
1526,35
1527,36
1530,39
1532,37
1533,34
1533,38
1539,36
1539,37
1539,39
1541,40
1542,35
1545,34
1547,36
1547,37
1549,39
1550,38
1552,35
1555,37
1556,36
1556,39
1557,34
1558,38
1560,36
1562,33
1563,39
1565,36
1565,38
1566,35
1568,34
1571,33
1571,36
1572,35
1572,38
1573,39
1574,37
1575,16
1575,34
1578,35
1580,34
1580,38
1581,36
1581,37
1587,37
1588,33
1588,34
1589,5
1589,35
1591,25
1593,34
1593,39
1594,36
1594,37
1595,38
1595,40
1596,2
1596,6
1596,23
1597,21
1597,35
1599,36
1599,37
1600,20
1600,25
1600,32
1600,34
1600,39
1601,19
1601,29
1601,38
1602,2
1602,15
1602,22
1602,24
1602,30
1602,33
1603,4
1603,5
1603,16
1603,18
1603,31
1603,40
1604,1
1604,7
1604,8
1604,10
1604,14
1604,27
1604,34
1604,36
1604,39
1605,3
1605,6
1605,11
1605,13
1605,17
1605,26
1605,28
1605,33
1605,37
1605,38
1606,2
1606,9
1606,12
1606,15
1606,19
1606,22
1606,25
1606,35
1606,40
1607,16
1607,21
1607,32
1607,36
1607,39
1608,7
1608,18
1608,24
1608,28
1608,29
1608,31
1608,33
1608,34
1608,38
1609,10
1609,13
1609,14
1609,19
1609,20
1609,27
1609,30
1609,37
1610,3
1610,4
1610,5
1610,6
1610,8
1610,23
1610,35
1610,36
1610,40
1611,2
1611,11
1611,16
1611,22
1611,25
1611,33
1611,34
1611,38
1611,39
1612,15
1612,17
1612,28
1612,36
1612,37
1613,1
1613,12
1613,26
1614,19
1614,31
1614,35
1614,38
1615,9
1615,36
1615,39
1616,34
1616,37
1617,33
1621,36
1622,37
1623,40
1624,34
1624,35
1628,36
1629,38
1630,34
1630,39
1631,37
1635,37
1636,34
1638,36
1638,38
1638,40
1639,37
1643,38
1644,34
1645,37
1646,33
1649,34
1651,36
1652,38
1653,35
1653,37
1654,39
1656,36
1658,38
1660,34
1660,36
1660,37
1663,39
1665,34
1665,35
1665,36
1665,38
1669,37
1670,36
1671,34
1671,39
1673,38
1675,36
1679,33
1679,39
1680,34
1684,35
1684,36
1684,37
1686,34
1690,36
1690,37
1691,38
1696,36
1696,39
1697,35
1698,5
1699,34
1699,37
1701,36
1705,16
1705,36
1706,35
1706,37
1707,33
1707,39
1708,38
1709,34
1710,29
1710,36
1714,35
1714,36
1715,3
1715,38
1716,2
1716,33
1718,4
1719,36
1719,37
1720,24
1721,22
1722,5
1722,7
1722,34
1722,39
1723,18
1723,27
1723,35
1723,38
1723,40
1724,14
1724,17
1724,36
1724,37
1725,23
1725,32
1726,8
1726,10
1726,15
1726,21
1726,26
1727,6
1727,19
1727,20
1727,30
1727,34
1727,38
1728,1
1728,2
1728,9
1728,13
1728,16
1728,28
1728,31
1728,33
1728,35
1728,36
1728,37
1728,39
1728,40
1729,3
1729,5
1729,11
1729,12
1729,25
1729,29
1730,15
1730,17
1730,24
1731,2
1731,6
1731,7
1731,10
1731,14
1731,22
1731,27
1731,28
1731,33
1731,34
1731,36
1731,37
1731,38
1732,4
1732,19
1732,21
1732,23
1732,25
1732,35
1732,39
1732,40
1733,5
1733,31
1733,32
1734,8
1734,12
1734,16
1734,18
1735,9
1735,11
1735,19
1735,20
1735,26
1735,30
1735,33
1735,34
1735,36
1735,37
1735,38
1736,1
1736,10
1736,13
1736,22
1736,29
1736,35
1736,39
1736,40
1737,2
1737,28
1738,6
1738,34
1738,36
1739,16
1739,38
1740,3
1740,25
1740,39
1741,15
1741,33
1741,36
1742,35
1742,37
1745,39
1746,34
1748,36
1751,37
1752,34
1752,35
1753,39
1754,36
1758,39
1760,34
1761,36
1761,38
1762,33
1762,35
1765,39
1768,36
1770,35
1772,37
1773,33
1773,34
1776,38
1778,35
1778,36
1778,37
1781,33
1783,34
1787,37
1790,35
1790,36
1790,39
1791,38
1795,37
1797,39
1799,33
1801,35
1802,39
1806,34
1807,36
1807,39
1809,35
1809,37
1809,38
1815,36
1815,39
1817,37
1819,33
1819,35
1820,34
1821,36
1821,39
1823,5
1824,37
1825,12
1828,14
1828,20
1828,33
1828,36
1828,39
1828,40
1829,37
1830,2
1830,34
1831,38
1834,36
1835,22
1835,25
1835,37
1837,39
1838,18
1838,36
1838,38
1839,34
1839,35
1840,1
1840,7
1840,33
1841,24
1842,26
1842,36
1844,16
1844,34
1844,37
1845,4
1845,33
1845,38
1845,39
1846,17
1846,23
1847,22
1847,35
1847,36
1848,19
1849,6
1849,27
1849,32
1850,10
1850,21
1850,33
1850,38
1851,16
1851,28
1851,30
1851,31
1852,2
1852,8
1852,9
1852,15
1852,29
1852,34
1852,36
1852,37
1852,39
1853,3
1853,5
1853,11
1853,24
1853,40
1854,7
1854,12
1854,13
1854,19
1854,25
1854,33
1854,35
1854,38
1855,14
1855,28
1855,36
1856,6
1856,10
1856,22
1856,37
1856,40
1857,2
1857,27
1857,31
1857,34
1858,18
1858,33
1858,39
1859,4
1859,16
1859,38
1860,20
1860,35
1860,36
1860,37
1864,34
1864,37
1867,36
1868,37
1871,35
1872,38
1872,39
1873,37
1876,36
1878,35
1879,37
1883,35
1885,39
1886,37
1887,34
1888,36
1893,35
1893,37
1895,34
1897,33
1897,38
1898,39
1900,36
1906,37
1906,38
1907,5
1907,34
1908,36
1909,35
1911,22
1912,37
1913,39
1915,36
1917,38
1918,35
1919,37
1920,29
1920,34
1921,33
1926,36
1927,35
1929,21
1929,37
1929,40
1930,39
1931,33
1932,11
1932,26
1933,36
1934,39
1936,12
1936,38
1937,9
1937,34
1938,17
1938,35
1939,15
1939,16
1939,33
1940,2
1940,23
1940,36
1940,39
1941,3
1941,28
1942,4
1942,6
1942,7
1942,10
1942,19
1942,20
1942,25
1943,18
1943,24
1943,32
1943,33
1943,37
1943,38
1943,40
1944,1
1944,8
1944,13
1944,14
1944,16
1944,22
1944,27
1944,31
1944,34
1944,35
1944,36
1944,39
1945,2
1945,15
1945,19
1945,25
1945,26
1945,28
1945,30
1946,3
1946,6
1946,10
1946,11
1946,12
1946,33
1946,37
1946,38
1947,4
1947,5
1947,7
1947,9
1947,16
1947,17
1947,21
1947,29
1947,32
1947,34
1947,36
1947,39
1947,40
1948,2
1948,19
1948,22
1948,24
1948,31
1948,35
1949,8
1949,13
1949,14
1949,18
1949,20
1949,25
1949,27
1949,28
1949,36
1949,38
1949,39
1950,1
1950,10
1950,16
1950,23
1950,33
1950,34
1950,37
1951,5
1951,6
1951,11
1951,15
1951,30
1951,40
1952,19
1952,38
1952,39
1953,2
1953,12
1953,29
1953,35
1953,36
1953,37
1954,22
1954,25
1954,33
1954,34
1954,40
1956,39
1958,36
1960,39
1963,36
1965,33
1966,34
1966,37
1966,39
1967,36
1968,38
1971,36
1973,39
1976,36
1977,34
1977,39
1981,36
1982,33
1982,37
1983,34
1983,35
1983,39
1989,35
1989,36
1991,39
1996,35
1996,36
1996,39
1997,33
1999,38
2002,33
2004,39
2005,36
2005,38
2006,37
2008,33
2011,34
2015,35
2015,36
2015,37
2016,38
2017,5
2019,33
2022,37
2023,35
2024,34
2025,39
2026,36
2027,38
2032,35
2033,33
2034,40
2035,37
2037,34
2039,33
2040,39
2044,35
2044,36
2045,37
2048,33
2048,38
2048,39
2051,36
2054,34
2058,12
2058,39
2059,35
2060,33
2060,36
2062,18
2062,27
2063,20
2063,32
2063,37
2064,39
2065,3
2065,9
2065,16
2065,21
2065,26
2065,34
2065,40
2066,1
2066,4
2066,6
2066,10
2066,15
2066,28
2066,33
2066,38
2067,7
2067,11
2067,14
2067,19
2067,23
2067,24
2067,31
2067,35
2067,36
2068,2
2068,8
2068,13
2068,16
2068,17
2068,25
2068,29
2068,30
2068,34
2068,37
2068,39
2068,40
2069,4
2069,12
2069,27
2069,28
2069,33
2069,38
2070,3
2070,5
2070,9
2070,10
2070,19
2070,21
2070,22
2070,32
2070,36
2071,2
2071,6
2071,18
2071,24
2071,25
2071,34
2072,1
2072,7
2072,11
2072,14
2072,15
2072,20
2072,26
2072,31
2072,33
2072,35
2072,37
2072,39
2072,40
2073,13
2073,16
2073,19
2073,28
2073,29
2073,30
2073,36
2073,38
2074,5
2074,17
2074,22
2074,23
2075,2
2075,4
2075,10
2075,12
2075,27
2075,32
2075,33
2075,34
2075,37
2075,39
2076,8
2076,25
2076,35
2076,36
2076,38
2076,40
2077,16
2078,3
2078,6
2078,28
2078,37
2079,19
2079,34
2080,36
2081,22
2081,35
2081,37
2081,38
2081,39
2086,36
2086,37
2087,39
2089,38
2092,37
2093,36
2095,35
2096,38
2097,39
2099,36
2100,37
2106,33
2106,39
2107,34
2107,37
2107,38
2109,35
2109,36
2112,37
2115,34
2117,37
2119,35
2119,36
2119,38
2123,34
2123,37
2125,35
2131,36
2132,39
2133,35
2133,37
2135,33
2140,34
2140,39
2141,33
2141,36
2141,37
2144,35
2145,38
2146,37
2150,37
2151,38
2152,22
2152,39
2154,34
2154,35
2156,36
2157,37
2158,39
2159,5
2162,38
2163,37
2163,40
2165,24
2165,34
2165,36
2167,14
2167,39
2169,20
2169,37
2169,38
2170,33
2170,34
2171,2
2171,39
2174,36
2176,37
2176,39
2177,33
2177,34
2177,38
2178,35
2183,34
2185,38
2186,25
2186,35
2186,36
2186,39
2187,37
2188,16
2188,34
2189,3
2189,5
2191,37
2192,6
2192,18
2192,34
2193,10
2193,21
2193,36
2193,40
2194,2
2194,7
2194,15
2194,27
2194,28
2194,35
2194,39
2195,1
2195,13
2195,31
2196,9
2196,16
2196,17
2196,26
2196,29
2196,32
2196,33
2196,37
2196,38
2197,11
2197,12
2197,14
2197,19
2197,22
2197,23
2197,34
2197,36
2198,4
2198,6
2198,8
2198,24
2198,25
2198,30
2198,39
2198,40
2199,2
2199,3
2199,5
2199,7
2199,10
2199,15
2199,18
2199,27
2199,28
2199,33
2199,35
2199,38
2200,12
2200,16
2200,19
2200,20
2200,31
2200,34
2200,36
2200,37
2201,6
2201,9
2201,13
2201,14
2201,21
2201,22
2201,25
2201,29
2201,32
2201,39
2201,40
2202,1
2202,17
2202,28
2202,33
2202,38
2203,2
2203,11
2203,24
2203,26
2203,34
2203,35
2203,36
2203,39
2204,3
2204,4
2204,7
2204,8
2204,10
2204,19
2204,23
2204,25
2204,30
2204,37
2205,15
2205,27
2205,40
2206,5
2206,12
2206,16
2206,31
2206,34
2206,35
2206,36
2206,38
2207,18
2208,19
2208,22
2208,33
2208,37
2208,39
2210,25
2210,35
2210,36
2211,2
2213,34
2213,36
2214,37
2215,35
2217,38
2217,39
2218,36
2219,37
2222,36
2224,37
2225,35
2226,34
2227,36
2229,38
2231,36
2232,39
2234,37
2235,36
2238,38
2239,36
2241,37
2243,35
2244,36
2246,34
2246,37
2248,36
2248,39
2252,35
2252,37
2254,36
2258,33
2258,34
2258,38
2259,36
2259,39
2260,37
2266,34
2266,35
2267,33
2267,39
2268,36
2273,34
2273,39
2273,40
2274,36
2274,37
2275,33
2277,35
2280,34
2280,37
2282,39
2284,37
2286,38
2289,36
2290,37
2290,40
2291,33
2291,34
2291,35
2296,37
2297,36
2298,34
2298,39
2299,35
2304,22
2306,34
2306,36
2306,37
2307,12
2307,28
2307,35
2308,26
2309,4
2309,5
2309,19
2310,29
2310,37
2311,2
2311,3
2311,16
2311,18
2311,20
2311,23
2312,1
2312,6
2312,8
2312,9
2312,10
2312,14
2312,21
2312,22
2312,27
2312,28
2312,31
2312,32
2312,33
2312,34
2312,35
2312,36
2312,38
2312,40
2313,7
2313,11
2313,13
2313,15
2313,17
2313,24
2313,30
2313,37
2314,2
2314,3
2314,16
2314,19
2314,25
2314,26
2314,33
2314,38
2314,39
2315,4
2315,5
2315,6
2315,12
2315,14
2315,29
2315,31
2315,34
2315,36
2315,40
2316,10
2316,20
2316,22
2316,23
2316,24
2316,27
2316,28
2316,35
2316,37
2317,2
2317,7
2317,9
2317,17
2317,18
2317,33
2317,36
2318,8
2318,11
2318,15
2318,16
2318,21
2318,25
2318,32
2318,34
2318,38
2318,39
2319,1
2319,5
2319,13
2319,19
2319,31
2319,37
2319,40
2320,22
2320,28
2320,35
2320,36
2321,6
2321,12
2321,30
2321,33
2321,34
2321,38
2321,39
2322,2
2322,4
2322,7
2322,37
2322,40
2325,39
2326,36
2326,37
2327,35
2328,34
2333,37
2333,39
2334,36
2335,34
2338,35
2341,36
2341,39
2342,38
2343,37
2345,34
2346,36
2347,35
2350,37
2351,34
2351,36
2355,37
2357,36
2358,34
2359,35
2359,37
2359,39
2364,36
2365,33
2365,34
2365,37
2368,38
2371,37
2372,35
2372,40
2373,36
2373,39
2375,34
2376,33
2378,36
2379,37
2381,39
2382,34
2382,35
2386,36
2386,37
2386,38
2387,34
2388,40
2394,33
2394,34
2394,40
2395,36
2396,35
2396,37
2396,39
2397,12
2398,25
2401,40
2402,34
2402,35
2402,36
2402,38
2402,39
2408,37
2411,33
2411,34
2411,38
2411,40
2412,11
2414,36
2414,39
2419,2
2419,16
2420,40
2421,34
2421,36
2422,21
2422,38
2422,39
2423,5
2423,19
2423,33
2423,37
2424,35
2425,20
2426,24
2426,28
2427,13
2427,26
2428,15
2428,18
2429,6
2429,10
2429,16
2429,34
2429,36
2429,38
2429,40
2430,3
2430,8
2430,14
2430,17
2430,22
2430,23
2430,25
2430,30
2430,31
2430,37
2430,39
2431,7
2431,9
2431,27
2431,29
2431,33
2431,35
2432,1
2432,2
2432,4
2432,19
2432,28
2432,32
2432,36
2432,38
2433,5
2433,10
2433,11
2433,12
2433,15
2433,20
2433,22
2433,25
2433,34
2433,37
2433,40
2434,3
2434,6
2434,8
2434,14
2434,16
2434,24
2434,31
2434,33
2434,39
2435,2
2435,18
2435,19
2435,26
2435,36
2435,38
2436,7
2436,13
2436,21
2436,23
2436,27
2436,28
2436,32
2436,34
2436,37
2436,40
2437,4
2437,10
2437,17
2437,22
2437,29
2437,30
2437,33
2437,35
2438,5
2438,15
2438,16
2438,25
2438,38
2438,39
2439,6
2439,11
2439,12
2439,19
2439,34
2439,36
2439,37
2440,9
2440,33
2440,35
2440,40
2441,39
2442,2
2443,36
2443,37
2443,38
2445,39
2446,4
2447,36
2449,33
2449,35
2450,39
2451,36
2451,37
2453,38
2454,34
2454,36
2457,39
2458,36
2461,35
2461,36
2462,33
2463,37
2464,34
2464,39
2466,36
2468,37
2471,35
2471,36
2472,37
2473,33
2473,34
2475,38
2479,36
2479,37
2480,33
2482,39
2483,34
2484,37
2485,36
2485,38
2486,35
2490,36
2490,37
2493,33
2494,37
2495,35
2495,36
2495,39
2500,34
2500,37
2500,38
2503,36
2505,33
2509,35
2510,37
2513,34
2514,36
2514,37
2516,35
2518,37
2519,39
2520,36
2521,22
2521,38
2522,35
2524,37
2525,36
2525,39
2526,35
2528,38
2530,36
2531,33
2531,37
2532,39
2533,35
2538,37
2539,35
2541,34
2541,36
2542,40
2543,25
2543,29
2544,39
2545,18
2545,38
2546,35
2546,36
2548,1
2548,27
2549,2
2549,5
2549,24
2549,28
2549,33
2549,34
2551,3
2551,7
2551,12
2551,16
2551,32
2551,36
2551,37
2552,6
2552,9
2552,14
2552,15
2552,19
2552,22
2552,31
2552,34
2552,38
2552,39
2552,40
2553,21
2553,25
2553,26
2553,35
2554,10
2554,20
2554,23
2554,33
2554,36
2554,37
2555,2
2555,4
2555,5
2555,7
2555,8
2555,11
2555,13
2555,17
2555,18
2555,30
2555,38
2556,3
2556,16
2556,19
2556,28
2556,34
2556,39
2557,6
2557,24
2557,27
2557,31
2557,32
2557,33
2557,35
2557,36
2557,37
2557,38
2557,40
2558,1
2558,10
2558,12
2558,13
2558,15
2558,22
2558,25
2559,2
2559,11
2559,14
2559,17
2559,21
2559,29
2560,5
2560,20
2560,26
2560,30
2560,34
2560,36
2560,38
2560,39
2561,4
2561,7
2561,9
2561,16
2561,19
2561,25
2561,28
2561,33
2561,37
2561,40
2562,8
2562,10
2562,18
2562,24
2562,31
2562,32
2562,35
2563,2
2563,3
2563,12
2563,22
2563,23
2563,34
2563,36
2564,6
2564,13
2564,19
2564,33
2564,37
2564,38
2565,16
2565,39
2565,40
2566,4
2566,27
2566,35
2567,36
2568,33
2569,34
2569,37
2570,29
2571,39
2572,35
2574,36
2574,37
2575,34
2576,39
2579,37
2580,35
2580,39
2584,38
2585,37
2586,35
2586,36
2586,39
2589,34
2592,35
2592,37
2595,34
2597,37
2598,33
2599,35
2599,39
2600,34
2600,38
2602,37
2606,34
2607,37
2608,35
2611,39
2612,34
2612,37
2613,33
2614,35
2618,34
2619,35
2619,36
2620,37
2626,35
2626,39
2628,37
2628,40
2629,34
2633,37
2633,38
2635,35
2636,34
2636,39
2640,37
2643,35
2643,36
2643,39
2645,34
2646,37
2648,38
2652,37
2653,36
2656,39
2657,14
2657,22
2657,38
2658,30
2658,34
2658,35
2660,5
2660,37
2663,33
2663,40
2664,37
2665,36
2668,34
2670,38
2670,39
2675,18
2675,35
2675,37
2679,6
2679,28
2679,37
2679,38
2679,39
2680,1
2680,16
2680,26
2680,34
2680,36
2681,35
2682,24
2683,12
2684,2
2684,7
2684,16
2684,19
2684,36
2684,39
2684,40
2685,10
2685,23
2685,33
2685,34
2686,3
2686,17
2686,20
2686,25
2686,29
2686,38
2687,9
2687,15
2687,21
2687,27
2687,31
2687,35
2688,2
2688,4
2688,8
2688,11
2688,19
2688,22
2688,36
2688,37
2688,39
2689,5
2689,6
2689,28
2689,30
2689,32
2689,33
2689,34
2689,38
2690,1
2690,7
2690,10
2690,13
2690,14
2690,16
2690,25
2690,35
2690,40
2691,12
2691,20
2691,23
2691,24
2691,29
2692,2
2692,3
2692,9
2692,15
2692,18
2692,19
2692,33
2692,34
2692,36
2692,37
2692,38
2692,39
2693,4
2693,6
2693,10
2693,11
2693,16
2693,25
2693,27
2693,31
2693,40
2694,17
2694,21
2694,22
2694,28
2694,35
2695,5
2695,26
2695,32
2695,34
2695,36
2695,37
2695,38
2695,39
2696,2
2696,8
2696,14
2696,19
2696,33
2696,40
2697,7
2697,20
2697,25
2698,11
2698,35
2699,31
2699,33
2699,38
2700,34
2700,37
2700,39
2700,40
2703,36
2704,35
2708,37
2709,36
2709,38
2710,35
2712,34
2714,36
2715,35
2717,37
2717,38
2720,35
2722,34
2722,36
2724,38
2725,35
2725,37
2730,34
2730,35
2730,36
2731,37
2731,38
2738,33
2738,35
2739,36
2740,37
2742,39
2745,35
2746,38
2747,36
2749,34
2753,36
2754,33
2754,35
2755,38
2756,39
2757,37
2762,37
2763,33
2763,40
2764,34
2764,36
2767,38
2769,35
2769,37
2771,34
2773,37
2775,36
2776,34
2778,33
2778,35
2779,36
2779,37
2781,22
2782,3
2782,34
2784,36
2786,35
2786,37
2787,12
2789,22
2790,30
2790,33
2790,38
2791,36
2792,18
2792,34
2792,37
2792,39
2793,6
2794,5
2794,14
2794,29
2796,33
2796,37
2797,2
2797,15
2797,27
2797,34
2797,35
2797,36
2798,4
2798,5
2798,10
2798,20
2798,21
2798,25
2798,38
2798,40
2799,13
2799,24
2800,28
2800,31
2800,34
2800,36
2800,37
2800,39
2801,16
2801,19
2801,26
2801,32
2801,33
2801,38
2802,2
2802,7
2802,8
2802,25
2802,35
2803,3
2803,40
2804,6
2804,10
2804,17
2804,27
2805,1
2805,5
2805,15
2805,18
2805,19
2805,23
2805,34
2805,37
2806,9
2806,22
2806,33
2806,35
2806,36
2806,38
2806,39
2807,11
2807,16
2807,24
2807,40
2808,2
2808,25
2808,28
2808,31
2809,7
2809,29
2809,34
2809,37
2810,12
2810,14
2810,20
2810,30
2810,40
2811,4
2811,19
2811,32
2811,33
2811,36
2811,38
2811,39
2812,35
2813,13
2813,16
2813,21
2813,34
2814,37
2815,22
2817,34
2817,35
2818,40
2819,33
2819,36
2819,39
2820,37
2825,33
2825,36
2827,34
2827,37
2829,35
2830,39
2832,34
2835,35
2835,37
2837,36
2839,34
2840,38
2841,35
2843,36
2843,37
2845,33
2848,36
2849,34
2849,35
2849,39
2854,36
2855,34
2857,38
2859,35
2859,39
2860,36
2860,37
2860,40
2864,33
2866,34
2866,37
2866,39
2868,36
2872,35
2873,36
2873,37
2874,39
2880,40
2881,36
2881,38
2882,33
2882,39
2883,37
2884,12
2888,40
2889,18
2889,36
2890,33
2890,37
2890,39
2892,26
2893,34
2893,38
2894,35
2896,36
2897,2
2898,5
2898,34
2898,39
2900,36
2901,16
2902,3
2902,7
2902,35
2903,6
2903,20
2903,23
2903,29
2903,34
2904,1
2904,10
2904,33
2904,36
2904,37
2904,38
2905,11
2905,27
2905,28
2905,32
2905,39
2905,40
2906,2
2906,15
2906,16
2906,22
2906,25
2906,31
2906,35
2907,4
2907,9
2907,14
2907,19
2907,21
2908,8
2908,24
2908,34
2908,36
2908,37
2908,38
2908,39
2908,40
2909,2
2909,6
2909,13
2909,17
2909,18
2909,26
2909,28
2909,29
2909,30
2909,32
2909,33
2909,35
2910,3
2910,5
2910,7
2910,10
2910,11
2910,12
2910,16
2910,20
2910,22
2910,25
2910,31
2911,6
2911,13
2911,15
2911,19
2911,27
2911,33
2911,34
2911,36
2911,37
2911,38
2911,39
2912,1
2912,2
2912,14
2912,17
2912,21
2912,22
2912,23
2912,28
2912,29
2912,32
2912,35
2912,40
2913,4
2913,8
2913,9
2913,10
2913,12
2913,18
2913,24
2913,30
2914,3
2914,5
2914,7
2914,11
2914,16
2914,19
2914,25
2914,26
2914,31
2914,33
2914,34
2914,36
2914,37
2914,38
2914,39
2915,15
2915,20
2915,22
2915,28
2915,35
2915,40
2916,2
2916,6
2916,13
2916,14
2916,27
2916,29
2917,10
2917,12
2917,17
2917,21
2917,34
2917,36
2917,37
2917,39
2918,33
2918,38
2918,40
2919,25
2920,35
2921,19
2922,36
2922,39
2925,37
2928,38
2930,39
2931,35
2932,37
2936,38
2936,39
2937,36
2938,37
2942,35
2942,37
2943,39
2945,38
2947,37
2951,34
2951,39
2952,37
2952,38
2954,36
2955,35
2957,37
2961,36
2962,35
2962,38
2963,37
2963,39
2967,37
2970,34
2970,36
2971,38
2972,37
2974,35
2975,37
2977,40
2978,33
2980,37
2982,34
2982,35
2983,39
2985,33
2986,37
2987,38
2989,35
2990,37
2994,37
2994,38
2996,33
2996,34
2998,35
3000,37
3000,38
3002,33
3003,24
3006,34
3006,35
3006,37
3006,38
3007,39
3008,33
3009,4
3013,33
3014,35
3014,37
3014,38
3015,40
3016,39
3019,25
3019,36
3020,37
3021,35
3021,38
3023,33
3023,39
3025,37
3026,34
3030,35
3030,37
3034,36
3034,38
3036,34
3037,5
3040,1
3040,16
3040,35
3040,36
3040,37
3042,2
3042,6
3042,20
3042,40
3043,34
3043,39
3044,7
3044,33
3044,38
3045,3
3045,14
3045,23
3045,32
3046,15
3046,22
3046,28
3046,36
3046,37
3047,26
3048,8
3048,9
3048,11
3048,12
3048,16
3048,18
3048,19
3048,25
3048,27
3048,31
3048,34
3048,38
3049,10
3049,13
3049,24
3049,29
3049,30
3049,33
3049,40
3050,2
3050,3
3050,4
3050,5
3050,6
3050,7
3050,17
3050,19
3050,21
3050,22
3050,28
3050,35
3050,36
3050,37
3050,38
3050,39
3051,1
3051,14
3051,15
3051,16
3051,20
3051,25
3051,31
3051,32
3051,34
3052,8
3052,10
3052,11
3052,12
3052,18
3052,27
3052,33
3052,36
3052,37
3052,38
3052,40
3053,2
3053,6
3053,7
3053,9
3053,19
3053,22
3053,23
3053,24
3053,26
3053,28
3053,34
3053,35
3053,39
3054,16
3054,25
3054,29
3054,30
3055,3
3055,5
3055,15
3055,17
3055,19
3055,21
3055,31
3055,33
3055,36
3055,37
3055,38
3056,4
3056,10
3056,13
3056,22
3056,34
3056,35
3056,39
3056,40
3057,2
3057,6
3057,12
3058,27
3058,28
3058,36
3058,38
3059,14
3059,18
3060,33
3060,35
3060,37
3060,39
3062,34
3063,40
3065,37
3068,39
3069,36
3070,34
3070,35
3071,37
3075,35
3077,36
3077,37
3078,33
3078,34
3083,33
3083,35
3083,37
3089,33
3089,37
3089,39
3090,34
3093,35
3095,36
3097,34
3098,37
3101,33
3101,36
3101,38
3106,39
3107,35
3107,36
3107,40
3111,5
3113,36
3113,39
3114,38
3115,34
3115,37
3115,40
3118,33
3119,36
3120,34
3123,37
3123,39
3124,36
3128,36
3129,33
3129,35
3130,34
3130,38
3133,36
3135,37
3136,39
3138,36
3138,38
3139,35
3144,36
3145,34
3145,38
3148,33
3149,36
3149,39
3153,34
3154,38
3155,36
3160,38
3161,35
3161,36
3162,16
3162,34
3163,33
3164,29
3165,2
3165,36
3166,22
3167,39
3168,34
3168,37
3169,5
3169,7
3169,21
3169,28
3169,36
3169,38
3169,40
3170,3
3170,35
3171,11
3171,15
3171,25
3171,26
3171,30
3171,33
3172,14
3172,34
3172,36
3172,37
3173,38
3173,40
3174,6
3174,12
3174,18
3174,23
3174,31
3174,39
3175,4
3175,8
3175,17
3175,32
3176,1
3176,2
3176,9
3176,10
3176,19
3176,20
3176,37
3176,38
3177,5
3177,13
3177,24
3177,25
3177,27
3177,33
3177,35
3177,36
3178,7
3178,12
3178,15
3178,16
3178,22
3178,28
3178,34
3178,39
3178,40
3179,6
3179,11
3179,30
3179,37
3179,38
3180,2
3180,3
3180,4
3180,14
3180,18
3180,19
3180,23
3180,36
3181,31
3181,39
3182,5
3182,10
3182,25
3182,29
3182,33
3182,35
3182,38
3182,40
3183,1
3183,9
3183,21
3183,26
3183,27
3183,32
3183,34
3183,37
3184,12
3184,16
3184,17
3184,24
3184,36
3185,39
3186,2
3186,22
3186,34
3186,35
3186,37
3186,38
3186,40
3187,20
3187,28
3188,19
3188,33
3189,36
3190,34
3192,39
3193,37
3194,36
3196,34
3198,36
3198,37
3199,35
3200,33
3202,38
3205,36
3207,34
3207,37
3208,40
3210,33
3211,39
3216,36
3217,40
3218,33
3218,39
3220,37
3221,36
3223,38
3225,35
3225,36
3228,34
3230,36
3233,33
3234,35
3234,36
3234,37
3235,38
3235,39
3239,5
3240,36
3240,37
3241,38
3243,34
3243,39
3245,33
3247,36
3247,38
3252,36
3253,37
3253,38
3254,22
3254,33
3255,39
3257,5
3258,34
3258,38
3259,35
3259,36
3260,37
3261,39
3264,38
3265,39
3266,36
3268,18
3268,37
3270,35
3270,39
3271,38
3273,33
3273,36
3274,34
3275,4
3275,37
3278,38
3279,39
3280,36
3284,35
3284,39
3285,36
3286,16
3286,37
3286,38
3288,33
3290,34
3290,35
3290,36
3292,39
3296,36
3297,35
3298,34
3298,37
3298,38
3298,39
3299,12
3300,8
3301,5
3302,20
3302,33
3303,3
3303,6
3303,7
3303,29
3303,36
3303,37
3304,28
3304,39
3305,2
3305,14
3305,15
3305,23
3305,24
3305,25
3305,32
3305,34
3305,40
3306,1
3306,10
3306,11
3306,13
3306,17
3306,21
3306,22
3306,26
3306,27
3306,31
3306,35
3306,38
3307,9
3307,16
3307,19
3307,30
3307,33
3307,36
3307,37
3307,40
3308,2
3308,3
3308,4
3308,5
3308,6
3308,8
3308,12
3308,15
3308,24
3308,25
3308,34
3308,39
3309,7
3309,14
3309,18
3309,20
3309,28
3309,29
3309,32
3309,35
3309,38
3310,6
3310,10
3310,11
3310,17
3310,22
3310,23
3310,27
3310,31
3310,33
3310,36
3310,37
3311,2
3311,12
3311,13
3311,16
3311,19
3311,21
3311,25
3311,26
3311,34
3311,39
3311,40
3312,1
3312,3
3312,4
3312,5
3312,9
3312,15
3312,28
3312,38
3313,7
3313,19
3313,24
3313,30
3313,33
3313,34
3313,35
3313,36
3313,40
3314,2
3314,8
3314,10
3314,16
3314,22
3314,29
3314,31
3314,37
3314,39
3315,6
3315,14
3315,18
3315,20
3315,25
3315,38
3316,33
3316,34
3316,36
3317,12
3317,35
3317,37
3317,39
3318,22
3318,28
3318,40
3319,38
3320,34
3323,36
3324,33
3324,37
3324,40
3325,34
3325,38
3327,39
3330,35
3331,34
3332,33
3332,37
3332,38
3335,40
3337,34
3338,33
3338,36
3339,38
3340,35
3340,37
3344,37
3345,34
3347,38
3348,33
3348,35
3349,37
3351,34
3351,36
3354,37
3355,36
3358,38
3359,36
3359,37
3360,33
3365,35
3365,37
3366,34
3366,36
3366,38
3368,39
3370,37
3372,36
3375,37
3376,33
3376,38
3380,34
3380,37
3381,36
3383,35
3383,40
3384,37
3386,36
3387,34
3389,36
3389,37
3390,38
3393,34
3393,36
3397,37
3398,36
3399,38
3401,39
3402,34
3404,36
3405,35
3407,38
3408,33
3409,34
3409,37
3410,36
3414,36
3415,34
3416,38
3418,36
3419,37
3419,39
3422,36
3425,35
3425,36
3425,38
3426,18
3428,29
3428,33
3428,36
3429,37
3430,12
3430,34
3430,38
3430,39
3432,36
3433,23
3435,35
3436,16
3436,27
3436,36
3437,5
3437,28
3437,34
3437,38
3437,39
3438,1
3438,7
3439,9
3439,32
3439,33
3439,36
3439,40
3440,2
3440,6
3440,15
3440,20
3440,21
3440,24
3440,37
3441,12
3441,14
3441,26
3441,38
3441,39
3442,3
3442,11
3442,19
3442,34
3443,2
3443,4
3443,10
3443,16
3443,17
3443,22
3443,25
3443,30
3443,31
3443,33
3443,36
3443,37
3444,8
3444,13
3444,35
3444,40
3445,5
3445,6
3445,7
3445,18
3445,24
3445,28
3445,29
3445,34
3445,38
3445,39
3446,2
3446,15
3446,19
3446,21
3446,25
3446,27
3446,33
3446,36
3447,3
3447,20
3447,32
3447,37
3448,10
3448,11
3448,14
3448,16
3448,22
3448,31
3448,38
3449,5
3449,6
3449,26
3449,28
3449,34
3449,36
3449,39
3449,40
3450,1
3450,2
3450,19
3450,33
3450,35
3450,37
3451,9
3451,38
3452,4
3452,12
3452,30
3453,25
3453,34
3454,22
3454,23
3454,33
3455,36
3455,38
3456,35
3456,37
3456,39
3457,8
3458,34
3463,35
3463,36
3464,34
3467,37
3470,34
3470,40
3471,35
3471,36
3477,35
3479,34
3479,39
3481,36
3482,37
3482,38
3482,40
3484,35
3490,34
3490,36
3490,37
3491,38
3492,40
3493,35
3500,33
3500,34
3501,35
3501,38
3502,37
3504,36
3509,38
3510,33
3510,39
3511,35
3514,34
3516,19
3516,37
3519,34
3519,35
3522,36
3523,16
3524,38
3525,34
3525,37
3528,40
3529,5
3529,35
3530,36
3531,33
3531,34
3536,36
3539,39
3540,36
3542,37
3544,36
3545,17
3547,38
3548,24
3548,33
3548,34
3548,35
3548,39
3549,1
3549,28
3549,36
3550,2
3550,25
3552,7
3552,37
3553,16
3553,27
3553,34
3554,6
3554,10
3554,12
3554,15
3554,35
3554,36
3554,38
3555,3
3555,14
3555,18
3555,19
3555,30
3555,31
3555,32
3555,40
3556,22
3556,37
3556,39
3557,4
3557,9
3557,20
3557,29
3557,33
3557,34
3558,2
3558,5
3558,8
3558,11
3558,13
3558,21
3558,23
3558,26
3558,28
3558,35
3558,38
3559,10
3559,15
3559,36
3559,40
3560,6
3560,16
3560,17
3560,24
3560,25
3560,27
3560,31
3560,33
3560,34
3560,37
3561,3
3561,5
3561,7
3561,19
3561,22
3561,38
3561,39
3562,2
3562,12
3562,13
3562,14
3562,28
3562,32
3562,35
3562,36
3563,4
3563,21
3563,29
3563,34
3564,18
3564,20
3564,33
3564,37
3564,38
3564,40
3565,1
3565,6
3565,16
3565,22
3565,25
3565,30
3565,39
3566,9
3566,10
3566,36
3567,19
3567,35
3567,38
3568,2
3568,33
3568,34
3568,37
3568,39
3569,11
3569,23
3569,26
3571,25
3572,37
3573,36
3573,38
3573,39
3575,5
3575,35
3578,37
3578,39
3579,38
3581,36
3582,35
3583,34
3583,37
3587,38
3588,37
3588,39
3589,34
3589,35
3593,37
3594,33
3595,34
3595,38
3601,34
3601,36
3601,37
3601,39
3602,38
3608,34
3608,37
3609,38
3611,35
3612,5
3613,37
3615,22
3615,34
3616,38
3617,37
3618,36
3619,35
3620,33
3621,38
3625,37
3626,34
3628,38
3629,36
3631,33
3631,34
3631,37
3636,34
3636,37
3637,39
3638,38
3639,36
3641,35
3641,37
3644,38
3645,34
3645,37
3650,34
3651,35
3651,36
3651,37
3652,12
3656,34
3656,40
3657,37
3659,20
3661,34
3661,35
3661,38
3662,33
3663,36
3663,37
3665,39
3669,38
3670,36
3673,16
3674,8
3674,35
3674,39
3675,28
3675,36
3676,5
3676,17
3676,27
3676,38
3677,3
3677,24
3677,29
3677,30
3677,32
3677,33
3677,34
3677,37
3678,15
3678,36
3679,1
3679,6
3679,7
3679,14
3679,18
3679,19
3679,22
3679,23
3679,40
3680,2
3680,25
3680,31
3680,34
3680,38
3680,39
3681,4
3681,9
3681,10
3681,11
3681,13
3681,26
3681,28
3681,33
3681,35
3681,36
3681,37
3682,12
3682,15
3682,16
3682,19
3682,21
3683,3
3683,5
3683,7
3683,24
3683,27
3683,32
3683,40
3684,2
3684,6
3684,14
3684,17
3684,18
3684,31
3684,34
3684,36
3684,37
3684,38
3684,39
3685,1
3685,8
3685,10
3685,11
3685,19
3685,20
3685,22
3685,25
3685,28
3685,33
3685,35
3686,4
3686,9
3686,13
3686,16
3686,26
3686,29
3687,2
3687,7
3687,19
3687,21
3687,23
3687,30
3687,34
3687,36
3687,37
3687,38
3687,39
3687,40
3688,6
3688,12
3688,15
3688,22
3688,25
3688,28
3688,33
3688,35
3689,3
3689,5
3689,10
3689,11
3689,16
3689,27
3689,31
3690,14
3690,32
3690,36
3690,38
3691,2
3691,18
3691,22
3691,24
3691,34
3691,37
3691,39
3691,40
3692,19
3692,29
3692,33
3692,35
3693,28
3693,38
3694,20
3695,36
3696,34
3697,33
3697,39
3700,34
3701,36
3703,37
3703,38
3707,34
3708,36
3708,39
3711,35
3716,37
3716,38
3716,39
3717,34
3720,36
3724,35
3725,39
3726,36
3727,33
3728,34
3728,37
3729,38
3732,36
3736,33
3736,34
3736,39
3738,38
3740,36
3744,37
3745,33
3747,36
3748,34
3750,39
3751,35
3754,34
3754,38
3755,33
3755,36
3760,37
3762,36
3763,34
3765,39
3766,33
3769,35
3770,38
3770,40
3773,34
3774,33
3774,39
3778,38
3782,36
3783,33
3784,39
3786,34
3789,12
3790,38
3792,25
3792,33
3792,35
3792,37
3793,6
3793,36
3793,39
3794,5
3795,2
3795,4
3796,16
3797,36
3797,37
3798,7
3798,20
3798,22
3798,24
3798,26
3798,34
3798,35
3798,38
3798,39
3799,14
3799,19
3799,21
3799,28
3799,33
3799,40
3800,32
3801,10
3801,18
3801,27
3801,34
3802,3
3802,9
3802,23
3802,31
3802,36
3802,37
3803,1
3803,8
3803,11
3803,13
3803,15
3803,16
3803,25
3803,33
3803,38
3803,39
3804,6
3804,17
3804,29
3804,35
3804,40
3805,2
3805,19
3805,28
3805,30
3805,36
3805,37
3806,7
3806,34
3806,38
3806,39
3807,10
3807,12
3807,14
3807,25
3807,32
3807,33
3808,22
3808,24
3809,35
3809,37
3810,4
3810,27
3810,34
3810,38
3810,39
3812,3
3812,37
3814,36
3815,33
3815,37
3817,34
3820,37
3823,34
3823,39
3824,36
3826,35
3826,37
3828,34
3828,38
3830,36
3834,34
3834,36
3837,35
3837,39
3838,36
3838,38
3839,5
3839,37
3842,36
3843,34
3843,37
3843,38
3845,36
3848,35
3849,36
3849,37
3851,39
3853,34
3854,36
3854,38
3855,37
3858,36
3861,37
3861,39
3863,34
3863,35
3863,36
3864,38
3866,33
3871,36
3872,34
3872,37
3875,35
3875,40
3876,22
3877,36
3877,38
3879,39
3880,34
3881,35
3881,37
3882,18
3882,36
3886,35
3886,38
3887,15
3887,36
3887,37
3889,28
3889,33
3890,17
3890,34
3890,39
3892,36
3893,4
3894,38
3895,2
3896,6
3896,37
3897,1
3897,35
3897,36
3898,33
3899,16
3899,20
3899,25
3899,29
3899,31
3899,40
3901,9
3901,23
3901,26
3901,27
3901,36
3901,37
3902,2
3902,3
3902,10
3902,11
3902,21
3902,25
3902,33
3902,34
3902,35
3902,39
3903,5
3903,15
3903,19
3903,28
3903,30
3903,32
3903,38
3904,7
3904,12
3904,13
3904,14
3904,16
3904,40
3905,6
3905,8
3905,22
3905,24
3905,31
3905,34
3905,36
3905,37
3906,2
3906,10
3906,18
3906,19
3906,29
3906,33
3906,38
3906,39
3907,3
3907,4
3907,17
3907,21
3907,27
3908,9
3908,11
3908,12
3908,20
3908,35
3908,40
3909,1
3909,5
3909,7
3909,16
3909,22
3909,25
3909,28
3909,30
3909,32
3909,36
3909,37
3910,14
3910,19
3910,24
3910,26
3910,31
3910,33
3910,34
3910,38
3910,39
3911,6
3911,15
3911,23
3911,36
3912,5
3912,8
3912,12
3912,35
3912,37
3912,40
3913,2
3913,10
3913,13
3913,16
3913,18
3914,3
3914,4
3914,27
3914,33
3914,34
3914,36
3914,38
3915,37
3915,39
3915,40
3917,29
3917,35
3919,36
3921,37
3924,34
3925,36
3925,37
3928,33
3930,35
3930,36
3932,34
3933,37
3935,36
3936,40
3937,35
3938,39
3939,34
3941,36
3943,35
3945,34
3945,36
3947,39
3948,37
3952,35
3952,36
3954,39
3955,34
3955,37
3957,38
3962,34
3962,40
3964,36
3964,37
3964,39
3965,33
3966,38
3970,33
3972,36
3972,37
3973,39
3973,40
3978,34
3978,36
3978,39
3979,35
3980,33
3983,36
3984,39
3988,36
3989,39
3991,35
3993,38
3994,33
3995,36
3996,22
3998,39
3999,35
3999,37
4000,36
4001,34
4003,38
4004,36
4005,7
4007,33
4007,35
4009,5
4009,28
4009,36
4009,38
4009,39
4010,18
4013,6
4013,36
4014,16
4014,20
4014,37
4015,26
4015,27
4015,33
4015,34
4015,38
4015,39
4016,24
4016,32
4016,35
4017,14
4018,1
4018,12
4018,23
4019,2
4019,3
4019,34
4019,36
4020,4
4020,9
4020,16
4020,19
4020,21
4020,31
4020,38
4021,5
4021,6
4021,10
4021,11
4021,15
4021,17
4021,25
4021,37
4021,40
4022,28
4022,29
4022,30
4022,33
4022,35
4022,36
4022,39
4023,2
4023,7
4023,8
4023,13
4023,19
4023,27
4023,32
4023,34
4023,38
4024,14
4024,18
4024,20
4024,22
4024,24
4025,21
4025,26
4025,31
4025,36
4025,37
4025,40
4026,3
4026,4
4026,6
4026,9
4026,12
4026,16
4026,19
4026,25
4026,33
4026,34
4026,38
4026,39
4027,1
4027,5
4027,10
4027,15
4027,28
4028,2
4028,11
4028,35
4028,36
4029,33
4029,34
4029,38
4029,40
4030,17
4030,19
4030,25
4030,37
4030,39
4031,8
4031,13
4031,22
4033,38
4034,33
4034,36
4034,39
4037,35
4039,39
4043,34
4043,39
4044,33
4046,38
4047,35
4047,39
4048,36
4051,33
4051,39
4054,38
4055,39
4057,33
4060,39
4062,34
4063,38
4064,35
4064,39
4065,33
4069,39
4070,36
4071,33
4073,34
4074,39
4078,36
4079,35
4080,37
4081,38
4081,39
4081,40
4082,34
4085,33
4085,36
4088,34
4090,36
4090,39
4092,33
4094,35
4094,36
4097,33
4097,36
4097,39
4098,34
4102,36
4102,37
4103,35
4104,34
4107,33
4107,39
4108,36
4110,29
4110,34
4112,36
4113,33
4113,35
4113,37
4115,16
4115,34
4115,39
4117,36
4120,35
4121,33
4121,36
4121,39
4122,20
4122,34
4124,37
4126,36
4126,39
4127,2
4129,38
4130,35
4131,39
4132,3
4132,33
4133,7
4133,19
4133,36
4135,24
4135,39
4136,12
4136,34
4137,1
4137,6
4137,18
4137,23
4138,14
4138,22
4138,26
4138,28
4138,33
4138,36
4138,40
4139,9
4139,10
4139,15
4139,16
4139,25
4139,27
4139,31
4139,37
4139,39
4140,4
4140,5
4140,8
4140,11
4140,17
4140,30
4140,32
4140,34
4140,35
4140,38
4141,2
4141,7
4141,12
4141,19
4141,21
4141,36
4142,3
4142,6
4142,13
4142,20
4142,28
4142,29
4142,33
4142,37
4142,39
4142,40
4143,10
4143,14
4143,15
4143,18
4143,22
4143,24
4143,25
4143,27
4143,38
4144,2
4144,16
4144,23
4144,31
4144,34
4144,36
4145,4
4145,17
4145,32
4145,33
4145,35
4145,37
4145,38
4145,39
4146,1
4146,5
4146,7
4146,8
4146,9
4146,11
4146,19
4146,26
4146,28
4146,40
4147,6
4147,21
4147,30
4148,19
4148,36
4148,38
4148,40
4149,12
4149,13
4149,16
4149,22
4149,25
4149,27
4149,33
4149,34
4149,37
4149,39
4150,5
4150,15
4151,14
4151,17
4152,35
4152,36
4152,39
4153,2
4153,10
4153,37
4153,38
4154,34
4154,40
4158,37
4160,39
4163,34
4164,38
4165,36
4165,37
4170,35
4171,36
4172,37
4175,36
4176,39
4177,38
4178,33
4179,34
4180,36
4184,33
4184,36
4187,38
4187,39
4189,36
4189,37
4191,33
4194,35
4194,39
4195,37
4197,36
4200,34
4202,37
4204,35
4205,33
4205,36
4205,39
4206,38
4211,33
4212,36
4217,33
4217,37
4218,35
4219,36
4220,34
4224,35
4226,33
4227,34
4227,36
4227,39
4228,37
4230,16
4232,34
4232,40
4233,35
4233,37
4233,38
4234,33
4236,2
4237,34
4238,37
4239,29
4240,36
4243,34
4243,35
4243,37
4243,38
4244,25
4246,3
4246,24
4247,34
4248,18
4248,36
4248,37
4249,22
4250,38
4250,40
4251,4
4251,6
4251,33
4251,35
4252,28
4252,31
4253,34
4255,20
4255,32
4255,35
4255,36
4256,14
4256,22
4256,27
4256,37
4256,38
4256,39
4257,33
4258,5
4258,11
4258,26
4259,7
4259,23
4259,34
4260,16
4260,38
4260,40
4261,35
4261,36
4261,37
4262,10
4262,12
4262,15
4262,21
4263,5
4263,9
4263,13
4263,19
4264,1
4264,2
4265,17
4265,30
4265,33
4265,34
4265,36
4265,38
4265,39
4265,40
4266,3
4266,6
4266,10
4266,24
4266,25
4266,28
4266,29
4266,31
4266,35
4266,37
4267,8
4267,16
4267,19
4268,14
4268,15
4268,27
4269,4
4269,5
4269,22
4269,28
4269,33
4269,34
4269,35
4269,37
4269,38
4270,2
4270,6
4270,7
4270,12
4270,18
4270,21
4270,25
4270,36
4270,39
4270,40
4271,10
4271,11
4271,20
4272,19
4272,26
4272,32
4272,39
4273,3
4273,31
4273,34
4273,35
4273,36
4273,38
4274,9
4274,25
4274,33
4274,37
4275,2
4275,16
4277,35
4278,36
4278,37
4279,22
4279,34
4282,40
4283,39
4284,36
4285,35
4286,37
4287,34
4288,38
4294,37
4296,34
4297,35
4297,36
4303,37
4304,33
4304,40
4305,34
4306,36
4306,39
4310,35
4311,39
4314,37
4318,38
4319,36
4319,39
4324,37
4324,39
4325,33
4325,35
4331,39
4332,35
4333,40
4334,5
4335,34
4335,37
4337,33
4337,38
4337,39
4339,35
4343,39
4345,34
4345,36
4345,37
4349,35
4351,38
4352,39
4354,34
4355,12
4355,36
4358,37
4361,16
4361,33
4361,35
4361,39
4362,18
4362,27
4362,30
4363,1
4363,29
4363,40
4364,34
4365,24
4365,25
4365,33
4365,36
4365,39
4366,6
4366,8
4366,14
4366,15
4366,19
4366,23
4366,32
4366,37
4367,2
4367,10
4367,17
4367,20
4367,38
4368,3
4368,4
4368,31
4368,34
4369,5
4369,7
4369,9
4369,12
4369,13
4369,16
4369,19
4369,28
4369,33
4369,35
4369,36
4369,37
4369,39
4369,40
4370,6
4370,11
4370,21
4370,22
4370,24
4370,25
4370,26
4371,15
4371,18
4371,27
4371,38
4372,2
4372,10
4372,14
4372,19
4372,30
4372,34
4372,36
4372,37
4372,39
4373,1
4373,5
4373,7
4373,8
4373,12
4373,16
4373,22
4373,28
4373,29
4373,31
4373,32
4373,33
4373,35
4373,40
4374,3
4374,9
4374,13
4374,17
4374,25
4375,2
4375,6
4375,11
4375,20
4375,21
4375,22
4375,23
4375,26
4375,33
4375,34
4375,36
4375,37
4375,38
4375,39
4376,4
4376,5
4376,15
4376,16
4376,19
4376,27
4376,28
4376,35
4376,40
4377,10
4377,14
4377,18
4377,29
4378,2
4378,7
4378,12
4378,31
4378,32
4378,34
4378,36
4378,37
4378,38
4379,19
4379,24
4379,28
4379,33
4379,39
4379,40
4380,16
4380,25
4381,35
4381,36
4383,34
4383,38
4384,33
4385,37
4386,36
4387,39
4390,33
4390,36
4392,39
4394,37
4395,33
4396,36
4397,34
4399,39
4401,37
4403,35
4403,36
4404,33
4404,39
4409,39
4410,34
4411,37
4412,35
4412,38
4413,33
4420,37
4421,33
4421,36
4421,39
4424,34
4425,35
4428,36
4428,39
4431,38
4434,35
4436,33
4436,39
4440,36
4443,34
4444,38
4444,39
4445,36
4447,35
4452,36
4452,37
4452,38
4453,33
4457,37
4458,35
4459,40
4460,34
4460,36
4461,38
4465,37
4468,33
4468,38
4470,34
4473,40
4474,22
4474,36
4475,4
4475,39
4476,35
4476,37
4476,38
4479,33
4480,36
4483,37
4484,35
4485,36
4486,22
4486,38
4489,23
4489,34
4490,29
4490,35
4490,36
4491,30
4491,37
4492,5
4493,16
4493,20
4493,38
4494,2
4494,3
4494,37
4495,18
4495,28
4495,33
4495,36
4496,1
4496,13
4496,14
4496,21
4496,24
4496,34
4496,35
4496,39
4496,40
4497,6
4497,7
4497,10
4497,15
4497,32
4497,38
4498,25
4498,26
4498,27
4498,37
4499,4
4499,9
4499,16
4499,17
4499,19
4499,31
4499,34
4499,36
4500,8
4500,11
4500,33
4500,35
4500,38
4500,39
4500,40
4501,2
4501,3
4501,6
4501,12
4501,22
4501,28
4502,5
4502,10
4502,14
4502,18
4502,20
4502,24
4502,37
4503,22
4503,36
4503,39
4504,7
4504,15
4504,19
4504,25
4504,31
4504,32
4504,33
4504,34
4504,38
4504,40
4505,2
4505,16
4505,17
4505,27
4505,28
4505,29
4505,30
4505,35
4505,37
4506,36
4507,1
4507,9
4507,12
4507,23
4507,39
4508,6
4508,11
4508,13
4508,19
4508,21
4508,33
4508,34
4508,37
4508,38
4508,40
4509,25
4509,35
4509,36
4510,5
4510,39
4513,34
4514,36
4514,38
4515,37
4518,36
4522,39
4523,36
4525,35
4527,36
4527,38
4528,37
4530,34
4531,33
4534,37
4535,38
4536,36
4540,38
4540,39
4541,35
4544,33
4545,37
4546,36
4547,38
4548,35
4552,38
4554,36
4556,33
4556,37
4557,38
4562,34
4562,37
4563,35
4564,38
4565,39
4565,40
4569,36
4569,37
4571,38
4574,37
4575,33
4576,34
4577,36
4578,37
4579,38
4579,39
4583,34
4584,37
4585,36
4587,35
4587,38
4590,37
4591,34
4593,38
4594,37
4597,18
4598,35
4599,34
4599,36
4599,37
4600,38
4602,3
4602,22
4603,26
4604,5
4604,33
4604,36
4604,37
4605,28
4605,34
4606,35
4606,38
4607,7
4607,12
4607,16
4607,27
4608,39
4609,23
4610,6
4610,11
4610,14
4610,29
4610,36
4610,37
4611,10
4611,19
4611,31
4611,33
4611,34
4611,40
4612,1
4612,2
4612,4
4612,8
4612,9
4612,15
4612,20
4612,22
4612,25
4612,35
4613,12
4613,16
4613,17
4613,21
4613,37
4613,38
4614,3
4614,13
4614,24
4614,25
4614,28
4614,30
4614,32
4614,33
4614,34
4614,36
4614,39
4614,40
4615,2
4615,5
4615,6
4615,7
4615,10
4615,11
4615,14
4615,19
4615,22
4615,31
4615,35
4616,4
4616,15
4616,18
4616,20
4616,29
4616,37
4617,1
4617,16
4617,22
4617,26
4617,27
4617,34
4617,36
4617,38
4617,39
4617,40
4618,2
4618,3
4618,5
4618,8
4618,9
4618,10
4618,17
4618,19
4618,21
4618,28
4618,31
4618,32
4618,33
4618,35
4619,13
4619,24
4619,25
4619,37
4620,6
4620,11
4620,23
4620,30
4620,34
4620,35
4620,36
4620,38
4620,39
4620,40
4621,2
4621,7
4621,14
4621,15
4621,16
4621,19
4621,29
4621,33
4622,12
4622,18
4622,22
4622,27
4623,21
4623,28
4623,32
4623,33
4623,36
4623,37
4623,38
4623,39
4624,19
4624,34
4624,35
4625,4
4625,10
4625,16
4625,40
4628,34
4628,36
4629,35
4630,38
4632,37
4633,36
4633,40
4635,35
4636,36
4639,39
4640,36
4641,35
4642,38
4645,36
4646,33
4647,37
4650,35
4650,36
4652,39
4654,33
4654,34
4654,37
4658,38
4659,36
4660,33
4660,39
4662,34
4663,36
4665,35
4667,39
4669,33
4669,36
4673,38
4673,39
4675,33
4675,37
4676,35
4676,36
4681,34
4681,36
4683,33
4683,37
4686,39
4687,34
4687,36
4688,37
4689,33
4692,36
4693,37
4694,35
4694,38
4695,39
4696,34
4696,36
4699,36
4699,37
4703,33
4703,36
4703,39
4704,37
4706,35
4707,36
4709,33
4710,36
4710,37
4713,38
4714,35
4714,36
4717,33
4718,37
4719,34
4720,36
4720,39
4721,38
4725,37
4726,36
4728,33
4729,5
4729,38
4731,37
4732,35
4732,40
4733,36
4734,24
4736,22
4737,38
4738,36
4738,37
4739,30
4739,39
4740,5
4740,34
4741,14
4741,28
4742,2
4742,18
4742,33
4742,40
4743,12
4743,20
4744,37
4745,7
4745,10
4745,16
4745,31
4745,34
4745,36
4745,39
4746,1
4746,3
4746,6
4746,9
4746,11
4746,15
4746,19
4746,25
4746,26
4746,27
4746,38
4747,2
4747,4
4747,8
4747,17
4747,23
4747,33
4747,35
4748,7
4748,12
4748,13
4748,15
4748,16
4748,19
4748,21
4748,28
4748,29
4748,32
4748,36
4748,37
4748,38
4748,39
4748,40
4749,3
4749,5
4749,6
4749,9
4749,10
4749,14
4749,18
4749,20
4749,22
4749,24
4749,25
4749,26
4749,27
4749,30
4749,31
4749,34
4750,2
4750,11
4750,33
4750,36
4750,37
4750,38
4750,39
4751,1
4751,4
4751,5
4751,6
4751,7
4751,8
4751,10
4751,12
4751,13
4751,15
4751,16
4751,17
4751,19
4751,22
4751,28
4751,31
4751,32
4751,34
4751,35
4751,40
4752,3
4752,14
4752,23
4752,25
4752,27
4752,29
4753,2
4753,6
4753,9
4753,10
4753,11
4753,13
4753,16
4753,18
4753,19
4753,20
4753,21
4753,22
4753,24
4753,26
4753,28
4753,31
4753,33
4753,34
4753,35
4753,36
4753,37
4753,38
4753,39
4753,40
4754,4
4754,5
4754,8
4754,12
4754,15
4754,17
4754,30
4754,32
4755,2
4755,7
4755,19
4755,25
4755,33
4755,34
4755,36
4755,38
4755,39
4756,1
4756,6
4756,16
4756,27
4756,28
4756,35
4756,37
4756,40
4757,3
4757,14
4757,22
4757,29
4759,10
4759,34
4759,36
4759,37
4760,33
4760,35
4760,40
4764,34
4764,37
4765,36
4767,37
4769,35
4770,33
4771,34
4771,37
4774,40
4775,36
4775,37
4776,35
4777,33
4778,34
4780,37
4782,36
4786,37
4787,33
4789,34
4790,36
4790,40
4791,35
4791,37
4796,37
4796,39
4797,33
4798,38
4799,35
4802,37
4803,40
4807,36
4808,37
4809,33
4809,34
4813,35
4815,36
4815,37
4816,38
4817,34
4817,39
4823,36
4825,34
4826,33
4827,37
4827,39
4830,35
4833,34
4835,37
4835,39
4837,36
4838,33
4838,35
4843,40
4844,36
4845,39
4848,33
4849,34
4850,35
4850,38
4850,39
4857,40
4858,34
4858,35
4858,39
4859,36
4859,37
4863,38
4865,36
4866,34
4867,33
4871,36
4871,40
4872,5
4872,34
4873,39
4874,2
4874,38
4875,35
4875,37
4878,12
4879,34
4880,35
4880,36
4882,25
4883,3
4883,37
4884,6
4884,16
4885,33
4886,23
4886,24
4886,34
4886,35
4886,39
4887,1
4887,21
4887,29
4887,32
4887,36
4888,2
4888,15
4888,18
4888,19
4888,30
4888,37
4889,7
4889,10
4889,14
4889,20
4889,26
4889,27
4889,40
4890,4
4890,9
4890,13
4890,16
4890,28
4890,31
4890,33
4890,34
4890,35
4890,38
4890,39
4891,3
4891,5
4891,8
4891,11
4891,17
4891,22
4891,25
4891,29
4891,36
4891,37
4892,6
4892,10
4892,19
4892,24
4893,2
4893,12
4893,14
4893,15
4893,18
4893,23
4893,27
4893,28
4893,32
4893,33
4893,34
4893,35
4893,36
4893,38
4893,40
4894,1
4894,7
4894,20
4894,21
4894,22
4894,31
4894,37
4894,39
4895,4
4895,5
4895,25
4895,26
4895,30
4896,6
4896,8
4896,16
4896,19
4896,29
4896,34
4896,38
4897,3
4897,9
4897,11
4897,13
4897,17
4897,33
4897,35
4897,36
4897,37
4897,39
4897,40
4898,2
4898,5
4898,12
4898,14
4898,22
4898,28
4899,10
4900,25
4900,34
4900,37
4900,38
4900,39
4901,33
4901,36
4902,40
4906,33
4907,34
4908,39
4910,37
4911,34
4914,36
4916,34
4916,39
4917,33
4918,35
4919,37
4921,36
4924,34
4927,35
4927,39
4928,37
4929,34
4930,36
4932,35
4938,34
4938,35
4939,36
4940,39
4944,35
4948,34
4948,37
4948,39
4948,40
4953,36
4955,35
4956,33
4956,37
4956,38
4958,36
4962,36
4962,38
4962,39
4966,35
4967,36
4969,33
4969,38
4971,36
4971,37
4972,39
4975,35
4978,36
4978,38
4981,33
4983,35
4984,34
4985,36
4986,37
4992,35
4992,36
4993,34
4993,38
4994,16
4995,19
4995,40
4996,37
4996,39
4999,18
4999,33
5000,34
