8,17
8,22
9,12
9,15
10,5
10,26
10,27
11,2
11,6
11,7
11,8
11,9
11,11
11,13
11,14
11,16
11,18
11,19
11,21
11,23
11,24
11,25
11,29
11,30
11,33
11,36
11,38
11,40
12,1
12,3
12,4
12,10
12,20
12,28
12,31
12,32
12,35
12,37
12,39
13,2
13,9
13,12
13,13
13,18
13,19
13,21
13,23
13,24
13,25
13,26
13,30
13,33
13,34
13,40
14,5
14,14
14,16
14,17
14,27
14,29
14,38
15,1
15,6
15,7
15,8
15,11
15,12
15,19
15,20
15,22
15,23
15,36
15,37
15,39
16,2
16,3
16,4
16,9
16,10
16,13
16,18
16,24
16,25
16,26
16,28
16,30
16,32
16,35
16,40
17,1
17,12
17,15
17,21
17,38
18,2
18,5
18,9
18,14
18,20
18,23
18,27
18,33
18,34
18,36
18,37
18,39
19,7
19,13
19,18
19,19
19,24
19,31
19,35
20,26
20,28
20,40
21,16
21,29
21,36
22,12
22,24
22,39
23,10
23,37
24,2
24,33
25,32
28,39
29,33
31,20
33,36
35,37
37,4
39,39
40,36
41,35
43,33
45,37
46,36
52,36
53,33
53,39
54,37
60,39
61,37
62,10
62,36
64,33
64,39
67,37
68,39
71,36
72,39
76,33
76,34
76,38
78,39
79,36
84,4
87,33
87,36
87,37
87,39
88,38
88,40
89,15
94,36
95,39
100,36
102,35
104,37
105,20
105,33
106,1
106,12
106,24
107,18
107,38
107,39
108,37
109,10
109,34
110,20
110,29
110,36
111,5
112,23
112,24
112,39
113,35
114,2
114,18
114,22
114,37
115,7
115,30
115,36
115,39
116,14
116,25
116,27
117,3
117,34
117,40
118,1
118,12
118,13
118,16
118,26
118,32
118,33
119,8
119,17
119,20
119,28
119,39
120,2
120,9
120,18
120,19
120,23
120,24
120,36
120,37
120,38
121,4
121,12
122,5
122,10
122,11
122,21
122,25
122,31
122,35
122,39
122,40
123,6
123,13
123,20
123,24
123,36
124,1
124,2
124,26
124,37
125,9
125,15
125,19
125,33
126,38
126,39
127,12
127,14
127,18
127,27
127,29
127,30
127,36
128,23
129,24
129,37
129,39
130,10
130,21
130,34
131,33
131,40
132,36
134,37
135,39
136,36
140,39
141,37
142,36
145,39
146,37
149,36
150,37
154,39
155,37
158,36
160,37
162,33
162,35
163,36
163,39
166,34
169,36
172,39
173,36
176,33
176,37
176,38
178,36
178,39
182,36
182,39
187,35
187,36
188,39
190,7
190,37
191,33
192,39
193,36
195,24
197,10
197,36
197,39
198,16
198,26
198,27
198,31
199,38
200,1
200,8
200,15
201,2
201,4
201,12
201,18
201,24
201,25
201,36
202,9
202,17
202,23
202,28
202,32
202,35
202,37
203,5
203,11
203,13
203,20
203,22
203,39
203,40
204,1
204,2
204,6
204,12
204,14
204,19
204,24
204,33
204,38
205,3
205,16
205,26
205,27
205,29
205,30
205,36
206,7
206,9
206,18
206,21
206,25
206,37
207,4
207,10
207,12
207,20
207,23
207,34
207,38
207,39
208,13
208,15
208,17
208,24
208,26
208,32
208,33
208,35
208,40
209,2
209,14
209,19
209,28
209,37
210,1
210,18
210,36
210,39
211,8
211,9
211,12
211,22
211,30
212,5
213,23
213,24
213,33
213,37
213,38
214,12
214,18
214,34
214,36
214,39
215,2
215,10
215,13
215,20
217,39
217,40
218,36
219,37
221,35
222,39
226,37
227,39
229,36
230,33
233,39
236,37
240,34
241,37
243,36
247,39
249,33
249,37
250,36
259,33
259,36
260,39
261,4
261,35
261,37
265,38
265,39
267,10
270,29
270,36
270,37
270,39
276,27
276,39
277,15
277,35
278,18
278,33
278,38
279,12
279,36
279,37
281,3
281,39
285,25
285,37
285,39
286,1
288,36
289,7
289,31
289,38
290,39
291,2
292,33
292,40
293,20
293,34
294,11
294,24
296,12
296,17
296,18
297,21
297,23
297,37
297,39
298,9
298,20
298,26
298,34
299,5
299,19
299,24
299,38
299,40
300,2
300,12
300,28
300,35
300,36
301,4
301,10
301,16
301,29
301,30
301,39
302,1
302,14
302,33
303,6
303,20
303,22
304,2
304,12
304,18
304,24
304,25
304,26
304,32
305,8
305,9
305,10
305,13
305,23
305,37
305,38
305,39
306,4
306,5
306,27
306,31
306,34
306,35
306,36
306,40
307,7
307,15
307,19
307,33
308,1
308,2
308,12
308,20
308,21
308,24
309,3
309,37
309,39
310,14
310,18
310,36
311,11
311,23
312,20
312,29
312,38
312,40
313,37
314,33
314,39
318,30
318,35
320,39
322,37
323,33
323,36
327,39
328,36
331,37
332,33
332,36
336,39
339,36
342,37
343,39
346,34
347,36
347,38
348,39
350,33
353,39
356,37
357,36
357,39
358,31
361,39
363,33
365,2
366,8
367,10
368,36
368,39
369,23
369,24
369,27
369,38
370,37
371,18
371,35
372,13
372,15
372,25
373,16
373,39
373,40
374,17
375,6
375,9
375,26
375,33
375,36
376,3
376,37
377,12
378,13
378,28
378,38
379,1
379,4
379,10
379,14
379,39
380,7
380,21
380,32
380,34
381,37
382,12
382,18
382,24
382,30
382,33
382,35
382,36
382,39
382,40
383,5
383,19
383,20
383,22
384,2
384,9
385,10
385,24
385,25
385,26
385,29
385,38
386,1
386,12
387,19
387,23
387,36
387,39
388,9
388,13
388,18
388,20
388,33
388,35
388,37
389,4
389,11
390,2
390,22
390,36
391,28
391,37
391,38
391,39
392,24
392,27
392,34
393,12
394,10
394,33
394,40
395,36
395,39
396,37
401,37
401,39
402,36
407,33
408,37
408,39
409,36
411,38
414,35
415,36
416,39
417,33
417,37
419,15
421,39
422,36
423,37
426,39
428,36
430,33
431,10
431,38
431,39
434,37
438,39
440,37
441,36
442,18
442,39
447,16
447,36
447,39
448,32
448,34
448,37
448,38
450,33
454,29
454,39
455,36
456,5
456,38
457,26
457,37
458,8
459,15
459,35
460,12
460,24
461,2
461,20
461,38
461,39
462,4
462,25
462,30
463,23
463,33
463,37
463,40
464,1
464,7
465,9
465,17
465,18
465,27
465,36
466,11
466,12
466,14
466,24
466,39
467,2
468,19
468,21
468,28
468,34
468,37
468,38
469,6
469,16
469,31
469,35
469,36
470,1
470,9
470,18
470,20
470,29
470,39
471,3
471,13
471,26
471,33
472,10
472,40
473,2
473,22
473,23
473,24
473,36
473,37
473,38
473,39
474,12
474,18
474,32
474,34
475,30
476,19
476,39
478,20
478,33
479,36
480,5
480,39
481,13
481,35
481,38
482,24
484,37
485,39
489,39
491,36
493,33
493,39
494,15
497,39
500,37
501,10
501,39
502,33
507,36
507,39
509,34
511,39
512,33
514,4
517,39
519,38
520,10
520,17
521,36
521,39
522,25
522,37
523,34
523,35
526,26
526,39
527,33
528,2
528,36
529,18
529,37
530,39
531,35
532,1
533,12
533,28
534,14
534,27
534,36
534,38
534,39
536,20
536,37
537,7
537,24
537,33
537,35
538,36
539,12
539,18
539,29
540,39
541,5
541,16
541,37
542,4
542,36
543,38
544,24
544,39
545,6
545,32
546,2
546,13
546,15
547,36
548,9
548,11
548,30
548,39
549,21
549,23
549,33
549,37
550,20
550,25
550,31
550,35
550,40
551,8
551,27
552,1
552,13
552,19
553,2
553,17
553,24
553,34
553,36
554,3
554,12
554,37
555,18
555,20
555,23
555,26
555,33
555,39
555,40
556,9
556,10
556,22
557,36
557,38
558,14
559,2
559,12
560,24
560,35
560,37
561,18
561,28
561,39
562,9
562,33
563,36
565,37
565,39
568,4
568,36
572,36
572,39
573,37
575,33
576,38
576,39
581,36
581,39
586,37
586,39
588,7
588,38
590,10
590,36
592,33
592,39
597,38
598,33
599,12
599,36
599,39
601,37
603,39
604,36
606,39
608,36
608,37
610,15
610,39
612,36
613,16
614,39
617,25
617,31
617,33
617,36
618,8
618,37
618,39
619,1
620,35
620,38
621,36
622,4
622,26
622,32
622,34
622,37
623,2
623,24
623,29
624,39
625,18
625,20
625,36
626,30
626,33
627,6
627,22
627,27
627,37
628,12
628,14
628,35
629,23
629,28
629,36
629,38
629,39
630,5
630,18
630,24
631,2
631,7
631,13
631,19
631,37
632,4
632,17
632,20
633,3
633,12
633,33
633,36
633,40
634,1
634,9
634,10
634,11
634,24
634,39
635,16
635,25
635,26
635,35
635,38
636,23
636,29
636,37
637,21
637,34
637,36
638,2
638,9
638,13
638,15
638,24
638,30
638,39
639,19
639,27
640,5
640,18
640,36
640,39
641,9
641,33
641,40
642,12
642,20
642,24
642,35
642,37
643,38
644,36
644,39
646,31
648,34
649,36
649,39
653,38
653,39
655,36
658,33
658,39
659,36
662,34
662,37
663,38
664,36
665,39
669,36
671,39
674,35
674,36
675,37
676,34
678,38
678,39
681,33
682,36
683,37
684,39
686,34
688,37
689,36
690,39
691,40
693,37
697,36
697,39
698,37
700,1
703,18
703,37
703,38
704,36
705,2
706,32
706,37
706,39
707,20
707,33
708,12
708,22
708,36
709,29
710,7
710,14
711,24
711,37
711,38
712,16
712,18
712,25
712,35
712,36
712,39
713,4
713,23
713,27
713,40
714,5
714,6
714,8
714,10
714,17
715,2
715,3
715,12
715,26
715,30
715,37
716,13
716,19
716,28
716,34
716,36
717,9
717,11
717,18
717,23
717,24
717,25
717,33
717,39
717,40
718,1
718,12
718,21
718,37
719,14
719,15
719,20
719,27
719,35
719,36
719,38
720,2
720,4
720,7
721,24
721,26
721,31
721,37
721,39
722,19
722,29
722,32
723,13
723,18
723,33
723,36
724,12
724,35
725,1
725,37
725,39
726,2
726,9
726,10
727,40
728,24
728,38
729,20
730,39
731,9
731,36
732,37
733,34
734,33
736,36
738,37
738,38
741,33
741,39
743,37
744,36
747,37
750,33
751,37
751,39
757,36
757,37
758,10
762,4
763,35
763,37
764,36
764,39
768,38
771,33
771,37
772,22
773,39
778,18
778,33
778,38
779,36
779,37
780,39
782,28
784,5
786,20
786,39
787,1
787,13
787,34
788,16
788,38
789,2
789,12
789,27
789,30
789,33
789,36
789,40
790,17
790,19
790,37
791,39
792,25
792,26
792,32
793,3
793,18
793,20
793,24
793,35
794,9
794,23
795,2
795,7
795,12
795,15
795,21
795,37
795,39
796,13
796,36
797,1
797,8
797,20
797,24
797,33
797,38
797,40
798,4
798,6
798,11
798,18
798,19
798,22
798,29
799,12
799,26
799,35
799,39
800,5
800,14
800,30
800,36
800,37
800,38
801,2
801,10
801,20
801,31
801,34
802,23
802,24
802,27
802,33
803,4
803,18
803,39
804,9
804,17
804,25
805,3
805,36
806,12
806,19
806,29
806,37
807,28
807,35
808,2
808,7
808,10
808,39
808,40
809,15
809,23
809,37
810,1
810,9
811,24
811,33
811,36
812,38
813,12
814,37
815,39
819,39
821,33
821,36
821,37
824,39
826,37
828,39
829,36
830,33
831,37
832,39
837,37
837,39
838,36
844,36
844,39
846,33
847,37
848,38
849,39
850,36
853,39
854,33
856,36
857,37
858,39
861,36
862,39
864,31
864,33
866,36
867,39
868,37
870,26
871,38
872,33
872,39
873,36
874,21
875,8
875,15
875,35
876,24
876,34
876,39
877,37
878,1
878,4
878,25
878,32
879,18
879,20
880,36
880,40
881,2
881,5
881,11
881,16
881,29
881,33
881,38
881,39
882,22
882,34
883,10
883,12
883,13
883,14
883,30
883,35
884,6
884,20
884,24
884,33
885,18
885,19
885,23
885,27
885,28
885,37
885,39
886,2
886,9
886,17
886,21
886,25
886,26
886,40
887,4
887,7
887,10
887,12
887,13
887,24
887,38
888,3
888,19
888,36
888,39
889,1
889,9
889,20
889,23
889,29
889,30
889,32
889,34
889,37
890,2
890,16
890,18
890,24
890,35
890,40
891,11
891,12
891,14
891,15
891,39
892,26
892,27
892,33
892,36
892,38
893,9
893,28
894,10
894,20
894,34
894,37
894,39
897,5
898,36
898,38
899,12
900,35
900,37
900,39
903,38
906,39
909,37
909,38
915,38
916,37
917,39
918,36
920,35
924,33
924,38
926,39
928,37
929,36
931,39
933,38
938,33
938,35
938,39
940,37
942,34
943,36
944,38
945,1
945,8
947,39
949,35
949,37
950,13
950,20
950,40
952,25
952,36
953,18
953,38
954,31
955,24
955,34
956,12
956,17
956,22
957,2
957,23
957,36
957,39
958,33
958,35
959,3
959,7
959,9
959,19
959,37
960,6
960,12
961,5
961,14
961,20
961,26
962,24
962,36
962,39
962,40
963,1
963,2
963,4
963,16
963,18
963,27
963,30
963,37
963,38
964,9
964,13
964,29
965,12
965,21
965,28
965,32
965,34
965,37
966,15
966,18
966,33
966,36
966,39
968,5
968,22
968,35
969,37
970,19
970,36
971,10
971,27
971,39
972,1
972,2
972,38
973,24
973,36
973,37
976,33
976,39
978,12
978,36
980,37
981,20
984,36
985,35
986,37
986,40
987,33
988,39
994,36
995,34
995,37
996,39
1000,33
1001,39
1003,36
1004,38
1005,39
1008,10
1009,37
1011,33
1011,36
1012,38
1012,39
1014,34
1018,4
1018,8
1018,35
1019,18
1020,39
1021,37
1022,20
1022,36
1023,1
1023,11
1023,26
1024,27
1024,29
1024,34
1025,2
1025,16
1025,24
1025,30
1025,35
1025,38
1026,10
1026,33
1026,36
1026,37
1026,39
1027,9
1027,12
1027,20
1028,7
1028,18
1028,22
1028,25
1028,28
1028,31
1028,32
1029,14
1029,17
1029,21
1029,23
1030,1
1030,2
1030,5
1030,12
1030,19
1030,24
1030,36
1030,39
1031,3
1031,6
1031,9
1031,13
1031,20
1031,26
1031,33
1031,34
1031,37
1031,38
1031,40
1032,18
1032,35
1033,4
1033,8
1033,11
1033,12
1033,25
1033,30
1034,2
1034,24
1034,29
1034,36
1034,37
1035,10
1035,15
1035,23
1035,28
1035,39
1036,1
1036,38
1037,7
1037,14
1037,16
1038,4
1038,12
1038,13
1038,20
1038,27
1038,33
1038,36
1038,37
1039,35
1039,39
1040,21
1040,40
1042,37
1043,26
1043,39
1044,36
1045,12
1045,24
1046,38
1046,39
1048,37
1049,36
1050,39
1054,36
1054,37
1054,39
1059,39
1060,37
1061,36
1066,36
1067,39
1068,33
1069,34
1070,37
1074,36
1076,39
1079,38
1082,33
1082,37
1083,36
1084,15
1085,35
1088,36
1089,33
1089,39
1090,13
1090,37
1092,10
1096,37
1096,40
1097,9
1097,17
1097,18
1097,36
1098,35
1098,39
1099,23
1100,32
1100,33
1101,24
1101,38
1102,1
1102,12
1103,2
1103,6
1103,16
1103,30
1104,19
1104,20
1104,39
1105,5
1105,13
1105,37
1106,3
1106,9
1106,12
1106,25
1106,31
1106,33
1106,34
1106,36
1107,7
1107,10
1107,21
1107,24
1107,26
1107,27
1107,29
1107,38
1107,40
1108,2
1108,28
1108,32
1108,37
1109,4
1109,8
1109,14
1109,18
1109,22
1109,23
1109,35
1109,39
1110,1
1110,11
1110,12
1110,19
1111,13
1111,20
1111,33
1111,36
1112,2
1112,9
1112,24
1112,25
1112,37
1113,5
1113,18
1113,30
1113,38
1114,12
1114,27
1114,39
1114,40
1115,3
1115,7
1115,26
1115,34
1116,4
1116,36
1116,37
1118,10
1118,31
1118,33
1121,20
1121,39
1123,36
1124,23
1124,33
1124,37
1126,40
1130,35
1131,15
1131,39
1132,33
1133,36
1134,37
1135,38
1139,33
1141,37
1142,36
1146,4
1146,39
1147,38
1148,33
1148,36
1149,37
1155,37
1156,38
1157,39
1159,33
1164,38
1165,39
1168,17
1168,33
1171,34
1171,36
1172,37
1173,38
1175,10
1177,18
1177,37
1177,39
1179,38
1180,12
1180,26
1181,24
1183,1
1183,9
1183,16
1183,35
1183,37
1184,2
1184,29
1184,39
1185,32
1185,38
1186,23
1186,25
1187,6
1187,12
1187,18
1187,20
1187,22
1187,28
1187,30
1187,33
1187,34
1188,5
1188,19
1188,37
1188,39
1189,2
1189,4
1189,7
1189,21
1189,27
1190,9
1190,12
1190,13
1190,14
1190,23
1190,24
1190,26
1190,35
1190,36
1190,38
1191,1
1191,3
1191,8
1191,17
1191,18
1191,20
1191,40
1192,10
1192,11
1192,25
1192,37
1192,39
1193,9
1193,16
1193,24
1193,29
1193,31
1193,38
1194,2
1194,12
1194,15
1194,22
1194,30
1194,34
1194,36
1195,13
1195,18
1195,19
1195,20
1195,26
1195,28
1195,33
1195,35
1195,40
1196,4
1196,5
1196,23
1196,37
1196,39
1197,1
1197,12
1197,24
1197,36
1197,38
1198,2
1198,10
1198,27
1199,9
1199,14
1199,20
1200,32
1201,36
1201,37
1201,39
1202,13
1202,40
1203,18
1203,33
1203,35
1204,34
1205,38
1207,36
1207,37
1212,38
1213,35
1213,37
1216,39
1217,36
1218,37
1225,36
1225,37
1225,39
1226,38
1230,33
1230,36
1230,37
1234,39
1236,36
1239,37
1240,36
1241,39
1242,38
1244,36
1245,39
1247,33
1248,36
1248,37
1252,39
1254,36
1255,15
1258,39
1259,36
1260,40
1261,35
1264,39
1265,36
1266,37
1267,33
1270,13
1270,39
1271,20
1272,18
1273,36
1273,40
1274,24
1274,37
1274,38
1274,39
1275,4
1275,7
1275,27
1276,8
1276,16
1276,29
1277,10
1277,12
1278,17
1278,37
1278,39
1279,1
1279,6
1279,11
1279,30
1280,2
1280,5
1280,15
1280,21
1280,23
1280,24
1280,25
1280,26
1280,35
1280,36
1280,40
1281,9
1281,13
1281,14
1281,19
1281,22
1281,32
1281,38
1282,3
1282,18
1282,20
1282,28
1282,33
1282,34
1282,37
1283,1
1283,2
1283,10
1283,12
1283,29
1283,31
1283,39
1284,4
1284,13
1284,24
1284,25
1284,27
1284,35
1284,36
1285,9
1285,23
1285,26
1285,37
1285,40
1286,2
1286,7
1286,18
1286,19
1286,39
1287,5
1287,12
1287,20
1287,30
1287,38
1288,8
1288,10
1288,21
1288,24
1288,36
1289,33
1289,39
1290,37
1291,11
1291,23
1291,40
1292,16
1293,20
1293,34
1294,12
1295,18
1296,38
1296,39
1297,33
1297,36
1297,37
1298,35
1298,40
1304,37
1305,36
1305,39
1308,40
1309,33
1310,36
1316,36
1316,37
1318,40
1321,33
1323,39
1326,38
1328,36
1328,39
1330,34
1330,37
1331,33
1336,36
1336,39
1337,38
1342,39
1345,36
1346,38
1347,33
1347,34
1349,15
1349,39
1350,4
1350,12
1351,18
1351,37
1352,35
1353,36
1353,39
1356,24
1357,26
1357,39
1359,1
1360,25
1360,31
1361,2
1361,33
1361,36
1361,37
1361,39
1362,7
1362,10
1362,34
1362,38
1363,30
1364,22
1365,17
1365,29
1365,32
1366,9
1366,23
1366,28
1366,35
1366,39
1367,3
1367,33
1368,2
1368,4
1368,14
1368,18
1368,19
1368,40
1369,6
1369,8
1369,13
1369,16
1369,20
1369,27
1369,36
1369,37
1370,1
1370,12
1370,24
1370,39
1371,2
1371,10
1371,38
1372,5
1372,9
1372,11
1372,18
1372,23
1372,26
1373,25
1373,32
1373,36
1373,40
1374,12
1374,15
1374,20
1374,21
1374,33
1374,35
1374,37
1374,39
1375,2
1375,19
1375,24
1376,28
1376,29
1376,38
1377,13
1377,18
1377,27
1377,34
1378,37
1379,9
1379,33
1379,39
1380,12
1380,35
1382,36
1383,37
1383,39
1387,36
1388,37
1392,36
1393,33
1393,39
1394,37
1398,36
1398,38
1399,37
1402,39
1404,37
1405,36
1407,39
1410,39
1411,37
1413,33
1413,36
1415,37
1415,39
1418,39
1420,10
1421,37
1422,33
1422,39
1425,36
1426,37
1427,39
1430,36
1430,37
1432,33
1433,1
1434,37
1434,39
1435,38
1437,18
1437,36
1439,37
1441,29
1441,34
1441,39
1442,12
1443,17
1443,36
1443,38
1445,22
1445,24
1446,14
1446,37
1446,39
1447,33
1447,35
1448,15
1448,26
1448,30
1448,36
1449,2
1449,7
1449,40
1450,6
1450,24
1451,4
1451,13
1451,23
1451,25
1451,32
1451,39
1452,9
1452,12
1452,16
1452,20
1452,31
1452,33
1453,1
1453,3
1453,36
1453,37
1454,5
1454,10
1454,11
1454,18
1454,19
1454,21
1454,24
1454,26
1454,39
1454,40
1455,2
1455,8
1455,13
1455,27
1455,28
1455,38
1456,12
1456,20
1456,30
1456,35
1456,37
1457,1
1457,15
1457,23
1457,24
1457,25
1457,29
1457,33
1457,34
1458,9
1458,14
1458,18
1458,19
1458,36
1458,39
1459,2
1459,7
1459,10
1459,13
1459,17
1459,40
1461,12
1461,16
1461,24
1461,32
1461,36
1461,37
1461,38
1461,39
1462,9
1462,26
1462,35
1463,21
1463,23
1463,28
1464,33
1464,40
1465,18
1465,20
1465,39
1466,27
1466,36
1467,38
1468,13
1468,37
1469,12
1469,39
1470,36
1474,33
1474,39
1475,36
1476,38
1478,39
1481,36
1482,33
1482,39
1483,37
1487,36
1487,39
1488,4
1491,36
1492,38
1493,34
1493,39
1496,36
1497,35
1500,33
1500,39
1503,37
1504,36
1507,39
1508,33
1508,36
1511,37
1514,38
1516,33
1517,36
1519,37
1521,35
1522,4
1522,39
1523,33
1523,38
1524,40
1525,10
1526,36
1529,39
1530,2
1530,33
1530,37
1531,12
1532,18
1533,8
1534,27
1534,35
1534,39
1535,23
1535,24
1535,38
1536,5
1536,37
1537,31
1537,39
1538,3
1538,6
1538,17
1538,33
1539,1
1539,29
1540,19
1540,36
1541,2
1541,7
1541,11
1541,15
1541,18
1541,39
1542,14
1542,20
1542,26
1542,37
1543,9
1543,10
1543,12
1543,24
1543,28
1543,30
1543,34
1544,16
1544,25
1544,32
1544,35
1544,36
1544,38
1544,39
1545,1
1545,2
1545,4
1545,21
1545,22
1545,23
1545,33
1545,37
1545,40
1546,13
1546,18
1547,20
1548,5
1548,9
1548,12
1548,24
1548,39
1549,2
1549,34
1549,37
1550,1
1550,19
1550,26
1550,36
1550,38
1551,39
1553,24
1553,29
1553,40
1554,25
1555,35
1555,37
1556,12
1556,39
1557,38
1560,36
1561,20
1561,37
1563,34
1563,38
1563,39
1567,36
1567,37
1570,38
1572,39
1573,37
1577,38
1578,33
1578,36
1579,37
1583,39
1585,37
1587,38
1589,33
1589,35
1592,37
1593,39
1595,34
1599,36
1600,33
1601,10
1602,39
1605,37
1606,33
1607,24
1607,36
1608,38
1611,39
1612,33
1613,15
1615,36
1615,37
1616,7
1616,20
1618,17
1618,38
1620,1
1620,4
1620,12
1620,16
1620,35
1620,36
1620,39
1620,40
1621,33
1622,14
1622,23
1622,26
1622,27
1622,30
1622,37
1624,2
1624,9
1624,21
1624,32
1625,11
1625,18
1625,25
1626,6
1626,13
1626,24
1626,28
1626,36
1626,37
1626,39
1626,40
1627,4
1627,5
1627,12
1627,19
1627,20
1627,22
1627,31
1627,33
1627,34
1628,1
1628,2
1628,3
1628,8
1628,9
1628,23
1628,27
1628,29
1629,10
1629,18
1629,24
1629,36
1630,12
1630,13
1630,14
1630,19
1630,26
1630,30
1630,35
1630,37
1630,38
1630,39
1631,2
1631,5
1631,7
1631,17
1631,20
1631,23
1631,28
1631,32
1631,40
1632,4
1632,9
1632,16
1632,24
1632,33
1633,12
1633,25
1633,34
1633,39
1634,2
1634,6
1634,11
1634,15
1634,18
1634,21
1634,36
1634,37
1634,40
1635,19
1635,20
1635,35
1635,38
1636,14
1636,26
1636,29
1637,1
1637,10
1637,23
1637,27
1637,39
1639,13
1639,36
1639,37
1640,2
1640,18
1640,24
1640,33
1641,35
1642,38
1643,37
1643,39
1648,39
1649,37
1650,33
1652,36
1653,39
1654,37
1660,37
1660,39
1662,36
1662,38
1665,33
1667,36
1667,39
1668,37
1671,36
1674,39
1677,36
1679,33
1680,38
1680,39
1681,37
1684,36
1685,10
1687,33
1688,36
1690,15
1690,37
1690,38
1690,39
1692,4
1693,36
1695,39
1696,33
1697,40
1699,36
1701,39
1702,12
1702,24
1705,39
1706,8
1706,36
1706,37
1706,38
1707,33
1707,40
1709,31
1710,34
1712,38
1713,33
1714,3
1715,39
1716,35
1716,37
1717,18
1717,36
1717,40
1719,20
1721,33
1722,36
1723,12
1723,25
1723,29
1723,38
1724,1
1724,24
1725,40
1726,5
1726,7
1726,26
1726,37
1726,39
1728,4
1728,20
1728,22
1728,28
1728,35
1728,38
1729,2
1729,21
1729,33
1730,16
1730,23
1730,30
1730,32
1731,12
1731,14
1731,18
1731,19
1731,37
1731,39
1732,4
1732,11
1732,20
1732,27
1732,36
1733,1
1733,9
1733,13
1733,24
1733,25
1733,33
1733,38
1734,2
1734,3
1734,6
1734,10
1734,12
1734,17
1734,26
1734,34
1734,35
1735,5
1735,18
1735,23
1735,31
1735,36
1735,37
1736,7
1736,9
1736,29
1736,32
1736,39
1737,2
1737,14
1737,15
1737,19
1737,20
1737,22
1737,24
1737,26
1737,28
1737,30
1737,38
1737,40
1738,1
1738,4
1738,12
1738,25
1738,35
1738,36
1739,9
1739,13
1739,21
1739,27
1739,33
1739,37
1739,39
1740,2
1740,16
1740,18
1740,20
1740,23
1740,24
1741,34
1742,7
1742,8
1742,36
1742,38
1742,39
1742,40
1743,10
1743,19
1743,37
1746,12
1746,33
1747,37
1748,10
1748,38
1750,36
1751,39
1752,5
1754,37
1755,33
1755,36
1756,34
1756,38
1759,40
1760,39
1765,36
1765,39
1766,38
1767,33
1769,39
1774,36
1774,39
1776,33
1777,34
1777,37
1781,39
1783,36
1783,37
1786,39
1788,36
1788,37
1792,39
1793,36
1794,37
1795,33
1795,39
1798,10
1798,38
1800,37
1800,39
1802,36
1803,17
1804,39
1806,34
1807,35
1808,33
1808,36
1808,39
1810,2
1812,38
1813,39
1814,33
1814,35
1815,25
1816,13
1817,4
1817,40
1818,15
1818,36
1819,37
1819,39
1820,30
1820,33
1821,31
1822,9
1822,24
1823,36
1824,27
1824,38
1825,18
1825,19
1825,26
1825,33
1825,39
1826,1
1826,12
1826,23
1827,20
1827,32
1828,7
1828,13
1828,24
1828,28
1828,36
1828,37
1828,38
1829,3
1829,5
1829,11
1829,14
1829,29
1829,39
1830,2
1830,12
1830,22
1830,33
1830,35
1830,40
1831,18
1831,20
1831,34
1832,6
1832,16
1832,24
1832,37
1832,39
1833,1
1833,8
1833,21
1833,26
1833,27
1833,36
1834,10
1834,15
1835,2
1835,12
1835,19
1835,38
1836,9
1836,18
1836,23
1836,25
1836,33
1836,35
1836,37
1836,39
1837,13
1837,36
1837,40
1839,12
1839,29
1840,4
1841,20
1841,24
1841,39
1842,1
1842,36
1842,37
1844,10
1844,38
1846,40
1849,34
1851,37
1853,39
1855,36
1861,13
1862,39
1863,35
1863,36
1864,33
1866,40
1868,37
1873,36
1875,17
1875,39
1878,33
1879,15
1879,39
1880,38
1881,36
1881,37
1883,39
1886,36
1887,39
1890,31
1890,33
1890,39
1891,36
1893,38
1894,18
1894,35
1894,39
1897,34
1898,36
1899,39
1902,7
1903,28
1903,35
1903,36
1903,39
1904,33
1906,30
1908,14
1908,27
1908,36
1909,16
1909,39
1909,40
1911,2
1911,10
1911,13
1911,35
1911,37
1912,4
1912,8
1912,11
1912,26
1912,32
1912,33
1913,9
1913,24
1913,25
1913,36
1913,39
1914,1
1914,12
1914,18
1914,38
1915,2
1915,5
1915,6
1915,10
1915,20
1915,37
1916,21
1916,22
1916,23
1916,39
1917,17
1917,29
1917,33
1917,35
1917,36
1917,38
1917,40
1918,2
1918,3
1918,12
1918,18
1918,19
1918,24
1918,34
1919,4
1920,1
1920,26
1920,37
1920,39
1921,14
1921,20
1922,7
1922,9
1922,15
1922,23
1922,25
1922,31
1922,36
1923,12
1923,24
1923,28
1923,30
1924,2
1924,19
1924,33
1924,38
1924,39
1924,40
1925,13
1925,35
1926,23
1926,34
1926,36
1927,9
1927,37
1928,20
1929,36
1929,39
1930,27
1932,37
1933,36
1935,38
1937,39
1938,37
1940,33
1940,36
1942,38
1946,36
1946,37
1946,39
1947,33
1952,38
1953,36
1953,37
1953,39
1957,33
1958,36
1960,37
1963,38
1964,39
1967,37
1969,33
1969,36
1971,35
1973,39
1974,4
1974,18
1974,36
1976,16
1977,33
1978,10
1978,34
1978,36
1979,32
1979,38
1980,24
1980,26
1981,12
1981,20
1981,35
1982,37
1983,33
1984,6
1984,36
1984,39
1985,5
1985,29
1985,38
1986,2
1988,17
1988,18
1988,23
1988,24
1989,12
1989,22
1990,21
1990,25
1990,33
1990,35
1990,36
1990,37
1991,2
1991,3
1991,11
1991,19
1991,38
1991,39
1991,40
1992,1
1992,7
1992,8
1992,9
1992,14
1992,23
1992,28
1992,30
1992,31
1993,13
1993,20
1993,24
1994,4
1994,12
1994,26
1994,27
1994,33
1994,36
1994,37
1994,39
1995,1
1995,2
1995,10
1995,15
1995,18
1995,23
1995,34
1995,40
1996,5
1996,9
1996,38
1997,11
1997,16
1997,29
1998,12
1998,19
1998,24
1998,36
1998,37
1998,39
1999,35
1999,40
2000,2
2000,18
2000,32
2000,33
2000,34
2001,38
2003,37
2004,39
2007,37
2008,39
2009,36
2013,37
2013,39
2015,36
2017,33
2019,39
2020,37
2023,39
2024,36
2025,37
2027,39
2030,34
2030,37
2031,39
2033,36
2035,33
2037,39
2040,37
2041,39
2042,36
2043,35
2044,33
2045,10
2046,38
2047,39
2050,37
2052,39
2054,9
2054,24
2055,36
2056,37
2057,25
2057,33
2057,35
2057,39
2058,4
2058,38
2059,24
2059,31
2060,37
2060,40
2061,10
2062,7
2062,39
2064,3
2064,29
2064,30
2064,37
2066,2
2066,23
2066,33
2066,39
2067,14
2067,26
2067,27
2067,37
2068,1
2068,8
2068,20
2068,28
2068,36
2069,17
2070,12
2070,13
2070,16
2070,18
2070,24
2070,32
2070,37
2070,39
2071,2
2071,4
2071,6
2071,40
2072,5
2072,10
2072,11
2072,20
2072,21
2072,35
2072,38
2073,15
2073,19
2073,22
2073,33
2073,36
2073,39
2074,9
2074,12
2074,18
2074,24
2074,25
2074,26
2074,34
2074,37
2075,1
2075,2
2075,23
2076,29
2076,36
2077,7
2077,35
2077,38
2078,12
2078,20
2078,24
2078,37
2078,39
2079,9
2079,19
2079,33
2080,40
2081,39
2082,36
2083,5
2085,39
2086,24
2087,34
2087,36
2087,37
2087,38
2089,33
2089,35
2090,39
2092,37
2094,39
2098,37
2099,39
2100,36
2104,39
2107,36
2107,37
2109,33
2109,39
2114,36
2114,39
2117,33
2117,35
2118,13
2119,31
2119,37
2120,36
2121,10
2121,39
2124,27
2124,33
2125,15
2126,39
2127,2
2127,24
2127,36
2127,37
2128,1
2128,25
2129,38
2130,39
2132,18
2133,32
2134,37
2134,39
2135,30
2135,34
2136,36
2138,20
2138,33
2139,39
2141,4
2141,36
2142,26
2144,38
2144,39
2145,17
2145,37
2146,12
2146,34
2146,35
2146,40
2148,2
2148,22
2148,39
2149,14
2149,16
2149,36
2150,37
2151,9
2151,33
2152,39
2154,6
2154,8
2154,13
2154,34
2155,38
2156,12
2156,36
2156,37
2156,39
2159,18
2159,31
2160,25
2160,35
2161,21
2161,36
2161,39
2162,24
2163,3
2163,19
2163,26
2163,37
2164,29
2164,40
2165,1
2165,7
2165,11
2165,13
2165,20
2165,23
2165,28
2165,33
2165,34
2165,38
2165,39
2166,2
2166,9
2166,37
2167,36
2168,12
2168,18
2168,30
2169,1
2169,5
2169,24
2169,39
2170,20
2171,27
2171,34
2171,35
2171,37
2172,33
2172,36
2172,38
2172,40
2173,39
2174,10
2176,18
2177,37
2177,39
2179,33
2179,38
2180,34
2180,36
2183,35
2183,39
2184,37
2188,39
2189,33
2190,34
2190,37
2194,37
2196,36
2197,4
2197,33
2197,39
2198,35
2199,37
2202,39
2205,39
2207,15
2207,33
2207,36
2208,34
2208,37
2209,38
2211,18
2211,39
2215,39
2216,20
2216,38
2217,32
2217,37
2218,36
2218,39
2219,34
2219,35
2220,12
2222,2
2222,39
2224,36
2225,14
2225,17
2225,33
2225,37
2226,18
2226,27
2226,39
2227,16
2227,25
2228,36
2229,9
2229,10
2229,19
2229,24
2229,38
2230,1
2230,7
2230,23
2230,26
2230,30
2231,4
2231,13
2231,37
2231,39
2232,3
2232,5
2232,6
2232,9
2232,12
2232,21
2232,22
2232,24
2232,28
2232,36
2233,2
2233,11
2233,20
2233,29
2233,33
2233,40
2234,1
2234,8
2234,12
2234,14
2234,18
2234,19
2234,23
2234,27
2234,31
2234,34
2234,35
2234,38
2234,39
2235,10
2235,13
2235,26
2235,37
2236,7
2236,16
2236,24
2236,25
2237,2
2237,9
2237,18
2237,20
2237,23
2237,30
2237,32
2237,33
2237,36
2238,15
2238,39
2239,4
2239,10
2239,12
2239,17
2239,21
2239,28
2239,29
2239,37
2239,38
2239,40
2240,3
2240,5
2240,13
2240,24
2240,34
2240,36
2241,19
2241,20
2241,33
2241,35
2242,12
2242,26
2243,18
2243,36
2243,37
2243,39
2244,2
2244,40
2248,36
2249,39
2251,33
2254,37
2255,36
2258,38
2258,39
2262,33
2262,36
2262,39
2266,36
2268,37
2268,38
2268,39
2272,36
2275,4
2275,38
2275,39
2277,33
2277,36
2278,37
2284,39
2285,36
2286,38
2289,33
2289,39
2290,34
2291,36
2293,38
2293,39
2294,15
2296,36
2297,39
2300,36
2302,39
2304,31
2304,33
2304,38
2305,35
2305,39
2308,36
2309,39
2310,33
2311,37
2313,18
2316,24
2316,39
2317,10
2317,25
2317,36
2317,38
2319,20
2319,37
2320,1
2320,32
2320,35
2320,39
2321,7
2321,22
2322,2
2322,8
2322,29
2322,33
2323,12
2323,24
2324,23
2324,26
2324,36
2324,38
2324,39
2325,5
2325,6
2325,14
2325,18
2325,27
2325,37
2326,1
2326,4
2326,11
2326,19
2326,20
2326,21
2326,33
2326,40
2327,3
2327,15
2327,16
2327,24
2327,30
2327,36
2328,2
2328,9
2328,12
2328,13
2328,17
2328,18
2328,28
2328,32
2328,35
2328,37
2328,38
2328,39
2329,20
2329,25
2329,29
2330,7
2330,10
2330,14
2330,26
2330,33
2330,34
2331,1
2331,5
2331,12
2331,23
2331,24
2331,27
2331,37
2331,39
2331,40
2332,2
2332,18
2332,19
2332,31
2332,36
2332,38
2333,4
2333,9
2333,30
2333,35
2334,37
2334,39
2336,12
2336,36
2337,24
2337,33
2338,37
2338,38
2338,39
2343,36
2343,39
2344,37
2346,38
2348,33
2349,37
2349,39
2350,36
2355,36
2355,37
2358,33
2359,37
2359,39
2364,37
2365,35
2365,36
2366,39
2367,33
2371,37
2371,38
2373,36
2373,39
2374,33
2375,37
2377,39
2380,37
2381,39
2383,36
2386,37
2387,38
2387,39
2390,2
2390,33
2391,35
2392,36
2392,37
2393,39
2396,20
2398,33
2399,37
2399,39
2400,10
2400,16
2400,27
2400,36
2401,35
2401,40
2402,15
2403,18
2403,34
2404,1
2404,13
2405,8
2405,12
2405,22
2405,26
2405,36
2406,17
2406,28
2406,33
2406,37
2407,9
2407,25
2407,38
2408,2
2408,3
2408,4
2408,5
2408,6
2408,12
2408,14
2408,19
2408,23
2408,32
2408,39
2409,7
2409,20
2409,24
2409,30
2409,35
2409,40
2410,1
2410,9
2410,11
2410,13
2410,18
2410,21
2410,34
2411,2
2411,12
2411,16
2411,19
2411,23
2411,26
2411,27
2411,29
2411,36
2411,37
2411,38
2411,39
2412,20
2412,24
2412,25
2412,33
2413,18
2413,31
2414,10
2414,12
2414,14
2414,17
2414,22
2414,34
2414,37
2415,1
2415,4
2415,13
2415,30
2415,35
2415,36
2415,39
2416,2
2416,5
2416,8
2416,23
2416,24
2416,28
2416,38
2416,40
2417,6
2417,33
2418,37
2419,9
2419,39
2420,18
2420,20
2421,36
2421,38
2422,2
2422,12
2423,34
2424,39
2425,37
2426,36
2427,40
2429,33
2430,37
2433,39
2434,36
2434,37
2439,33
2439,37
2439,39
2441,36
2444,39
2445,36
2445,37
2446,33
2449,39
2450,37
2452,36
2456,36
2458,39
2459,10
2459,37
2460,33
2461,36
2461,38
2463,37
2464,39
2467,36
2468,37
2471,38
2472,36
2473,39
2476,35
2476,37
2477,15
2477,33
2477,39
2478,36
2478,38
2483,39
2484,36
2484,37
2488,33
2489,7
2490,38
2491,24
2491,36
2491,39
2492,21
2493,40
2494,37
2495,29
2495,31
2496,1
2496,15
2496,20
2496,39
2497,18
2497,23
2498,2
2498,12
2498,32
2498,36
2499,10
2500,3
2500,14
2500,16
2500,19
2500,24
2500,26
2500,27
2500,34
2500,37
2500,38
2500,39
2501,11
2501,25
2501,30
2501,33
2501,35
2502,6
2502,9
2502,13
2502,20
2502,40
2503,8
2503,17
2503,23
2504,4
2504,5
2504,10
2504,12
2504,18
2504,28
2504,37
2505,2
2505,22
2505,24
2505,40
2506,1
2506,9
2506,13
2506,19
2506,26
2506,36
2506,38
2506,39
2507,12
2507,21
2507,29
2507,33
2507,35
2508,3
2508,7
2508,14
2508,18
2508,20
2508,25
2508,37
2509,39
2510,2
2510,23
2510,27
2510,30
2511,24
2511,26
2511,32
2511,34
2511,36
2511,37
2512,4
2512,13
2512,38
2513,5
2513,9
2514,12
2514,33
2514,39
2514,40
2515,16
2515,20
2516,37
2517,36
2518,24
2518,31
2519,38
2520,1
2521,39
2524,36
2527,37
2528,39
2530,33
2531,36
2533,38
2537,36
2537,39
2539,33
2541,37
2542,38
2542,39
2546,37
2547,33
2548,4
2551,10
2551,37
2553,36
2553,39
2554,38
2555,35
2558,33
2558,37
2562,39
2564,37
2567,36
2569,2
2570,37
2571,33
2571,39
2572,38
2575,27
2577,9
2577,15
2578,37
2578,38
2579,18
2579,34
2579,36
2579,40
2581,12
2581,17
2582,23
2582,28
2582,33
2583,8
2584,13
2584,19
2584,35
2584,37
2584,39
2585,38
2585,40
2586,11
2586,12
2586,20
2586,24
2587,2
2587,25
2588,1
2588,7
2588,14
2588,30
2588,37
2589,5
2589,10
2589,16
2589,39
2590,9
2590,12
2590,20
2590,24
2590,29
2590,34
2591,4
2591,18
2591,21
2591,23
2591,26
2591,32
2591,33
2591,38
2591,40
2592,3
2592,17
2592,22
2592,35
2592,36
2592,37
2592,39
2593,2
2593,6
2593,13
2594,1
2594,12
2594,20
2594,24
2595,5
2595,10
2595,15
2595,19
2596,9
2596,14
2596,18
2596,25
2596,26
2596,28
2596,31
2596,37
2596,39
2597,24
2597,27
2597,29
2597,35
2597,36
2597,38
2597,40
2598,2
2598,23
2599,7
2599,12
2599,13
2599,20
2599,33
2599,37
2599,39
2600,1
2600,11
2600,18
2600,30
2602,19
2602,34
2602,37
2603,24
2603,36
2603,40
2604,39
2606,20
2607,35
2608,32
2609,36
2610,37
2612,39
2615,37
2616,36
2618,33
2620,37
2620,39
2625,37
2626,36
2628,38
2629,35
2631,39
2632,33
2632,37
2636,36
2639,4
2639,37
2640,36
2640,39
2644,36
2646,37
2646,39
2649,10
2651,36
2651,40
2652,34
2652,35
2656,2
2656,39
2657,33
2659,36
2659,37
2660,39
2662,6
2664,33
2664,39
2665,18
2665,36
2667,38
2669,1
2669,36
2669,39
2670,29
2671,33
2672,12
2672,37
2672,39
2673,36
2674,15
2676,31
2676,39
2677,36
2680,8
2680,16
2680,33
2680,39
2682,24
2683,38
2684,15
2684,26
2684,36
2685,10
2685,39
2686,37
2687,9
2687,20
2687,21
2687,23
2687,25
2687,35
2687,40
2688,13
2689,18
2690,4
2690,19
2690,24
2690,30
2690,36
2690,39
2691,12
2691,22
2691,26
2691,28
2692,1
2692,2
2692,3
2692,7
2692,9
2692,14
2692,17
2692,20
2692,27
2692,34
2692,37
2692,40
2693,24
2693,32
2693,33
2693,36
2693,39
2694,5
2694,10
2694,12
2694,13
2694,18
2694,23
2694,29
2694,38
2695,11
2695,35
2696,2
2696,19
2696,20
2696,25
2696,37
2696,39
2697,1
2697,4
2697,9
2697,12
2697,30
2697,40
2698,16
2698,24
2698,27
2698,36
2699,8
2699,26
2699,33
2699,34
2699,39
2700,2
2700,6
2700,28
2700,38
2702,10
2702,13
2702,18
2702,20
2702,36
2702,39
2703,14
2703,37
2704,33
2705,5
2705,35
2705,36
2705,39
2706,24
2707,7
2708,37
2709,12
2709,39
2710,36
2713,39
2716,36
2717,39
2719,37
2722,39
2723,36
2726,39
2728,36
2729,31
2729,33
2732,39
2734,36
2734,37
2738,39
2739,33
2742,36
2745,39
2746,10
2746,33
2746,34
2747,36
2747,38
2747,40
2750,37
2753,4
2753,36
2753,39
2755,38
2757,33
2757,36
2761,38
2763,15
2763,39
2764,36
2766,20
2766,21
2767,33
2768,13
2768,18
2768,23
2768,35
2768,37
2768,38
2769,25
2770,32
2770,34
2770,36
2771,17
2771,20
2771,27
2771,37
2771,39
2772,3
2772,29
2773,7
2773,12
2774,30
2774,33
2775,2
2775,37
2776,1
2776,4
2776,18
2776,19
2776,22
2776,24
2776,39
2777,8
2777,9
2777,38
2777,40
2778,12
2778,23
2778,26
2778,36
2779,2
2779,5
2779,10
2779,14
2779,16
2779,24
2780,1
2780,6
2780,11
2780,18
2780,28
2780,37
2781,9
2781,12
2781,20
2781,33
2781,38
2781,39
2781,40
2782,2
2782,13
2782,15
2782,19
2782,25
2782,29
2782,34
2782,35
2783,5
2783,10
2783,21
2783,24
2784,3
2784,18
2784,26
2784,31
2784,36
2784,37
2784,39
2785,9
2785,32
2786,2
2786,23
2786,30
2786,33
2786,35
2786,38
2787,1
2787,19
2788,24
2788,36
2788,39
2789,17
2789,20
2789,37
2791,33
2793,38
2795,36
2795,37
2796,39
2801,36
2802,10
2804,38
2805,39
2806,36
2806,37
2809,40
2814,36
2814,37
2815,35
2816,39
2818,33
2819,37
2820,36
2821,39
2825,37
2825,39
2826,36
2832,27
2832,39
2834,34
2834,38
2835,33
2835,37
2837,36
2841,39
2842,4
2842,37
2845,33
2845,36
2849,38
2850,37
2851,2
2851,33
2852,39
2856,12
2857,38
2858,20
2858,25
2858,37
2858,39
2859,33
2860,34
2862,7
2862,18
2862,36
2863,40
2864,24
2864,26
2864,37
2865,15
2866,1
2866,16
2866,17
2866,23
2866,29
2866,33
2867,12
2867,38
2868,2
2868,9
2868,14
2868,20
2868,28
2868,35
2868,36
2868,37
2868,39
2869,5
2869,10
2869,11
2869,19
2869,30
2870,3
2870,8
2870,18
2870,21
2870,22
2870,24
2870,33
2870,40
2871,6
2871,12
2871,13
2871,32
2871,34
2871,39
2872,1
2872,2
2872,20
2872,25
2872,26
2872,27
2872,29
2872,35
2872,37
2872,38
2873,7
2873,9
2873,18
2873,19
2873,23
2873,31
2873,36
2874,10
2874,33
2874,37
2874,39
2875,2
2875,4
2875,5
2875,16
2875,24
2875,28
2876,12
2876,14
2876,30
2876,36
2877,13
2877,40
2878,20
2878,33
2878,35
2878,37
2878,38
2878,39
2879,10
2879,24
2879,32
2880,17
2881,21
2882,37
2883,39
2884,9
2884,33
2885,36
2888,37
2888,38
2891,33
2891,39
2893,36
2893,37
2898,37
2899,4
2899,39
2900,36
2902,33
2905,27
2906,37
2906,39
2907,15
2908,36
2911,38
2911,39
2914,33
2914,36
2916,39
2921,33
2921,38
2922,36
2922,37
2922,39
2924,34
2927,36
2930,35
2930,39
2931,33
2933,36
2934,4
2937,38
2938,24
2938,36
2938,37
2939,39
2943,2
2943,26
2944,37
2945,12
2945,13
2945,34
2947,1
2947,9
2947,25
2947,35
2947,39
2947,40
2948,36
2949,7
2950,2
2951,37
2952,18
2952,19
2952,23
2952,33
2954,38
2955,12
2955,20
2955,21
2955,36
2955,39
2956,3
2956,6
2956,11
2956,16
2956,24
2956,28
2956,29
2956,37
2957,35
2958,5
2958,18
2958,27
2958,32
2959,1
2959,8
2959,14
2959,20
2959,31
2959,33
2959,37
2959,38
2959,39
2959,40
2960,2
2960,10
2960,12
2960,22
2960,26
2960,30
2961,15
2961,17
2961,18
2961,24
2961,34
2961,36
2962,23
2962,25
2962,29
2962,37
2963,2
2963,4
2963,19
2963,35
2963,38
2964,1
2964,7
2964,9
2964,12
2964,13
2964,39
2965,20
2965,33
2965,40
2966,26
2966,36
2966,37
2967,10
2967,28
2967,30
2967,39
2968,38
2971,33
2971,37
2973,4
2974,39
2978,33
2978,36
2979,10
2979,37
2980,39
2984,37
2985,39
2989,33
2990,37
2990,39
2995,36
2995,39
2996,34
2998,33
2999,35
3000,37
3000,39
3006,33
3007,36
3007,39
3010,37
3011,38
3012,18
3014,39
3016,33
3016,37
3018,32
3020,36
3021,34
3022,39
3025,36
3025,38
3026,37
3027,31
3027,35
3028,33
3029,39
3030,36
3031,24
3033,4
3035,36
3035,39
3037,12
3037,15
3037,27
3037,33
3038,22
3038,38
3039,14
3039,34
3039,37
3040,5
3040,23
3040,36
3041,2
3041,18
3042,13
3042,24
3042,25
3042,39
3043,3
3043,20
3043,33
3044,6
3044,12
3044,36
3044,37
3044,40
3045,1
3045,7
3045,11
3045,16
3045,17
3045,26
3045,29
3045,35
3046,21
3047,2
3047,9
3047,10
3047,12
3047,19
3047,32
3047,38
3048,4
3048,8
3048,14
3048,20
3048,23
3048,24
3048,28
3048,30
3048,33
3048,35
3048,39
3049,1
3049,18
3049,26
3049,37
3049,40
3050,5
3050,9
3050,12
3050,13
3050,25
3050,34
3051,2
3051,19
3051,20
3051,24
3051,27
3051,29
3051,36
3052,4
3052,10
3052,16
3052,37
3052,38
3053,7
3053,11
3053,12
3053,39
3054,9
3054,17
3054,23
3054,33
3054,35
3054,40
3055,13
3055,21
3055,22
3055,24
3055,36
3057,12
3057,18
3057,39
3058,3
3058,8
3058,36
3059,10
3060,6
3060,13
3060,31
3061,37
3061,38
3061,39
3061,40
3062,36
3067,33
3067,37
3067,39
3068,36
3072,36
3073,39
3074,37
3077,36
3078,33
3079,37
3080,36
3084,36
3085,37
3086,39
3088,33
3089,36
3092,38
3094,39
3095,36
3095,37
3096,15
3096,33
3097,35
3104,36
3105,9
3105,33
3105,37
3108,39
3109,34
3110,1
3111,38
3112,36
3114,37
3115,39
3116,4
3116,20
3121,27
3121,36
3122,18
3122,24
3123,26
3124,33
3124,34
3124,37
3124,38
3124,39
3124,40
3125,31
3126,4
3126,5
3126,12
3126,16
3126,28
3126,35
3126,36
3128,2
3129,14
3129,24
3129,33
3130,7
3130,12
3130,19
3130,38
3131,10
3131,11
3131,25
3131,36
3131,37
3131,39
3132,8
3132,30
3132,40
3133,20
3133,21
3133,24
3134,13
3134,23
3134,32
3135,1
3135,3
3135,18
3135,33
3136,9
3136,12
3136,20
3136,29
3136,37
3136,39
3136,40
3137,2
3137,24
3137,36
3137,38
3138,13
3138,22
3138,26
3139,10
3139,27
3139,34
3140,12
3140,15
3140,18
3140,35
3140,39
3141,6
3141,23
3141,25
3141,33
3142,17
3142,36
3143,5
3143,37
3144,4
3144,19
3144,24
3145,2
3146,9
3146,38
3147,39
3148,10
3149,33
3149,36
3151,14
3152,37
3154,18
3156,40
3157,36
3157,37
3159,33
3159,38
3163,39
3164,37
3170,34
3171,37
3172,36
3172,38
3174,35
3176,39
3179,33
3181,38
3183,10
3184,37
3188,40
3191,36
3194,37
3196,13
3196,28
3196,38
3196,39
3197,4
3197,36
3200,34
3201,32
3201,39
3203,30
3204,33
3205,36
3206,27
3207,7
3208,16
3208,18
3209,1
3209,17
3209,20
3209,39
3210,12
3210,23
3210,31
3210,37
3210,38
3210,40
3211,21
3211,24
3211,26
3211,35
3211,36
3212,8
3212,34
3213,2
3213,3
3213,5
3213,11
3213,15
3213,25
3213,29
3214,9
3214,19
3214,33
3215,10
3215,18
3215,20
3215,39
3216,1
3216,2
3216,4
3216,6
3216,12
3216,13
3216,14
3216,21
3216,22
3216,35
3216,37
3216,38
3216,40
3217,23
3217,24
3217,28
3217,36
3218,18
3218,25
3218,26
3219,2
3219,8
3219,12
3219,29
3219,30
3219,32
3219,34
3219,39
3220,4
3220,7
3220,9
3220,13
3220,19
3220,37
3221,16
3221,20
3221,27
3221,33
3221,36
3221,38
3221,40
3222,1
3222,39
3223,3
3223,10
3223,12
3223,14
3223,24
3224,5
3225,26
3225,35
3225,36
3225,37
3225,39
3226,18
3226,23
3227,13
3227,24
3227,38
3228,36
3228,40
3229,2
3229,10
3229,33
3229,39
3234,36
3234,39
3236,37
3237,33
3237,39
3239,36
3242,39
3244,36
3245,37
3247,39
3248,38
3250,36
3250,37
3251,39
3256,39
3257,33
3257,37
3259,38
3260,36
3262,39
3264,37
3266,39
3268,15
3269,37
3269,38
3270,36
3271,39
3276,37
3277,33
3277,38
3277,39
3281,37
3284,36
3285,33
3286,10
3286,39
3287,12
3288,34
3288,35
3288,37
3288,38
3290,39
3294,39
3296,36
3297,33
3297,37
3297,38
3299,31
3299,39
3303,36
3304,33
3306,34
3306,39
3307,1
3307,24
3307,38
3307,40
3309,18
3310,4
3310,36
3310,37
3311,15
3312,2
3312,20
3312,29
3312,38
3312,39
3313,6
3314,16
3314,17
3314,22
3314,23
3314,33
3315,5
3315,25
3315,27
3315,36
3316,9
3316,18
3316,19
3316,30
3316,32
3316,35
3317,2
3317,3
3317,7
3317,10
3317,11
3317,12
3317,14
3317,24
3317,26
3317,28
3317,34
3317,38
3317,39
3317,40
3318,4
3318,8
3318,13
3318,20
3318,23
3318,37
3319,1
3319,9
3319,33
3319,36
3319,39
3320,2
3320,12
3320,18
3320,21
3320,24
3320,25
3320,35
3321,5
3321,27
3321,40
3322,16
3322,26
3322,29
3322,37
3323,13
3323,19
3323,20
3323,30
3323,38
3323,39
3324,34
3324,36
3325,12
3325,17
3326,10
3326,24
3326,35
3327,9
3327,39
3328,37
3328,38
3330,33
3331,4
3331,7
3331,39
3332,28
3332,36
3334,38
3334,40
3335,39
3336,33
3340,39
3341,38
3343,36
3344,33
3345,39
3349,39
3350,33
3353,36
3353,37
3353,38
3355,39
3357,33
3360,36
3362,37
3363,10
3363,38
3364,39
3366,33
3368,36
3369,38
3370,37
3372,10
3372,34
3372,39
3375,36
3375,37
3377,33
3377,35
3378,18
3380,37
3380,38
3381,36
3382,39
3383,40
3384,33
3384,37
3385,12
3385,36
3389,37
3390,33
3390,36
3391,12
3391,39
3392,38
3393,37
3395,39
3396,36
3396,37
3399,4
3400,37
3401,36
3401,39
3402,15
3402,33
3403,24
3404,37
3405,2
3405,6
3405,39
3406,10
3407,1
3407,36
3407,37
3408,23
3408,25
3408,32
3408,35
3409,2
3409,5
3409,18
3409,26
3409,27
3409,33
3409,39
3410,29
3410,37
3410,38
3411,9
3411,11
3411,14
3412,12
3412,19
3412,24
3412,28
3412,36
3413,7
3413,20
3413,21
3413,35
3413,37
3413,39
3414,1
3414,3
3414,4
3414,13
3414,16
3414,18
3414,33
3415,10
3415,17
3415,30
3415,34
3416,2
3416,12
3416,22
3416,24
3416,25
3416,26
3416,37
3416,39
3417,8
3417,9
3417,36
3417,38
3418,15
3418,20
3418,23
3418,27
3418,29
3418,32
3418,33
3418,40
3419,5
3419,31
3419,39
3420,12
3420,13
3420,24
3420,35
3420,37
3421,14
3421,18
3421,19
3421,36
3422,38
3422,39
3423,33
3423,37
3424,24
3425,2
3425,4
3425,20
3427,39
3428,36
3429,33
3430,39
3432,35
3433,37
3433,39
3434,38
3436,33
3438,37
3438,39
3442,39
3444,37
3444,38
3446,39
3447,33
3452,37
3452,39
3453,38
3457,37
3458,33
3459,39
3460,36
3463,39
3465,36
3466,37
3467,34
3467,38
3467,39
3468,33
3469,36
3472,39
3473,36
3477,38
3478,33
3478,36
3478,39
3480,20
3480,34
3480,40
3481,37
3482,7
3482,39
3483,36
3485,18
3487,36
3487,39
3488,38
3489,37
3489,40
3491,12
3491,35
3492,39
3493,4
3493,6
3494,26
3495,37
3496,8
3496,24
3496,36
3497,2
3497,27
3497,39
3498,9
3498,15
3498,25
3499,1
3499,17
3499,29
3499,31
3500,16
3500,33
3500,37
3500,38
3501,10
3501,11
3501,18
3501,19
3501,22
3501,23
3501,30
3501,32
3501,36
3501,39
3502,4
3502,9
3502,12
3502,13
3502,14
3502,21
3502,28
3502,35
3503,2
3503,3
3503,24
3503,34
3503,40
3504,1
3504,5
3504,7
3504,18
3504,19
3504,20
3504,25
3504,26
3504,33
3504,36
3504,37
3504,39
3505,10
3505,12
3505,13
3505,27
3506,9
3506,14
3506,23
3506,29
3506,30
3506,37
3506,38
3507,2
3507,24
3507,26
3507,36
3508,4
3508,13
3508,18
3508,32
3508,39
3509,12
3509,20
3509,28
3509,35
3509,40
3510,1
3510,6
3510,8
3510,33
3511,2
3511,22
3511,36
3511,37
3512,9
3512,24
3512,25
3512,38
3512,39
3513,20
3513,34
3515,5
3517,36
3518,37
3518,39
3519,40
3523,33
3524,38
3525,39
3527,37
3532,36
3533,39
3541,36
3542,38
3543,37
3544,35
3544,39
3546,40
3548,39
3552,36
3553,39
3554,33
3554,37
3557,39
3559,38
3561,39
3563,36
3565,39
3566,31
3566,37
3569,34
3570,33
3570,38
3571,17
3571,39
3576,36
3577,15
3577,40
3578,39
3579,33
3580,10
3581,36
3584,13
3585,23
3585,35
3586,36
3586,39
3587,2
3587,16
3587,38
3589,27
3589,37
3589,40
3590,18
3590,25
3590,34
3591,3
3591,12
3592,19
3592,24
3593,13
3593,21
3593,29
3593,39
3594,20
3594,23
3594,26
3594,28
3594,33
3594,35
3594,37
3595,7
3595,8
3595,9
3595,30
3595,32
3595,38
3596,1
3596,2
3596,12
3596,14
3596,24
3596,36
3596,40
3597,4
3597,11
3597,17
3597,18
3597,22
3597,39
3598,5
3598,13
3598,20
3598,37
3599,2
3599,6
3599,9
3599,12
3599,25
3599,33
3599,34
3599,38
3600,10
3600,16
3600,24
3600,27
3600,36
3601,19
3601,26
3602,18
3602,29
3602,35
3602,39
3602,40
3603,1
3603,4
3603,9
3603,15
3603,21
3603,23
3603,36
3603,37
3604,38
3605,33
3606,2
3606,24
3606,36
3607,12
3608,39
3609,20
3609,37
3611,36
3611,38
3616,36
3616,38
3621,33
3622,36
3624,38
3625,37
3629,39
3630,36
3632,38
3633,33
3636,39
3637,36
3638,37
3642,36
3643,33
3644,38
3645,36
3646,39
3649,36
3650,35
3651,31
3653,33
3653,36
3654,37
3654,38
3655,39
3659,39
3660,36
3665,39
3666,33
3666,36
3670,39
3671,34
3672,1
3673,15
3674,36
3675,35
3676,38
3676,39
3677,20
3677,40
3678,26
3678,30
3678,37
3679,4
3679,14
3679,18
3679,33
3680,2
3681,7
3681,24
3681,29
3682,12
3682,32
3682,39
3683,3
3683,5
3683,6
3683,9
3683,10
3683,16
3683,17
3683,21
3683,23
3683,25
3683,36
3683,37
3683,38
3684,1
3684,19
3684,22
3685,8
3685,11
3685,18
3685,24
3685,27
3685,28
3685,33
3685,39
3685,40
3686,2
3686,4
3686,9
3686,12
3686,13
3686,14
3686,20
3686,26
3686,29
3686,30
3686,31
3686,35
3686,38
3687,23
3687,25
3687,32
3687,34
3687,36
3687,37
3688,1
3688,5
3688,9
3688,10
3688,15
3688,18
3688,24
3688,33
3688,39
3689,2
3689,3
3689,4
3689,7
3689,12
3689,13
3689,19
3689,27
3690,6
3690,16
3690,17
3690,21
3690,22
3690,28
3690,35
3690,36
3690,40
3691,12
3691,18
3691,20
3691,23
3691,24
3691,26
3691,30
3691,37
3691,38
3691,39
3692,1
3692,8
3692,9
3692,10
3692,13
3693,2
3693,14
3693,19
3693,33
3694,24
3694,25
3694,34
3694,37
3695,11
3695,12
3695,23
3695,27
3695,36
3695,38
3695,39
3695,40
3696,4
3696,9
3697,13
3697,20
3698,18
3699,12
3700,36
3700,37
3700,39
3701,34
3701,38
3704,33
3707,36
3707,38
3708,37
3709,35
3712,36
3713,38
3715,39
3716,36
3717,33
3718,38
3722,39
3723,36
3724,38
3726,33
3727,35
3728,34
3731,38
3732,36
3732,37
3737,36
3738,39
3742,34
3742,36
3742,38
3743,39
3744,33
3747,36
3749,37
3751,39
3753,36
3756,35
3756,39
3759,2
3761,36
3761,39
3762,33
3762,37
3763,34
3766,31
3768,39
3769,27
3770,18
3770,36
3771,4
3771,33
3772,37
3773,38
3774,3
3775,34
3776,7
3776,15
3776,20
3776,26
3776,28
3776,32
3776,39
3777,12
3777,36
3778,18
3779,1
3779,16
3779,35
3779,38
3779,39
3779,40
3780,2
3780,5
3780,24
3780,33
3780,37
3781,23
3781,25
3781,29
3782,19
3782,20
3782,36
3783,13
3783,39
3784,2
3784,9
3784,12
3784,21
3785,6
3785,8
3785,14
3785,24
3785,30
3786,11
3786,36
3786,37
3786,38
3786,39
3786,40
3787,10
3787,13
3787,17
3787,18
3787,22
3787,25
3787,26
3787,33
3787,34
3788,9
3788,23
3789,1
3789,4
3789,12
3789,20
3790,2
3790,19
3790,36
3790,37
3791,24
3791,35
3791,38
3791,39
3792,28
3792,40
3793,5
3793,7
3793,12
3793,15
3795,10
3795,18
3795,36
3795,37
3796,26
3796,39
3796,40
3798,12
3798,33
3800,37
3803,36
3803,38
3806,39
3810,36
3811,35
3814,33
3814,39
3815,34
3819,38
3821,36
3821,37
3823,39
3825,33
3826,37
3831,39
3832,36
3832,37
3837,4
3837,36
3838,31
3838,37
3839,27
3841,36
3842,15
3842,33
3843,10
3843,37
3844,18
3844,39
3845,23
3845,38
3846,1
3846,35
3847,37
3848,30
3849,2
3849,24
3850,3
3850,13
3850,32
3850,36
3851,29
3851,34
3851,39
3852,9
3852,20
3852,37
3853,16
3853,33
3853,40
3854,22
3854,36
3855,4
3855,10
3855,12
3856,6
3857,18
3857,38
3858,5
3858,8
3858,14
3858,24
3858,26
3858,36
3859,25
3859,33
3859,37
3859,39
3859,40
3860,1
3860,2
3860,19
3860,34
3861,13
3861,38
3862,12
3862,18
3863,7
3863,20
3863,24
3863,37
3864,4
3864,17
3864,21
3864,23
3865,36
3865,39
3866,12
3866,34
3866,35
3867,10
3867,11
3867,38
3868,40
3869,29
3869,33
3869,39
3870,2
3870,26
3870,37
3873,36
3874,39
3875,33
3878,36
3878,37
3882,39
3884,37
3885,36
3887,34
3888,39
3890,36
3894,37
3894,39
3898,36
3899,33
3901,39
3903,37
3903,38
3908,36
3909,33
3909,37
3910,39
3915,27
3916,36
3916,37
3917,38
3918,39
3919,20
3920,31
3921,37
3922,12
3922,15
3922,34
3923,36
3924,16
3925,4
3925,33
3925,39
3926,1
3926,24
3926,37
3926,38
3926,40
3927,2
3927,28
3927,35
3928,25
3928,30
3928,32
3929,3
3930,14
3930,18
3930,23
3930,26
3930,37
3930,39
3931,5
3931,7
3931,9
3931,13
3931,19
3931,20
3931,33
3931,34
3932,2
3932,22
3933,1
3933,8
3933,12
3933,17
3933,24
3933,29
3933,36
3933,37
3933,39
3934,4
3934,10
3934,21
3934,38
3935,6
3935,11
3935,18
3935,20
3935,30
3935,35
3935,40
3936,2
3936,25
3936,27
3936,37
3936,39
3937,9
3937,14
3937,15
3937,23
3937,26
3938,12
3938,19
3938,24
3939,33
3940,4
3940,9
3940,13
3940,16
3940,18
3940,28
3940,29
3940,36
3940,37
3940,38
3940,39
3941,10
3941,20
3941,34
3941,40
3942,12
3942,23
3943,35
3943,39
3944,18
3944,24
3945,33
3946,36
3946,37
3946,39
3949,38
3951,36
3951,40
3952,39
3956,36
3956,39
3961,39
3962,36
3963,38
3966,33
3967,36
3968,39
3969,38
3971,37
3972,36
3975,39
3976,33
3979,36
3983,39
3984,37
3985,33
3985,36
3991,36
3992,39
3993,35
3994,33
3994,38
3995,37
3997,39
4001,39
4002,33
4002,34
4002,36
4007,36
4007,39
4009,1
4010,18
4010,31
4010,33
4010,36
4011,37
4011,38
4011,39
4014,15
4015,32
4016,36
4016,39
4019,27
4019,33
4020,2
4020,10
4020,38
4021,5
4021,13
4021,36
4022,24
4023,12
4023,17
4023,18
4023,35
4023,37
4023,39
4024,22
4024,25
4025,9
4025,16
4025,19
4025,23
4025,36
4025,40
4026,2
4026,3
4026,7
4026,28
4026,29
4026,38
4027,10
4027,11
4027,24
4027,26
4027,30
4028,1
4028,4
4028,6
4028,12
4028,13
4028,14
4028,20
4028,21
4028,33
4028,39
4029,8
4029,9
4029,18
4029,23
4029,27
4029,35
4029,37
4029,40
4030,2
4030,19
4030,24
4030,25
4030,26
4030,34
4030,36
4030,38
4031,5
4031,10
4031,12
4031,32
4032,29
4032,30
4032,37
4032,39
4033,4
4033,7
4033,13
4033,14
4033,18
4033,20
4034,1
4034,2
4034,9
4034,15
4034,17
4035,23
4035,24
4035,31
4035,38
4035,40
4036,12
4036,16
4036,22
4036,33
4036,34
4036,35
4036,36
4036,37
4036,39
4037,10
4037,13
4038,5
4038,9
4039,6
4039,25
4039,27
4039,28
4040,20
4040,36
4040,37
4040,38
4042,4
4042,12
4042,18
4042,39
4043,33
4043,35
4046,34
4046,36
4046,37
4046,38
4048,39
4052,36
4053,33
4055,39
4056,38
4057,36
4059,37
4063,36
4064,37
4066,39
4070,36
4070,37
4072,33
4072,35
4077,37
4078,36
4079,38
4079,39
4080,4
4080,20
4083,36
4084,39
4085,38
4087,35
4087,37
4088,39
4091,39
4092,33
4094,38
4095,36
4095,39
4096,15
4099,37
4099,39
4100,38
4104,39
4106,37
4106,38
4108,33
4108,34
4112,39
4115,36
4117,3
4117,21
4117,39
4118,38
4120,31
4120,33
4120,37
4120,39
4120,40
4121,1
4121,26
4121,32
4122,13
4122,18
4122,20
4122,29
4123,30
4124,24
4124,34
4124,36
4125,2
4125,5
4125,12
4125,22
4125,23
4125,25
4125,35
4125,37
4125,38
4125,39
4126,7
4126,8
4126,14
4126,17
4126,27
4126,28
4126,33
4126,40
4127,18
4127,19
4128,2
4128,11
4128,12
4128,16
4128,37
4129,1
4129,20
4129,23
4129,39
4130,9
4130,10
4130,13
4130,24
4130,26
4131,6
4131,25
4131,36
4131,38
4131,40
4132,2
4132,5
4132,12
4132,35
4132,39
4133,4
4133,9
4133,19
4133,24
4133,34
4133,37
4134,18
4134,33
4135,21
4135,27
4135,29
4135,39
4136,32
4138,30
4138,37
4138,39
4139,2
4139,3
4139,36
4141,1
4141,34
4142,39
4144,36
4145,33
4147,35
4148,37
4148,39
4150,15
4152,36
4153,37
4156,39
4157,33
4158,36
4160,39
4162,37
4163,33
4165,36
4166,39
4168,37
4170,12
4172,33
4172,37
4172,38
4172,39
4175,40
4176,39
4177,37
4179,10
4179,33
4181,37
4181,39
4182,34
4182,38
4185,39
4187,36
4188,33
4189,39
4193,31
4194,36
4194,38
4194,39
4195,28
4195,33
4195,37
4197,35
4198,12
4200,18
4200,24
4200,33
4201,7
4201,8
4201,37
4202,4
4202,20
4202,38
4202,39
4203,12
4204,1
4204,5
4204,16
4205,15
4205,17
4205,24
4205,36
4206,2
4206,23
4206,29
4206,37
4206,39
4207,11
4207,12
4207,14
4207,18
4207,26
4207,32
4207,33
4207,35
4207,38
4207,40
4208,25
4208,34
4209,9
4209,10
4209,22
4209,30
4209,39
4210,2
4210,6
4210,19
4210,24
4211,20
4211,21
4211,33
4211,37
4212,4
4212,12
4212,18
4212,23
4212,26
4212,27
4212,36
4212,39
4213,1
4213,9
4213,38
4214,10
4214,13
4214,25
4215,2
4215,7
4215,19
4215,24
4215,28
4215,36
4215,37
4215,40
4216,3
4216,12
4216,14
4216,39
4217,31
4217,34
4217,35
4218,8
4218,9
4218,13
4218,33
4218,39
4220,18
4221,37
4221,38
4221,39
4223,30
4223,36
4225,39
4225,40
4229,33
4229,39
4234,39
4235,34
4235,38
4238,20
4240,36
4240,39
4242,38
4242,40
4245,33
4245,39
4246,35
4251,39
4253,34
4253,36
4254,37
4255,38
4257,39
4259,4
4261,36
4261,37
4262,35
4268,36
4268,37
4268,39
4269,38
4270,40
4272,10
4273,24
4273,39
4275,27
4276,21
4276,37
4277,36
4278,39
4279,31
4279,35
4281,11
4281,13
4281,18
4281,23
4281,25
4281,33
4281,37
4282,32
4283,1
4283,16
4283,17
4283,38
4284,2
4284,12
4284,29
4284,37
4285,3
4285,5
4285,19
4285,20
4285,26
4285,30
4285,36
4285,39
4286,9
4286,28
4286,35
4287,7
4287,14
4287,15
4287,18
4287,23
4287,24
4287,33
4287,37
4288,2
4288,12
4288,13
4288,27
4288,34
4288,36
4288,38
4288,40
4289,1
4289,22
4289,26
4289,39
4290,20
4290,37
4291,6
4291,23
4291,24
4292,4
4292,36
4293,33
4294,2
4294,10
4294,12
4294,38
4296,37
4297,18
4297,35
4297,36
4297,39
4298,24
4301,33
4301,37
4303,38
4307,37
4308,36
4309,39
4311,33
4315,37
4315,38
4317,36
4318,8
4320,39
4321,33
4323,34
4323,40
4324,36
4324,38
4327,37
4332,35
4332,36
4333,39
4335,9
4337,20
4337,37
4338,13
4338,40
4339,34
4339,36
4340,16
4340,33
4340,39
4341,4
4341,24
4341,27
4341,38
4342,17
4343,19
4344,15
4345,5
4345,10
4345,25
4345,36
4346,12
4346,37
4347,18
4347,22
4347,23
4347,34
4347,35
4347,39
4348,9
4348,26
4348,28
4348,29
4349,2
4349,24
4350,11
4350,19
4350,32
4350,40
4351,1
4351,4
4351,6
4351,7
4351,14
4351,18
4351,21
4351,30
4351,33
4351,36
4351,37
4351,38
4351,39
4352,3
4352,9
4352,12
4352,13
4352,20
4353,5
4353,24
4353,34
4354,2
4354,18
4354,23
4354,31
4354,35
4354,39
4355,1
4355,25
4355,26
4355,27
4355,29
4355,36
4355,37
4355,40
4356,12
4356,30
4357,2
4357,14
4357,16
4357,20
4357,32
4357,33
4357,38
4358,4
4359,37
4359,39
4360,12
4361,9
4361,33
4362,8
4362,10
4362,38
4363,36
4365,39
4366,34
4369,38
4371,39
4372,36
4373,37
4374,35
4377,33
4377,39
4380,36
4381,37
4382,39
4386,33
4386,36
4388,39
4391,36
4392,15
4392,38
4395,33
4396,36
4396,39
4398,37
4399,35
4399,36
4400,39
4404,36
4404,39
4407,38
4408,33
4409,36
4409,39
4412,37
4413,20
4414,18
4414,36
4416,39
4417,7
4417,12
4417,38
4418,36
4420,37
4420,39
4421,24
4421,33
4421,40
4422,26
4422,34
4423,36
4424,39
4426,22
4427,1
4427,36
4428,25
4429,2
4429,39
4431,31
4431,32
4432,4
4432,23
4432,36
4432,37
4433,13
4433,19
4433,28
4433,33
4434,10
4434,24
4434,35
4434,39
4435,12
4435,27
4436,3
4436,5
4436,11
4436,20
4437,2
4437,14
4437,17
4437,30
4437,36
4437,37
4438,8
4438,9
4438,13
4438,24
4439,12
4439,15
4439,18
4439,29
4439,35
4439,39
4439,40
4440,7
4440,16
4440,20
4440,25
4440,33
4440,38
4441,6
4441,10
4441,19
4441,21
4441,27
4441,37
4442,9
4442,23
4442,26
4442,34
4443,1
4443,4
4443,24
4443,39
4444,18
4444,36
4444,37
4444,38
4445,2
4445,12
4445,13
4445,30
4445,40
4446,5
4446,29
4448,10
4448,22
4448,35
4448,37
4448,39
4449,36
4449,38
4450,20
4452,33
4454,36
4454,38
4458,37
4458,39
4460,38
4461,36
4463,39
4466,36
4468,37
4468,39
4471,33
4471,38
4472,34
4472,36
4472,39
4474,37
4478,39
4480,36
4480,37
4481,38
4482,34
4484,39
4486,37
4488,36
4489,33
4491,38
4491,39
4492,10
4494,37
4495,15
4495,34
4496,36
4501,35
4501,37
4501,39
4502,9
4502,26
4502,36
4503,33
4505,2
4505,4
4505,39
4506,36
4507,18
4507,24
4509,1
4509,12
4509,16
4509,37
4509,38
4509,39
4510,20
4510,36
4511,33
4512,27
4512,32
4512,35
4513,3
4513,15
4513,21
4513,34
4514,14
4514,18
4514,28
4514,31
4514,39
4515,36
4515,37
4516,20
4516,23
4516,25
4517,8
4517,17
4517,26
4517,40
4518,1
4518,2
4518,6
4518,19
4518,24
4518,30
4519,4
4519,7
4519,9
4519,13
4519,23
4519,29
4519,33
4519,38
4519,39
4520,5
4520,11
4520,12
4520,34
4520,36
4521,18
4521,20
4521,22
4521,24
4521,35
4521,37
4521,40
4522,2
4522,14
4522,25
4523,19
4523,39
4524,10
4524,30
4524,33
4525,12
4525,24
4525,27
4525,28
4525,37
4526,21
4527,13
4527,36
4528,39
4529,33
4530,23
4530,37
4532,10
4532,36
4532,39
4534,32
4536,39
4538,12
4538,36
4539,33
4539,37
4542,39
4546,34
4546,39
4547,36
4547,38
4549,37
4550,39
4553,39
4555,37
4556,36
4557,33
4558,39
4560,37
4561,39
4563,36
4564,37
4566,39
4567,10
4567,33
4568,36
4569,37
4570,1
4572,39
4573,36
4574,37
4575,33
4575,38
4576,4
4577,24
4579,39
4580,37
4581,5
4581,15
4581,36
4582,38
4583,29
4583,39
4585,3
4585,16
4585,35
4586,18
4586,31
4586,37
4587,33
4588,2
4588,8
4588,39
4589,26
4589,30
4589,38
4590,1
4590,7
4590,12
4590,34
4590,36
4591,37
4592,17
4592,20
4592,23
4592,25
4592,33
4592,39
4593,40
4594,14
4594,38
4595,9
4596,4
4596,12
4596,27
4597,2
4597,28
4598,23
4598,36
4598,37
4598,39
4599,11
4599,13
4599,18
4599,19
4599,38
4600,22
4600,24
4600,34
4601,6
4601,10
4601,12
4601,33
4601,35
4602,20
4602,27
4602,39
4603,36
4603,37
4603,38
4603,40
4604,2
4605,5
4605,9
4605,18
4605,26
4605,32
4606,1
4607,12
4608,36
4608,37
4608,38
4608,39
4609,9
4609,18
4609,29
4610,20
4610,24
4610,33
4611,21
4611,34
4611,35
4612,39
4613,38
4615,20
4615,36
4615,37
4616,39
4621,36
4621,39
4622,38
4624,39
4625,35
4626,33
4628,39
4631,36
4633,39
4637,15
4637,36
4638,10
4638,33
4638,38
4639,39
4639,40
4641,37
4644,39
4650,39
4651,10
4651,36
4652,37
4654,13
4654,24
4654,35
4655,38
4656,39
4657,37
4658,7
4659,9
4661,25
4661,39
4662,30
4662,31
4662,34
4663,17
4663,33
4664,4
4664,21
4664,36
4664,40
4665,2
4665,3
4665,16
4665,23
4666,1
4666,8
4666,26
4666,37
4667,12
4667,14
4667,20
4668,9
4668,13
4668,15
4668,19
4668,27
4668,28
4668,36
4668,39
4669,2
4669,6
4669,11
4669,18
4669,23
4669,32
4669,33
4669,35
4669,37
4669,38
4669,40
4670,22
4670,24
4671,5
4671,10
4671,12
4671,20
4671,29
4671,36
4672,1
4672,13
4672,25
4672,34
4673,2
4673,18
4673,19
4673,39
4674,7
4674,9
4674,24
4674,33
4674,35
4674,36
4674,37
4674,38
4675,26
4677,12
4677,40
4679,4
4679,20
4679,37
4679,39
4683,36
4684,37
4689,37
4690,39
4691,36
4695,33
4695,39
4696,37
4699,36
4700,10
4700,39
4703,36
4703,37
4704,39
4705,35
4709,33
4709,36
4709,39
4711,37
4714,36
4717,37
4718,38
4719,36
4719,39
4720,17
4723,33
4723,36
4724,12
4725,37
4725,39
4728,36
4730,37
4733,31
4733,37
4734,36
4734,38
4735,24
4735,33
4737,27
4737,37
4737,39
4740,1
4740,36
4742,37
4742,39
4743,4
4744,15
4744,18
4745,36
4746,2
4747,5
4747,10
4748,16
4748,20
4748,32
4748,37
4748,39
4749,6
4749,34
4749,35
4749,38
4749,40
4750,12
4750,14
4750,22
4750,33
4750,36
4751,23
4751,25
4751,26
4752,2
4752,18
4752,21
4752,29
4752,39
4753,10
4753,30
4754,7
4754,13
4754,19
4754,24
4754,28
4754,37
4755,3
4755,4
4755,8
4755,9
4755,12
4755,20
4755,23
4755,33
4755,36
4755,39
4756,1
4756,11
4756,25
4756,26
4756,35
4756,38
4756,40
4757,2
4757,14
4757,18
4757,24
4757,34
4758,5
4758,10
4758,12
4758,13
4758,27
4758,29
4758,37
4759,17
4759,39
4760,9
4760,19
4760,20
4760,23
4760,30
4760,36
4760,37
4761,7
4761,16
4761,24
4761,28
4761,32
4761,35
4762,2
4762,18
4762,33
4762,38
4762,40
4763,12
4763,39
4764,13
4765,20
4765,34
4765,36
4765,37
4768,39
4772,37
4774,38
4775,39
4777,34
4778,36
4780,37
4780,39
4781,38
4786,33
4788,39
4789,36
4789,37
4791,34
4791,38
4796,37
4796,39
4801,38
4802,36
4803,37
4804,34
4804,35
4806,39
4807,33
4808,38
4812,37
4815,39
4817,36
4817,38
4818,10
4820,34
4821,18
4821,35
4823,39
4824,15
4826,36
4827,39
4828,33
4828,37
4830,4
4831,36
4834,24
4834,31
4835,1
4835,37
4835,39
4836,3
4836,27
4836,36
4837,6
4837,38
4839,2
4839,11
4839,20
4839,22
4840,23
4840,25
4840,26
4840,29
4840,37
4841,12
4841,33
4841,36
4841,39
4842,1
4842,2
4842,9
4842,14
4842,32
4842,38
4843,4
4843,8
4843,17
4843,18
4843,19
4843,21
4843,24
4843,27
4843,28
4843,35
4844,5
4844,7
4844,13
4844,20
4844,30
4844,34
4844,37
4844,39
4845,2
4845,9
4845,12
4845,16
4845,33
4845,40
4846,10
4846,11
4846,18
4846,23
4846,24
4846,26
4846,36
4846,38
4847,1
4847,3
4847,19
4847,25
4847,29
4847,39
4848,12
4848,21
4848,35
4848,37
4849,9
4849,14
4849,15
4849,36
4850,20
4850,24
4850,28
4850,33
4850,39
4851,2
4851,13
4851,17
4851,30
4851,32
4851,40
4852,10
4852,18
4853,36
4853,37
4854,9
4854,26
4854,39
4855,33
4855,38
4856,12
4856,23
4856,35
4856,40
4858,36
4859,37
4862,33
4862,38
4863,39
4864,36
4867,37
4869,36
4870,38
4870,39
4871,33
4875,36
4875,37
4877,39
4880,36
4882,38
4882,39
4883,37
4886,36
4886,39
4891,36
4891,39
4892,10
4892,38
4893,37
4894,33
4897,39
4900,36
4901,37
4903,39
4904,10
4904,38
4908,15
4908,39
4909,37
4910,34
4911,33
4912,40
4913,7
4914,39
4919,12
4919,36
4920,18
4921,39
4922,8
4922,16
4922,25
4922,33
4922,34
4922,37
4922,38
4923,31
4924,13
4924,24
4925,2
4925,17
4925,26
4926,5
4926,36
4927,1
4927,4
4927,22
4928,9
4928,12
4928,20
4928,37
4928,38
4928,39
4929,2
4929,6
4929,14
4929,15
4929,23
4929,24
4929,27
4929,32
4929,35
4929,40
4930,10
4930,18
4930,19
4930,21
4930,30
4930,33
4930,36
4931,11
4931,29
4932,3
4932,4
4932,5
4932,9
4932,13
4932,23
4932,28
4932,37
4932,39
4933,2
4933,12
4933,20
4933,24
4933,25
4933,26
4933,34
4933,40
4934,1
4934,18
4934,19
4934,27
4934,35
4934,36
4934,38
4935,16
4935,33
4935,39
4936,7
4936,10
4936,20
4936,37
4937,9
4937,23
4937,30
4938,12
4938,13
4938,36
4939,21
4939,24
4940,2
4940,14
4940,22
4940,35
4940,39
4940,40
4941,37
4941,38
4943,33
4944,34
4948,36
4948,37
4949,35
4949,39
4956,36
4956,37
4956,39
4960,35
4963,33
4963,37
4963,39
4967,38
4969,36
4970,37
4970,39
4977,33
4977,36
4977,38
4982,4
4982,39
4983,36
4985,20
4985,35
4986,33
4987,36
4990,27
4990,39
4991,15
4991,37
4992,4
4992,24
4992,36
4994,18
4995,33
4996,10
4996,36
4997,26
4997,31
4997,38
4998,29
4999,7
4999,12
4999,35
4999,37
5000,1
5000,23
5000,36
5000,39
