8,12
9,6
10,2
10,13
10,21
10,22
10,25
10,29
10,31
10,32
11,3
11,7
11,10
11,27
11,33
11,36
12,11
12,17
12,18
12,19
12,20
12,24
12,30
12,38
12,40
13,1
13,9
13,14
13,15
13,16
13,23
13,26
13,28
13,34
13,39
14,4
14,5
14,8
14,35
14,37
15,21
16,17
16,36
17,12
17,25
18,38
19,16
19,33
19,37
19,40
20,19
20,34
24,35
25,37
27,33
28,36
29,39
30,34
30,35
33,37
34,36
34,38
36,33
37,35
37,39
40,34
40,38
41,40
42,35
43,36
44,33
46,37
47,35
48,38
49,36
50,34
51,37
52,33
52,35
55,40
56,39
58,35
58,37
59,34
60,36
63,35
66,40
67,4
67,34
68,36
68,37
68,38
72,35
73,9
73,37
75,19
75,34
75,36
77,30
78,35
79,37
79,38
80,11
81,3
81,34
81,36
82,13
82,32
82,33
82,40
83,6
83,23
84,28
85,31
85,34
85,36
86,7
86,16
86,17
86,37
87,8
87,33
88,2
88,20
88,21
89,15
89,18
90,14
90,25
90,38
90,39
91,10
91,24
91,36
91,37
92,12
92,22
92,33
92,34
92,35
92,40
93,1
93,27
94,19
95,16
96,26
96,34
97,35
97,38
98,29
98,36
98,37
99,40
101,34
103,37
105,35
107,33
107,39
108,34
109,37
109,38
110,35
113,37
115,33
115,36
116,34
116,37
120,37
121,36
122,17
122,39
122,40
123,33
124,35
124,38
125,37
126,34
129,33
129,40
130,36
130,37
130,38
131,35
132,34
134,40
135,33
135,37
136,36
136,38
138,34
138,40
141,33
141,37
143,38
143,40
144,36
145,16
145,19
146,33
147,23
147,34
147,37
148,40
149,7
150,36
151,35
152,6
152,38
152,40
153,33
154,34
155,20
155,39
157,4
157,36
157,40
159,25
160,31
161,18
161,30
161,37
162,38
162,40
163,21
163,33
163,34
164,11
165,12
165,13
165,17
165,28
165,36
166,14
166,32
166,37
167,8
168,29
168,40
169,33
169,34
169,38
169,39
170,1
170,15
170,36
171,35
172,5
172,6
173,2
173,24
174,27
174,37
174,40
175,19
175,38
176,34
177,35
178,3
178,22
179,33
180,37
181,36
181,40
182,38
183,10
184,19
184,37
185,35
186,40
187,39
188,34
188,37
188,38
191,36
192,37
193,40
194,35
196,37
197,33
197,38
199,37
200,34
200,40
202,38
203,37
204,9
207,33
207,37
207,39
208,36
208,38
209,17
209,35
210,16
211,37
212,34
212,40
213,38
215,35
215,36
217,37
218,38
220,33
220,34
221,36
221,37
225,7
225,37
225,38
226,39
229,21
229,37
230,11
230,34
230,35
230,38
230,40
231,23
231,31
231,36
232,30
232,33
234,20
234,28
234,37
235,25
236,27
237,12
237,16
237,36
238,34
238,38
239,8
240,17
240,19
240,32
240,39
241,4
241,33
241,35
241,37
241,40
243,3
243,38
245,1
245,24
245,36
247,37
248,34
248,35
248,38
248,40
249,18
251,13
251,33
254,36
255,6
255,34
255,37
255,38
256,26
257,33
259,39
260,37
260,40
262,34
262,38
265,40
267,35
268,37
269,38
271,34
271,36
272,33
274,37
274,38
274,40
277,22
278,34
278,35
280,37
280,38
281,19
281,40
282,33
283,34
283,36
284,9
284,15
285,38
287,39
288,40
289,34
289,35
290,37
291,17
291,38
292,16
292,36
294,5
295,29
295,34
296,39
296,40
297,33
298,2
298,20
298,21
299,14
299,35
299,37
299,38
300,40
301,12
301,31
302,10
302,11
302,34
302,36
303,1
304,33
304,38
304,40
305,25
305,35
306,17
306,39
308,28
309,40
310,7
310,30
310,37
311,33
311,34
312,35
313,38
314,19
314,24
315,8
316,23
316,40
317,36
319,27
319,32
319,33
320,37
321,38
322,3
322,13
322,26
322,34
324,4
325,18
325,35
325,39
325,40
326,36
326,37
327,33
327,34
332,16
332,37
333,35
335,36
335,37
335,38
336,33
337,34
339,6
340,37
342,11
342,35
342,38
343,37
343,39
344,33
344,34
344,40
346,36
346,38
348,37
349,40
352,34
352,37
352,38
354,17
354,35
355,21
356,33
358,37
359,38
359,40
361,15
361,39
364,35
364,37
366,34
367,40
368,33
369,36
369,38
372,7
372,40
373,33
374,37
374,39
377,35
377,40
378,28
378,33
378,34
379,38
380,31
381,23
382,25
382,36
382,37
383,12
383,40
384,14
384,33
384,39
385,30
386,20
386,38
387,35
388,34
389,1
389,19
389,22
389,37
389,40
390,10
391,16
391,17
392,35
393,34
394,2
394,36
394,38
395,27
395,37
396,8
396,9
396,39
397,4
397,29
397,40
398,19
398,33
398,34
399,32
400,11
400,36
401,35
401,37
402,3
402,38
403,5
404,6
405,13
405,33
405,34
405,35
406,40
407,37
409,24
410,34
410,39
412,36
412,37
412,38
413,35
416,34
418,33
418,37
419,36
419,38
419,39
420,18
420,35
423,40
424,21
425,33
425,36
426,34
426,37
427,38
428,35
429,31
430,17
431,34
433,33
435,36
435,37
436,35
436,38
437,28
437,34
440,39
441,40
442,34
442,36
444,35
444,38
445,33
445,37
449,35
450,34
450,37
451,33
452,38
454,7
454,36
455,34
456,37
457,16
457,23
457,33
458,35
459,15
459,25
460,34
460,37
461,30
461,33
461,38
462,19
462,36
463,2
465,17
465,33
465,40
466,11
466,20
466,34
466,37
466,38
467,35
470,38
471,12
471,33
471,36
472,34
472,37
474,38
476,37
476,40
478,34
478,35
479,38
480,6
480,33
481,4
481,37
482,39
484,38
485,1
485,34
485,36
486,27
486,37
487,31
487,33
487,38
488,9
489,18
490,16
490,22
491,13
491,34
491,37
491,38
492,39
493,32
493,36
494,35
495,8
495,38
496,26
497,37
498,10
498,34
499,33
499,39
500,24
500,36
500,38
500,40
503,21
505,40
506,3
506,36
506,37
506,38
507,11
508,39
509,34
510,14
510,19
510,33
511,29
511,37
512,36
512,38
513,5
513,40
514,28
516,37
517,25
518,35
518,39
521,33
521,34
522,37
522,40
523,35
523,36
528,35
528,38
529,33
529,36
531,34
531,37
532,35
534,40
538,35
539,30
539,34
539,37
539,40
540,36
541,12
541,33
543,23
543,35
544,15
544,39
546,17
546,34
546,40
547,33
547,35
551,36
551,37
552,7
553,35
553,40
554,33
554,34
556,21
557,4
559,33
559,35
559,37
560,6
560,34
560,40
561,27
562,8
563,38
564,16
564,19
564,35
565,20
565,33
565,34
565,37
567,36
568,9
568,31
569,35
570,3
572,40
573,33
573,34
573,35
573,36
573,37
574,28
574,38
575,22
576,39
578,32
578,35
578,36
579,33
579,38
581,11
581,34
582,25
582,35
582,36
583,40
584,38
585,33
587,29
587,34
587,35
587,37
589,36
590,17
590,35
591,39
592,34
592,38
593,12
593,24
594,19
594,33
594,35
595,2
596,18
597,40
598,1
598,34
598,36
599,37
599,38
600,33
600,35
604,13
604,16
604,34
605,36
605,37
606,35
606,38
606,40
607,33
611,34
611,37
612,35
612,38
613,33
613,36
613,40
615,39
617,37
618,40
619,33
619,34
620,35
622,37
623,14
623,30
623,38
624,21
624,34
625,33
625,35
626,40
628,23
629,37
630,34
631,27
631,31
632,35
632,36
633,38
633,39
633,40
634,5
634,33
636,7
636,19
637,34
638,6
638,28
639,26
639,40
640,4
640,35
640,38
641,10
641,37
643,8
643,11
643,22
643,36
644,3
644,33
645,17
645,25
645,34
645,38
645,39
646,9
646,32
646,37
646,40
647,20
648,35
651,15
651,16
651,37
651,38
651,39
653,34
654,35
654,36
655,40
658,33
658,34
658,37
659,40
662,38
663,37
664,34
664,36
664,40
667,21
668,37
669,34
670,38
670,40
671,33
673,39
674,34
674,37
675,35
676,1
677,36
679,18
680,34
680,40
681,37
681,39
682,12
682,35
682,38
684,33
685,17
685,36
686,34
688,37
688,39
689,13
689,19
690,33
691,2
691,34
691,35
693,36
693,38
693,40
698,34
700,37
701,33
701,35
701,36
702,30
703,40
704,37
704,38
705,29
706,6
706,31
706,34
709,36
710,35
710,37
711,16
713,33
713,40
714,11
714,22
714,23
714,34
714,38
715,25
715,27
715,37
717,14
717,39
718,17
718,38
719,3
720,36
721,19
721,20
721,28
721,34
721,40
722,33
723,5
724,7
724,24
724,35
724,37
726,4
726,15
726,21
726,40
727,36
728,35
729,8
729,32
729,34
731,26
731,37
733,40
734,33
734,35
734,36
735,34
738,37
739,40
740,9
741,33
741,38
742,35
743,34
744,37
744,39
744,40
745,36
748,33
750,38
750,40
751,34
751,37
752,17
754,16
754,35
755,39
756,38
757,34
757,37
759,40
760,33
760,38
761,36
761,37
763,35
764,33
765,13
765,34
765,37
765,38
766,18
767,36
769,12
769,33
770,35
771,34
771,38
771,40
772,37
773,10
775,33
776,1
777,37
777,38
778,36
779,34
779,35
780,19
780,33
783,30
784,38
785,6
785,36
785,37
786,33
786,40
787,28
787,31
787,34
788,35
790,39
791,11
792,37
793,21
793,23
794,38
795,25
795,27
795,33
796,14
796,34
797,35
797,36
798,2
798,17
798,40
799,7
799,38
799,39
800,16
800,29
800,37
801,19
803,20
804,35
805,4
805,24
805,34
805,37
805,38
806,3
807,33
807,36
807,39
809,35
809,37
810,34
811,38
813,33
814,35
815,37
816,34
818,33
818,36
818,38
818,40
821,35
821,37
822,15
823,34
824,33
827,38
828,8
829,22
829,37
830,9
830,33
830,35
830,40
832,34
832,38
833,12
833,13
835,37
835,39
836,31
836,35
836,36
837,33
837,34
837,38
841,40
842,38
843,37
845,19
845,33
846,32
846,34
847,38
847,40
848,18
848,35
849,17
849,36
850,33
853,1
854,33
854,37
856,28
856,38
856,40
857,7
857,26
858,33
858,34
858,35
858,39
859,10
860,16
861,37
862,21
862,33
863,11
863,34
864,23
864,38
865,33
865,36
865,37
866,35
867,27
867,30
868,40
869,33
869,34
870,20
871,19
871,37
872,35
874,6
874,15
875,25
875,33
875,37
875,38
876,40
878,3
878,34
879,24
879,35
880,33
880,37
881,36
881,40
883,4
883,5
885,33
885,40
886,35
886,37
888,34
889,8
889,38
889,40
890,14
891,39
892,36
892,37
893,33
893,35
893,40
897,40
898,33
898,34
899,37
900,29
902,35
902,38
902,40
903,12
903,36
904,33
904,37
906,39
907,40
908,34
909,17
909,36
910,31
910,35
910,38
911,37
911,40
912,19
913,33
915,28
915,35
916,1
916,21
916,36
916,40
918,22
918,37
919,9
919,32
919,34
920,33
921,16
921,38
923,11
923,36
923,40
924,26
924,39
925,2
925,18
925,35
927,37
929,27
929,34
930,17
930,33
930,35
930,36
930,38
932,7
935,6
935,20
935,40
936,34
936,37
937,19
937,33
937,35
939,36
941,10
941,25
943,30
944,40
945,33
945,38
946,4
946,37
947,23
947,34
947,36
948,13
949,35
949,39
950,38
952,34
953,40
954,35
955,33
955,36
956,37
957,34
959,40
961,35
961,38
962,34
962,36
966,37
967,3
967,34
967,36
968,5
969,38
971,36
971,37
972,33
972,40
973,35
973,39
975,8
976,38
977,11
977,34
978,37
979,36
981,35
981,38
982,24
983,33
983,37
983,40
985,21
985,36
987,19
988,34
988,38
989,33
990,35
991,31
991,36
992,16
992,38
994,29
994,37
995,39
996,28
996,34
997,12
997,33
997,38
998,35
998,36
998,40
999,17
1000,1
1000,15
1000,37
1002,33
1002,38
1003,25
1004,37
1005,34
1006,33
1007,7
1007,38
1007,40
1008,2
1008,9
1008,36
1009,18
1009,35
1009,37
1012,23
1012,34
1012,38
1013,33
1015,32
1015,39
1016,36
1016,37
1016,40
1017,34
1017,35
1019,33
1021,20
1021,30
1021,38
1022,36
1023,33
1023,34
1023,37
1024,27
1025,40
1026,6
1026,38
1027,16
1027,21
1029,33
1029,34
1030,36
1031,19
1031,37
1031,38
1032,17
1032,26
1035,36
1035,37
1035,40
1036,33
1036,39
1037,4
1037,11
1037,34
1038,38
1041,37
1043,34
1044,13
1044,33
1044,35
1045,3
1045,37
1046,36
1047,34
1047,38
1048,39
1048,40
1049,37
1050,22
1051,35
1053,14
1053,34
1053,37
1054,31
1055,10
1055,38
1057,39
1058,36
1058,37
1059,33
1059,40
1060,12
1061,35
1061,38
1063,34
1063,37
1065,40
1066,39
1068,34
1068,37
1069,5
1069,38
1070,35
1070,40
1071,33
1072,37
1075,37
1076,34
1076,38
1076,40
1077,33
1078,37
1078,39
1079,36
1080,18
1080,35
1081,40
1082,37
1084,8
1084,34
1085,33
1086,37
1086,40
1087,1
1088,15
1088,25
1089,35
1090,36
1091,24
1091,28
1091,34
1091,37
1092,19
1092,33
1093,16
1093,17
1093,23
1093,32
1093,40
1094,30
1094,38
1095,7
1097,11
1097,20
1097,21
1097,27
1097,36
1098,2
1098,17
1098,37
1098,40
1100,6
1100,29
1100,38
1100,39
1101,34
1102,9
1102,19
1103,26
1103,31
1103,40
1105,4
1105,35
1106,3
1106,36
1108,37
1109,34
1109,35
1109,38
1109,40
1110,22
1114,40
1115,35
1117,34
1118,37
1118,39
1119,38
1120,33
1122,34
1122,40
1125,33
1125,35
1126,34
1127,37
1128,40
1131,34
1132,12
1132,33
1132,36
1132,37
1132,40
1133,35
1134,16
1135,34
1138,33
1139,37
1139,39
1139,40
1141,34
1143,35
1144,36
1144,38
1144,40
1145,34
1145,37
1149,33
1150,13
1150,37
1151,30
1151,40
1153,34
1154,33
1154,38
1156,10
1156,23
1156,37
1157,6
1157,14
1157,28
1157,36
1158,33
1158,40
1159,21
1159,39
1160,17
1160,34
1161,8
1161,25
1162,1
1162,11
1162,18
1162,35
1163,33
1163,37
1164,19
1164,38
1164,40
1165,15
1165,24
1165,27
1168,33
1169,34
1169,38
1170,16
1170,37
1170,39
1171,7
1171,19
1174,36
1176,33
1176,35
1176,38
1177,3
1177,40
1178,31
1179,9
1179,39
1180,34
1181,26
1181,37
1182,38
1183,35
1184,22
1185,12
1185,20
1185,33
1185,36
1187,35
1187,38
1189,33
1190,34
1191,29
1191,32
1191,37
1191,40
1193,38
1194,35
1196,33
1196,34
1196,36
1196,39
1199,40
1200,38
1201,4
1203,34
1203,35
1204,33
1206,37
1206,38
1206,40
1208,5
1210,35
1211,40
1212,36
1213,33
1213,37
1214,34
1214,38
1216,39
1216,40
1219,37
1220,35
1221,40
1222,13
1222,34
1223,16
1224,21
1224,33
1226,35
1226,37
1226,38
1227,31
1227,36
1228,40
1230,30
1231,11
1231,35
1231,37
1234,19
1234,28
1235,6
1235,37
1236,8
1236,25
1236,33
1237,17
1237,34
1237,38
1237,40
1238,35
1238,36
1238,39
1240,1
1240,37
1241,19
1242,24
1243,18
1243,20
1244,14
1244,35
1245,37
1246,12
1246,36
1246,38
1246,39
1246,40
1248,27
1249,23
1249,33
1249,35
1252,34
1252,36
1255,38
1255,40
1256,35
1258,2
1258,7
1261,34
1261,37
1263,32
1263,36
1263,38
1264,3
1265,10
1266,37
1267,35
1268,33
1268,40
1269,19
1270,29
1270,34
1272,36
1273,4
1273,9
1275,34
1275,37
1275,40
1277,33
1277,38
1280,16
1280,17
1281,34
1282,37
1282,38
1283,35
1283,36
1283,40
1284,39
1285,33
1286,15
1288,38
1289,26
1289,40
1291,35
1291,37
1292,25
1292,34
1293,36
1294,33
1295,38
1297,11
1297,40
1298,8
1298,37
1301,34
1302,30
1302,38
1303,12
1303,40
1304,17
1304,31
1306,22
1306,33
1306,39
1307,21
1307,34
1307,36
1307,37
1308,28
1308,35
1309,38
1310,16
1310,19
1311,1
1311,6
1313,40
1314,18
1314,23
1314,38
1315,33
1315,36
1316,34
1317,24
1319,37
1320,27
1321,35
1322,38
1324,34
1325,2
1325,39
1326,33
1327,13
1327,36
1328,40
1330,5
1330,37
1330,38
1331,3
1332,34
1332,35
1335,36
1335,38
1335,39
1337,33
1337,37
1340,38
1341,4
1344,33
1344,37
1345,20
1345,40
1346,34
1347,7
1347,35
1347,38
1348,36
1349,14
1349,37
1350,40
1352,19
1353,38
1354,34
1356,35
1356,40
1357,37
1358,21
1358,33
1359,36
1359,38
1360,32
1360,34
1362,37
1363,40
1365,16
1365,38
1366,34
1367,11
1367,35
1368,8
1368,15
1368,39
1369,17
1369,37
1369,40
1371,36
1373,33
1373,38
1374,34
1374,37
1375,9
1375,12
1375,26
1375,40
1379,28
1379,35
1379,37
1380,31
1380,38
1381,1
1382,33
1382,34
1382,39
1383,37
1384,25
1384,40
1385,30
1387,37
1387,38
1388,3
1388,35
1389,10
1389,40
1390,6
1390,33
1391,18
1391,19
1391,23
1392,36
1392,37
1393,13
1394,34
1394,35
1394,38
1395,29
1395,40
1396,33
1397,37
1398,36
1400,35
1400,38
1401,39
1402,33
1402,34
1402,37
1404,36
1405,38
1407,40
1408,37
1410,35
1410,38
1411,33
1411,34
1414,36
1414,38
1415,7
1415,27
1416,37
1417,34
1419,38
1419,40
1420,16
1420,32
1422,17
1422,33
1423,35
1424,20
1424,34
1424,37
1424,38
1425,19
1425,24
1426,2
1426,36
1427,21
1429,38
1430,40
1431,12
1431,33
1431,39
1432,34
1432,36
1433,31
1434,11
1434,37
1434,40
1435,22
1435,38
1436,1
1437,25
1437,36
1439,34
1440,33
1440,37
1441,38
1441,40
1442,17
1442,39
1443,36
1445,16
1446,28
1447,34
1448,35
1448,39
1448,40
1449,37
1450,36
1454,33
1455,38
1456,34
1456,35
1456,37
1456,40
1457,39
1458,4
1458,8
1458,9
1458,36
1460,14
1460,40
1461,38
1462,30
1462,33
1464,18
1464,37
1464,40
1465,13
1466,39
1467,6
1467,23
1468,36
1469,10
1469,33
1469,34
1469,35
1469,38
1470,40
1472,5
1472,17
1473,21
1474,37
1474,40
1475,33
1476,34
1476,35
1477,38
1479,15
1479,33
1481,38
1482,19
1482,34
1482,35
1482,37
1482,40
1483,29
1484,27
1485,33
1486,3
1486,36
1487,35
1487,40
1488,34
1488,38
1489,26
1490,37
1490,39
1491,7
1491,36
1492,35
1493,31
1493,33
1494,11
1494,32
1494,34
1495,4
1496,38
1496,40
1498,36
1499,24
1499,35
1502,16
1502,33
1502,37
1502,38
1503,34
1503,40
1504,36
1504,39
1507,35
1507,40
1508,38
1509,33
1510,34
1513,35
1513,36
1513,38
1513,40
1515,37
1516,33
1519,17
1519,34
1521,35
1522,38
1522,40
1524,20
1524,36
1525,37
1526,2
1527,28
1528,12
1528,33
1528,34
1529,19
1529,38
1529,39
1530,35
1531,36
1532,33
1533,40
1534,34
1535,21
1535,25
1537,33
1538,36
1538,38
1539,8
1539,40
1540,1
1540,34
1540,37
1541,35
1544,6
1544,18
1545,13
1545,37
1546,33
1546,34
1546,36
1548,35
1549,22
1550,9
1551,14
1551,23
1551,31
1551,33
1551,37
1551,38
1551,39
1554,16
1554,34
1554,36
1554,40
1555,12
1556,38
1557,3
1558,30
1558,35
1559,37
1560,17
1561,40
1562,4
1562,33
1562,34
1563,19
1563,29
1563,36
1564,37
1565,38
1566,39
1567,11
1567,33
1569,38
1570,34
1571,37
1571,40
1572,33
1573,35
1574,7
1574,36
1576,38
1577,37
1577,40
1578,33
1579,35
1580,36
1583,27
1584,40
1585,33
1585,34
1585,37
1585,38
1586,32
1587,35
1587,36
1588,5
1589,15
1590,40
1592,24
1592,37
1595,38
1595,40
1596,26
1596,36
1597,28
1597,39
1598,25
1598,33
1598,35
1599,19
1599,34
1599,37
1600,20
1601,21
1602,17
1602,40
1603,36
1604,8
1604,10
1605,33
1606,6
1606,16
1606,35
1606,38
1607,34
1607,37
1607,40
1611,17
1612,33
1613,35
1614,40
1615,39
1616,36
1616,37
1620,1
1620,2
1620,33
1621,34
1621,38
1622,37
1622,40
1623,18
1625,39
1626,34
1626,35
1627,22
1629,31
1630,30
1630,33
1630,38
1631,3
1631,34
1631,36
1632,23
1633,40
1634,12
1634,37
1635,19
1635,36
1635,39
1636,16
1636,38
1637,34
1638,4
1640,13
1640,33
1640,35
1641,7
1642,36
1643,34
1643,38
1645,29
1647,40
1648,33
1649,38
1650,34
1650,37
1651,11
1651,35
1652,40
1655,33
1657,40
1658,34
1660,36
1661,26
1662,37
1662,38
1663,15
1663,39
1664,33
1664,34
1664,35
1664,40
1668,28
1669,8
1669,34
1669,35
1670,21
1670,36
1671,9
1671,33
1672,40
1673,37
1673,38
1674,6
1674,17
1674,27
1674,32
1675,25
1675,34
1676,12
1676,33
1677,16
1677,19
1678,24
1678,35
1678,37
1678,39
1679,20
1679,38
1680,2
1680,3
1680,33
1680,36
1681,14
1681,40
1682,17
1682,31
1682,34
1682,37
1686,37
1686,38
1687,33
1688,35
1689,1
1690,37
1692,36
1692,38
1692,39
1693,33
1693,34
1693,37
1695,18
1696,38
1697,37
1700,40
1701,33
1701,36
1701,37
1702,38
1703,34
1703,35
1704,37
1705,10
1706,33
1707,36
1707,37
1708,39
1709,11
1709,38
1710,34
1710,40
1712,36
1712,37
1713,33
1714,34
1716,37
1716,38
1718,30
1718,35
1719,34
1719,36
1719,39
1720,37
1722,38
1723,4
1723,37
1724,23
1724,33
1725,34
1725,36
1726,35
1727,37
1729,40
1730,38
1732,5
1732,13
1732,34
1732,36
1732,37
1734,40
1735,33
1737,35
1738,19
1738,37
1738,39
1739,38
1740,36
1741,6
1741,34
1742,25
1742,33
1743,37
1744,7
1744,35
1745,27
1745,40
1746,17
1747,21
1747,28
1747,31
1747,37
1748,33
1748,34
1749,22
1749,38
1750,16
1751,40
1752,8
1752,12
1752,37
1753,33
1753,35
1753,36
1754,9
1754,14
1754,34
1755,29
1756,37
1756,39
1756,40
1758,20
1758,36
1759,15
1759,33
1761,17
1761,35
1762,37
1763,34
1763,38
1764,24
1764,33
1764,36
1765,1
1765,32
1767,40
1768,39
1770,26
1771,18
1772,34
1772,37
1772,38
1773,3
1773,33
1774,2
1774,36
1775,30
1775,35
1777,19
1777,39
1778,33
1779,34
1779,36
1779,40
1780,11
1780,37
1783,38
1785,34
1785,35
1786,33
1786,40
1788,37
1792,35
1794,36
1794,37
1794,39
1796,33
1797,34
1797,38
1799,36
1801,4
1801,33
1802,16
1802,34
1803,35
1803,40
1804,37
1805,17
1805,36
1807,38
1808,34
1808,35
1809,33
1811,37
1812,39
1813,33
1813,36
1814,34
1814,35
1817,40
1819,13
1820,33
1820,35
1822,22
1822,34
1822,37
1822,38
1822,39
1823,31
1823,36
1826,33
1827,12
1827,21
1828,37
1828,38
1829,28
1829,35
1830,10
1831,6
1831,27
1831,33
1831,40
1832,34
1833,36
1834,11
1835,7
1835,37
1836,19
1836,23
1837,25
1837,29
1837,34
1837,38
1838,33
1838,39
1839,17
1840,40
1841,35
1841,36
1842,30
1843,2
1843,3
1843,33
1844,8
1846,34
1846,37
1846,38
1847,20
1847,40
1848,19
1848,32
1848,33
1848,39
1852,15
1853,9
1853,34
1854,16
1854,33
1854,36
1855,5
1855,24
1855,26
1855,35
1857,1
1857,37
1857,38
1859,18
1859,33
1859,39
1860,35
1861,4
1861,34
1861,40
1862,36
1867,34
1868,33
1869,37
1869,40
1870,35
1870,36
1870,38
1874,37
1874,40
1875,38
1876,34
1877,35
1879,14
1879,33
1880,36
1880,37
1880,39
1883,38
1883,40
1884,34
1884,37
1887,33
1888,21
1888,35
1888,37
1888,38
1889,36
1890,34
1892,33
1892,37
1893,31
1894,38
1896,34
1896,36
1896,37
1896,39
1897,33
1897,35
1898,40
1899,38
1902,12
1902,37
1903,34
1903,40
1904,13
1904,33
1904,36
1904,38
1906,25
1907,19
1907,23
1907,28
1907,35
1908,33
1908,40
1909,36
1910,34
1910,37
1910,38
1911,7
1912,17
1913,6
1913,33
1914,15
1915,11
1915,35
1915,36
1917,19
1917,24
1917,37
1917,38
1917,39
1918,2
1918,27
1918,33
1918,40
1919,16
1919,30
1921,34
1921,36
1922,18
1922,38
1923,3
1923,32
1923,33
1923,35
1924,37
1925,36
1925,40
1926,20
1926,29
1928,10
1928,33
1929,38
1930,8
1930,17
1930,37
1931,34
1931,39
1932,35
1932,40
1933,36
1934,22
1934,33
1937,4
1937,37
1937,40
1938,33
1939,34
1939,38
1941,36
1943,33
1943,38
1943,40
1945,37
1947,40
1948,1
1948,33
1948,38
1948,39
1949,34
1949,35
1951,31
1951,37
1951,40
1953,33
1954,21
1954,38
1956,37
1957,16
1957,33
1957,34
1957,40
1960,38
1962,33
1962,37
1963,36
1964,40
1966,34
1967,38
1969,17
1969,35
1969,36
1971,19
1971,40
1972,37
1973,33
1974,36
1976,26
1978,9
1978,34
1978,37
1978,38
1978,40
1979,12
1979,13
1981,28
1981,35
1982,33
1982,36
1983,6
1983,7
1983,8
1983,39
1985,34
1986,38
1986,40
1987,11
1987,23
1987,35
1988,37
1990,14
1990,24
1990,25
1991,36
1992,33
1993,34
1993,35
1993,40
1994,30
1994,38
1995,18
1995,27
1995,37
1998,33
1999,35
2000,32
2001,3
2001,40
2002,34
2002,37
2004,1
2004,21
2004,36
2005,5
2006,33
2006,40
2007,31
2007,35
2008,38
2009,16
2010,34
2010,37
2011,15
2013,35
2014,20
2014,33
2015,37
2015,39
2019,35
2020,34
2020,37
2020,40
2021,36
2024,17
2024,22
2024,38
2025,33
2026,4
2026,35
2026,37
2026,40
2027,29
2027,34
2028,19
2028,39
2032,34
2032,36
2033,33
2033,40
2034,12
2035,2
2035,35
2035,37
2035,38
2036,34
2039,33
2041,35
2042,34
2042,36
2044,37
2047,34
2048,11
2048,33
2048,38
2048,40
2049,6
2051,35
2052,30
2052,39
2053,25
2053,34
2054,33
2055,23
2055,37
2057,36
2058,34
2058,38
2058,40
2060,37
2061,33
2062,10
2063,34
2063,38
2065,35
2065,37
2066,13
2067,39
2068,31
2068,36
2069,19
2069,33
2069,34
2069,38
2071,7
2072,9
2072,28
2074,3
2074,40
2075,21
2075,33
2076,26
2076,37
2078,8
2078,24
2078,33
2078,38
2079,34
2079,35
2080,16
2081,18
2082,37
2082,40
2083,27
2084,33
2084,34
2086,1
2086,17
2086,35
2086,38
2087,39
2088,20
2089,22
2089,33
2090,40
2091,36
2093,33
2093,34
2094,35
2094,37
2096,38
2098,33
2098,34
2098,39
2099,36
2100,40
2101,38
2106,33
2107,34
2107,37
2107,38
2107,40
2108,35
2108,36
2109,32
2110,39
2111,33
2113,19
2113,34
2113,37
2114,38
2116,36
2117,12
2117,33
2118,2
2118,38
2118,40
2119,37
2120,15
2122,4
2122,33
2122,36
2123,38
2124,34
2126,35
2126,37
2127,29
2128,33
2128,36
2128,38
2128,40
2130,6
2131,23
2132,16
2132,17
2132,34
2132,37
2133,11
2133,31
2133,33
2134,25
2134,38
2136,36
2137,28
2137,30
2138,38
2138,40
2139,33
2139,39
2140,5
2140,21
2141,7
2141,37
2142,14
2142,34
2142,36
2143,38
2143,40
2144,33
2145,35
2146,18
2148,34
2149,39
2149,40
2150,19
2151,37
2152,33
2152,38
2153,34
2153,35
2153,36
2157,9
2158,33
2159,34
2159,36
2159,38
2161,40
2163,37
2163,39
2165,27
2165,33
2165,34
2165,38
2166,40
2167,13
2168,36
2169,34
2170,33
2171,35
2171,40
2173,8
2173,34
2174,33
2175,22
2177,33
2177,37
2177,40
2179,10
2179,34
2179,38
2182,20
2182,33
2182,37
2182,39
2182,40
2183,1
2183,36
2184,3
2185,19
2186,16
2186,34
2186,37
2186,38
2187,33
2188,12
2189,28
2189,36
2189,40
2190,17
2190,37
2191,33
2192,4
2192,18
2192,31
2192,34
2192,35
2193,23
2193,39
2194,21
2195,32
2195,38
2196,33
2196,36
2197,34
2197,35
2197,37
2197,40
2198,15
2199,11
2201,24
2202,34
2202,35
2202,38
2203,33
2204,26
2204,37
2205,25
2207,35
2208,30
2208,33
2208,34
2208,36
2209,6
2209,37
2210,2
2210,8
2211,38
2211,40
2212,33
2213,36
2214,34
2215,39
2216,35
2216,37
2218,38
2219,33
2219,34
2220,36
2223,37
2223,40
2224,34
2226,33
2228,38
2230,33
2230,34
2231,7
2231,37
2232,36
2232,40
2233,17
2234,39
2235,19
2235,35
2236,33
2236,38
2238,36
2238,37
2238,40
2239,34
2241,33
2244,21
2244,35
2244,40
2245,36
2245,37
2246,33
2246,34
2247,29
2249,16
2250,27
2250,40
2251,38
2252,33
2252,34
2253,17
2254,40
2255,35
2255,37
2256,12
2257,36
2257,39
2258,1
2258,33
2259,20
2260,34
2260,38
2261,31
2261,40
2262,13
2263,4
2265,9
2265,28
2266,33
2266,37
2266,38
2267,32
2267,36
2268,14
2268,22
2268,34
2269,3
2270,5
2270,25
2270,35
2270,40
2271,11
2271,18
2271,38
2272,16
2272,30
2273,34
2273,39
2274,7
2274,33
2274,37
2275,26
2276,38
2277,15
2277,17
2278,40
2279,10
2279,33
2279,34
2279,37
2280,24
2281,19
2281,23
2281,35
2282,40
2283,36
2286,33
2286,38
2287,34
2287,37
2287,40
2289,6
2290,35
2291,36
2291,40
2292,37
2293,33
2293,39
2294,34
2296,35
2296,40
2297,38
2300,37
2301,34
2303,40
2304,33
2304,35
2304,38
2307,37
2309,33
2310,34
2310,36
2310,40
2314,37
2314,38
2317,33
2317,40
2318,37
2319,39
2320,34
2322,36
2323,35
2323,40
2324,21
2324,38
2325,8
2325,37
2328,12
2328,31
2328,35
2329,33
2329,38
2330,37
2330,40
2332,19
2333,28
2334,6
2335,17
2335,27
2335,33
2335,36
2337,37
2337,38
2337,40
2338,29
2338,34
2339,11
2339,33
2339,39
2340,2
2340,25
2340,32
2341,20
2341,26
2341,35
2343,37
2343,40
2344,3
2344,4
2344,24
2344,33
2344,34
2345,1
2345,36
2347,38
2348,16
2349,10
2349,37
2350,18
2350,30
2350,35
2350,39
2350,40
2351,7
2351,22
2351,33
2353,34
2355,23
2356,19
2356,36
2356,37
2356,40
2357,14
2358,17
2358,33
2358,35
2361,13
2361,37
2361,38
2361,39
2362,34
2363,21
2363,33
2363,36
2366,35
2366,38
2366,40
2367,34
2368,9
2370,33
2370,37
2371,5
2371,35
2372,34
2372,40
2375,15
2376,40
2377,35
2377,38
2378,33
2379,36
2381,34
2381,37
2383,40
2384,33
2385,35
2386,38
2389,33
2389,39
2390,37
2391,35
2391,40
2392,34
2394,36
2394,38
2396,35
2396,37
2397,40
2398,33
2400,11
2400,34
2401,31
2402,35
2402,38
2403,16
2403,33
2403,37
2403,40
2405,27
2406,25
2407,36
2408,39
2408,40
2409,12
2409,19
2409,33
2409,37
2410,26
2410,34
2410,38
2411,8
2411,35
2412,3
2413,7
2414,28
2414,36
2414,40
2415,1
2415,37
2416,4
2416,33
2416,35
2418,32
2418,34
2419,17
2420,18
2420,33
2421,9
2421,35
2421,37
2421,39
2422,36
2423,20
2423,30
2424,38
2425,37
2426,12
2426,24
2426,33
2426,35
2426,40
2427,29
2427,34
2429,23
2430,6
2430,33
2431,35
2431,37
2432,36
2434,33
2435,17
2435,22
2436,37
2436,38
2436,39
2437,2
2437,34
2438,36
2439,13
2439,35
2439,40
2441,19
2441,21
2441,33
2442,10
2442,34
2443,37
2444,36
2444,40
2445,33
2445,38
2446,16
2446,39
2447,34
2450,35
2451,40
2452,33
2454,34
2456,15
2457,38
2458,36
2458,37
2459,35
2459,40
2460,33
2462,37
2462,39
2464,34
2466,40
2468,37
2470,34
2471,14
2471,35
2473,33
2473,36
2474,37
2474,38
2474,40
2477,5
2477,8
2478,37
2479,34
2481,36
2481,38
2482,11
2482,25
2483,31
2483,40
2484,37
2484,39
2485,35
2486,36
2487,19
2489,3
2489,34
2490,35
2491,4
2491,17
2491,33
2491,36
2492,28
2492,38
2493,7
2493,30
2493,37
2495,21
2496,32
2496,34
2496,40
2497,19
2497,20
2497,37
2497,38
2499,16
2499,35
2500,6
2500,36
2501,1
2501,33
2502,40
2503,18
2503,27
2503,37
2503,38
2505,39
2506,34
2506,36
2508,12
2509,37
2509,38
2511,33
2511,40
2512,35
2513,23
2514,34
2515,36
2515,40
2517,37
2518,13
2521,40
2522,9
2522,15
2522,35
2523,33
2523,37
2523,38
2524,34
2526,39
2527,35
2529,40
2530,33
2533,34
2533,36
2533,38
2534,35
2535,26
2535,37
2535,40
2537,33
2539,37
2541,36
2541,39
2542,38
2542,40
2543,33
2544,34
2544,37
2545,35
2547,29
2549,22
2549,34
2549,37
2550,17
2550,33
2550,36
2551,25
2551,35
2553,2
2554,31
2554,33
2554,40
2555,11
2555,24
2555,37
2555,38
2555,39
2556,14
2556,19
2556,34
2557,35
2557,36
2558,8
2559,21
2560,1
2560,16
2562,20
2562,33
2562,34
2562,37
2563,7
2563,38
2564,3
2564,4
2564,12
2564,35
2564,40
2565,10
2565,28
2569,35
2569,37
2570,32
2570,34
2570,36
2571,23
2571,33
2571,40
2574,6
2574,37
2575,30
2576,17
2576,36
2577,35
2578,33
2578,34
2579,19
2579,37
2582,27
2583,33
2583,37
2584,36
2584,38
2584,40
2586,37
2588,35
2588,39
2590,34
2590,37
2591,13
2591,33
2592,36
2593,18
2593,38
2593,40
2595,37
2597,33
2598,37
2599,34
2599,36
2599,39
2602,40
2603,35
2603,37
2606,38
2607,37
2608,33
2609,39
2611,40
2612,16
2612,34
2612,36
2613,35
2613,37
2614,33
2616,38
2617,31
2618,33
2621,37
2621,38
2622,21
2622,40
2623,33
2623,34
2623,36
2624,35
2628,8
2628,11
2628,38
2628,39
2629,33
2630,5
2630,25
2630,40
2631,9
2631,35
2631,37
2632,34
2633,6
2633,17
2633,26
2633,36
2634,12
2634,38
2635,4
2635,33
2636,28
2637,20
2637,24
2638,2
2639,29
2639,30
2639,34
2639,37
2640,40
2641,19
2641,35
2641,38
2642,1
2642,15
2643,3
2643,16
2643,23
2643,36
2644,40
2645,39
2646,27
2646,37
2646,38
2648,7
2648,32
2648,33
2648,34
2651,35
2652,40
2654,38
2655,10
2656,33
2656,37
2656,40
2658,14
2658,35
2660,34
2660,40
2664,33
2665,37
2666,36
2666,38
2667,19
2667,22
2668,18
2670,35
2670,39
2671,33
2671,40
2672,37
2672,38
2673,36
2674,13
2676,34
2677,33
2677,40
2678,37
2680,31
2680,39
2681,35
2681,38
2683,17
2685,33
2685,34
2685,37
2685,40
2688,21
2689,35
2691,25
2691,38
2692,33
2694,12
2694,37
2695,35
2695,40
2697,8
2697,34
2698,11
2699,19
2699,38
2700,33
2701,9
2701,35
2701,36
2701,37
2702,40
2705,39
2706,34
2709,35
2710,36
2710,37
2710,38
2710,40
2714,4
2715,33
2716,40
2717,15
2718,26
2718,32
2718,36
2720,7
2720,40
2721,16
2721,30
2721,35
2721,39
2722,28
2722,29
2722,34
2722,37
2723,20
2723,23
2723,24
2723,36
2724,3
2724,6
2724,38
2725,21
2725,33
2726,5
2726,17
2726,40
2727,2
2727,11
2727,16
2727,36
2728,31
2728,37
2729,33
2730,1
2730,38
2730,39
2731,19
2731,27
2731,34
2731,36
2732,10
2732,18
2732,25
2734,40
2735,36
2736,33
2736,38
2738,37
2739,34
2739,36
2740,12
2740,40
2742,33
2743,35
2743,36
2744,38
2746,33
2747,13
2747,37
2747,40
2748,36
2749,34
2750,38
2751,33
2753,36
2753,37
2755,33
2756,40
2757,34
2758,37
2758,39
2760,33
2761,36
2761,38
2765,33
2765,40
2766,34
2767,37
2767,39
2769,36
2770,8
2770,38
2771,40
2774,34
2775,33
2775,35
2776,38
2776,40
2778,37
2778,39
2781,22
2781,36
2781,40
2782,38
2783,35
2784,34
2784,39
2786,30
2786,33
2786,38
2786,40
2788,36
2790,31
2790,32
2791,4
2791,38
2791,40
2792,35
2792,37
2793,16
2793,28
2793,34
2795,36
2796,21
2797,40
2798,38
2799,6
2799,17
2799,20
2801,33
2801,35
2801,37
2803,24
2803,36
2804,14
2804,27
2804,39
2805,19
2805,23
2806,34
2806,40
2807,9
2807,17
2807,26
2808,33
2808,37
2808,38
2809,15
2810,5
2810,7
2810,12
2810,25
2811,1
2811,2
2812,11
2812,36
2812,39
2813,38
2814,3
2814,18
2814,33
2814,37
2815,35
2816,28
2816,36
2816,40
2817,10
2818,37
2820,38
2821,8
2822,29
2823,34
2823,40
2824,36
2824,37
2825,39
2826,38
2827,13
2828,40
2830,33
2831,35
2832,37
2833,38
2834,40
2835,36
2836,37
2837,35
2838,40
2840,36
2841,37
2843,40
2844,35
2845,36
2845,37
2845,38
2847,34
2847,39
2849,33
2849,37
2850,4
2850,31
2852,36
2853,34
2853,35
2853,37
2853,40
2854,16
2854,38
2856,33
2858,21
2858,34
2859,36
2859,37
2860,38
2860,40
2862,19
2863,33
2863,37
2863,39
2864,34
2865,38
2866,30
2866,36
2866,40
2867,15
2867,20
2869,35
2869,38
2870,37
2871,34
2872,6
2872,7
2872,33
2874,1
2874,17
2874,38
2875,23
2876,11
2876,19
2876,24
2876,32
2876,34
2877,16
2877,35
2878,25
2878,36
2878,37
2878,38
2878,40
2879,2
2879,39
2880,28
2881,3
2881,27
2881,33
2881,34
2882,22
2883,38
2884,35
2884,37
2886,18
2886,34
2886,36
2887,33
2888,37
2888,40
2890,38
2892,9
2892,33
2892,34
2892,36
2893,37
2893,39
2896,35
2896,38
2898,33
2899,36
2899,37
2900,34
2901,35
2902,38
2904,37
2904,40
2905,12
2905,36
2906,33
2906,35
2908,34
2908,38
2910,37
2911,35
2912,36
2914,38
2914,39
2916,34
2916,35
2917,14
2917,33
2917,37
2918,40
2921,37
2921,38
2922,36
2923,33
2925,35
2926,34
2927,37
2927,38
2928,31
2928,40
2931,33
2932,8
2932,36
2933,35
2933,39
2934,13
2934,21
2934,38
2935,34
2935,37
2937,4
2937,6
2937,33
2937,36
2938,40
2939,16
2940,37
2941,19
2941,38
2942,33
2942,34
2943,40
2944,11
2944,36
2945,17
2945,20
2946,7
2946,30
2946,37
2947,38
2948,25
2948,39
2949,28
2949,40
2950,33
2950,34
2950,37
2951,1
2951,10
2951,23
2951,32
2952,3
2952,21
2953,35
2954,15
2954,19
2954,36
2954,38
2954,40
2955,12
2955,37
2956,17
2956,18
2956,24
2956,29
2956,33
2959,34
2960,2
2960,16
2960,26
2960,36
2960,39
2961,37
2961,38
2961,40
2962,27
2962,35
2966,33
2966,40
2967,34
2970,37
2970,40
2972,35
2974,38
2975,34
2976,37
2976,40
2977,36
2981,40
2982,34
2982,37
2982,38
2983,5
2983,33
2984,35
2987,38
2987,39
2988,37
2989,40
2992,36
2993,9
2993,34
2993,35
2993,37
2994,33
2997,38
2998,37
3001,17
3001,35
3001,38
3002,22
3002,33
3002,37
3002,40
3003,31
3004,36
3005,34
3006,13
3006,14
3006,39
3007,37
3007,38
3008,19
3009,36
3010,28
3011,6
3011,37
3012,11
3012,30
3012,38
3013,4
3013,35
3013,40
3015,33
3016,32
3016,37
3018,34
3019,8
3019,36
3019,38
3020,37
3021,33
3022,16
3022,35
3024,20
3025,34
3025,36
3025,37
3025,40
3026,38
3028,12
3029,15
3029,35
3032,23
3032,37
3033,29
3034,33
3034,35
3035,36
3035,38
3036,3
3036,25
3037,1
3037,39
3038,37
3039,33
3039,34
3039,35
3041,7
3041,27
3041,40
3042,8
3042,38
3044,37
3045,19
3046,21
3046,34
3046,35
3047,24
3047,33
3048,39
3049,36
3049,38
3050,37
3050,40
3051,35
3053,31
3053,33
3055,18
3055,40
3057,35
3057,37
3058,33
3059,34
3060,36
3061,40
3062,17
3062,37
3063,35
3065,39
3066,33
3066,37
3067,35
3068,10
3069,34
3069,37
3069,40
3071,35
3075,37
3076,33
3076,34
3076,35
3076,40
3078,11
3078,36
3080,37
3081,40
3082,4
3082,33
3084,35
3085,38
3085,39
3085,40
3086,30
3086,34
3086,37
3088,16
3089,26
3089,40
3090,6
3090,37
3093,33
3094,28
3094,35
3095,14
3095,17
3095,19
3095,37
3095,38
3095,40
3096,2
3097,21
3097,34
3097,36
3098,33
3099,39
3100,25
3100,37
3101,13
3101,23
3101,38
3101,40
3103,33
3103,34
3104,31
3105,8
3105,40
3106,15
3107,3
3107,36
3107,37
3108,39
3109,1
3109,12
3109,34
3109,40
3110,27
3110,35
3111,18
3111,22
3112,32
3112,33
3113,7
3113,9
3113,40
3114,37
3114,38
3115,16
3116,35
3117,19
3117,34
3117,36
3118,17
3119,24
3119,38
3119,40
3120,5
3122,20
3123,35
3123,39
3124,10
3125,34
3125,37
3125,40
3126,38
3129,33
3130,29
3130,37
3131,35
3131,40
3132,38
3133,39
3134,37
3135,33
3136,34
3136,40
3140,33
3140,38
3141,37
3141,40
3142,36
3143,35
3146,34
3146,37
3147,33
3148,38
3149,35
3150,11
3150,40
3152,33
3153,36
3153,38
3155,37
3155,40
3156,35
3157,33
3159,34
3160,38
3161,36
3161,37
3162,40
3163,21
3163,35
3164,6
3166,33
3167,4
3167,34
3167,39
3167,40
3168,38
3170,19
3170,31
3170,37
3173,38
3174,28
3174,30
3174,40
3175,35
3175,36
3176,12
3176,33
3176,37
3177,14
3177,27
3177,39
3178,16
3178,38
3179,34
3181,25
3181,32
3181,35
3183,7
3183,38
3184,3
3184,33
3184,36
3184,40
3185,19
3185,23
3185,37
3188,2
3188,9
3188,35
3189,40
3190,17
3190,37
3190,38
3192,8
3192,34
3193,39
3194,13
3195,15
3195,33
3195,35
3195,36
3196,38
3196,40
3199,37
3200,1
3200,24
3200,34
3201,38
3201,40
3202,35
3203,33
3204,26
3205,37
3208,38
3208,40
3209,34
3210,18
3210,33
3210,36
3211,20
3212,35
3213,37
3213,39
3213,40
3216,16
3218,33
3220,35
3220,40
3221,22
3221,34
3221,36
3221,37
3221,39
3222,17
3222,38
3226,10
3226,33
3226,40
3227,21
3228,35
3228,37
3229,34
3229,38
3230,5
3230,29
3230,39
3232,31
3232,33
3233,6
3234,11
3235,25
3235,35
3236,36
3236,40
3237,37
3238,19
3238,38
3239,33
3240,34
3242,17
3243,37
3244,28
3244,35
3246,40
3247,8
3247,37
3247,38
3248,12
3248,39
3249,36
3250,4
3250,34
3251,32
3251,33
3251,35
3252,37
3252,40
3253,30
3256,38
3256,40
3258,34
3258,37
3261,40
3262,7
3262,19
3262,27
3262,36
3262,37
3263,16
3264,23
3265,34
3265,35
3266,9
3267,36
3267,37
3268,3
3270,15
3270,38
3270,40
3271,36
3271,37
3274,34
3274,35
3274,39
3276,37
3276,40
3277,1
3277,36
3277,38
3278,33
3281,40
3283,37
3284,36
3284,38
3285,26
3285,35
3286,13
3286,33
3287,18
3287,34
3287,40
3288,37
3290,20
3291,21
3292,36
3293,10
3294,24
3295,6
3295,16
3295,31
3295,37
3296,40
3297,17
3297,34
3297,38
3298,14
3298,33
3298,35
3299,8
3299,25
3299,36
3300,19
3300,39
3300,40
3302,22
3303,38
3304,37
3305,33
3305,40
3306,28
3308,36
3308,37
3308,39
3309,2
3310,38
3311,40
3312,11
3312,34
3313,4
3313,33
3313,37
3315,35
3316,38
3318,12
3318,33
3318,37
3318,40
3322,35
3323,34
3324,29
3324,37
3325,30
3325,33
3325,36
3325,39
3326,38
3327,35
3329,33
3330,34
3330,40
3331,35
3333,36
3334,37
3336,33
3336,34
3336,35
3339,37
3339,39
3340,36
3341,5
3342,35
3343,34
3344,33
3345,38
3345,40
3347,36
3348,35
3348,37
3350,27
3350,34
3352,33
3353,36
3354,17
3354,35
3354,38
3354,40
3355,37
3357,34
3358,7
3360,13
3360,33
3362,35
3362,36
3363,21
3363,34
3363,40
3364,33
3366,39
3367,37
3368,38
3369,23
3369,31
3370,36
3371,16
3371,25
3371,40
3372,33
3372,35
3373,18
3374,38
3375,8
3375,9
3375,19
3376,1
3376,15
3377,6
3377,34
3378,37
3378,38
3378,40
3379,3
3379,11
3379,17
3379,24
3379,28
3379,36
3380,33
3381,4
3381,12
3381,26
3381,32
3381,39
3382,2
3382,20
3382,35
3383,16
3383,19
3383,40
3384,33
3384,34
3384,37
3384,38
3386,10
3387,35
3387,36
3388,30
3388,33
3389,40
3391,29
3391,34
3394,35
3394,36
3394,40
3395,33
3396,37
3398,14
3399,38
3400,33
3401,34
3401,40
3402,36
3402,39
3404,35
3406,38
3408,40
3409,33
3410,34
3411,35
3411,37
3412,36
3414,40
3415,34
3416,33
3416,35
3420,22
3421,33
3421,34
3421,37
3421,40
3422,38
3423,36
3425,35
3427,33
3428,38
3428,40
3430,17
3430,34
3430,35
3431,19
3432,21
3433,36
3434,31
3434,33
3434,38
3435,27
3435,35
3436,25
3437,40
3438,34
3438,37
3439,16
3439,33
3441,3
3441,38
3441,40
3442,6
3442,35
3443,33
3444,37
3445,39
3446,7
3446,36
3447,11
3448,19
3448,33
3449,38
3449,40
3451,23
3452,34
3453,28
3453,33
3454,17
3456,12
3456,37
3456,40
3457,18
3457,33
3457,35
3457,39
3458,20
3458,38
3459,1
3459,8
3460,34
3460,36
3461,33
3463,24
3463,30
3463,37
3463,40
3465,13
3466,16
3466,34
3467,33
3467,38
3468,4
3468,15
3469,36
3469,37
3470,32
3471,35
3471,39
3472,9
3472,40
3474,37
3475,33
3475,34
3475,38
3476,2
3477,10
3478,37
3481,40
3482,34
3483,26
3483,37
3485,35
3486,33
3486,37
3487,5
3490,14
3490,36
3490,37
3491,31
3492,38
3493,34
3494,21
3494,33
3495,36
3495,37
3498,33
3498,38
3498,40
3499,25
3501,17
3501,37
3503,33
3503,36
3503,39
3504,19
3504,27
3504,35
3505,8
3505,11
3505,34
3505,37
3508,16
3508,36
3509,38
3510,4
3510,33
3510,37
3511,34
3513,36
3513,39
3514,37
3515,7
3515,29
3515,40
3516,38
3518,36
3519,33
3520,37
3521,34
3521,40
3522,23
3523,28
3523,36
3524,38
3525,6
3526,37
3527,33
3528,12
3528,34
3528,35
3528,36
3528,38
3529,18
3529,30
3529,40
3530,17
3532,1
3532,37
3533,36
3534,38
3535,19
3535,33
3536,37
3536,40
3537,39
3538,36
3539,21
3539,34
3540,40
3541,37
3542,13
3543,38
3544,20
3544,33
3544,36
3545,35
3546,37
3546,40
3547,34
3548,31
3548,39
3549,38
3551,3
3553,33
3553,35
3553,36
3553,40
3554,22
3554,37
3555,16
3555,38
3558,32
3559,9
3559,34
3559,35
3560,38
3560,39
3561,36
3563,15
3564,38
3564,40
3565,24
3566,10
3568,11
3568,33
3568,34
3569,35
3569,36
3570,25
3570,38
3571,23
3572,17
3573,40
3575,5
3575,35
3575,36
3575,38
3576,2
3577,19
3577,26
3577,27
3577,34
3578,37
3578,39
3580,38
3581,14
3581,35
3581,36
3581,40
3582,4
3584,7
3586,3
3586,33
3587,35
3588,34
3589,36
3589,40
3590,28
3590,39
3591,37
3594,38
3596,21
3596,36
3597,33
3597,34
3597,35
3598,19
3599,8
3599,38
3599,40
3601,37
3603,12
3605,1
3605,38
3606,35
3607,33
3607,36
3607,37
3608,18
3608,29
3609,17
3609,38
3609,40
3610,34
3611,39
3612,37
3613,38
3614,35
3615,16
3615,33
3616,6
3616,34
3620,11
3620,20
3620,30
3620,33
3620,37
3620,38
3621,31
3621,36
3622,34
3622,35
3622,40
3625,19
3627,37
3628,35
3628,40
3629,33
3629,38
3630,34
3630,36
3633,25
3634,40
3635,38
3636,35
3637,34
3639,13
3640,37
3641,33
3642,3
3642,40
3643,35
3643,36
3644,34
3644,38
3646,37
3646,40
3648,9
3648,34
3649,39
3650,35
3651,33
3652,40
3654,34
3654,36
3654,37
3654,38
3658,40
3659,4
3661,34
3661,36
3662,35
3662,37
3663,21
3663,39
3663,40
3664,32
3665,29
3665,34
3665,38
3666,24
3667,16
3667,31
3668,22
3668,36
3669,12
3669,26
3669,27
3669,37
3670,2
3670,7
3670,8
3670,23
3670,33
3670,38
3671,17
3671,35
3671,39
3672,10
3672,40
3673,1
3673,11
3673,19
3673,34
3674,15
3674,28
3674,36
3675,6
3676,38
3677,5
3677,14
3677,40
3678,35
3680,25
3680,37
3681,33
3681,34
3682,40
3683,20
3684,30
3685,38
3687,18
3687,36
3688,34
3688,40
3689,17
3690,33
3693,38
3693,39
3694,36
3694,37
3696,33
3696,34
3699,36
3699,40
3700,37
3701,35
3704,16
3706,33
3706,34
3706,36
3706,37
3709,38
3711,40
3712,33
3713,37
3713,39
3717,19
3717,35
3717,36
3718,33
3720,34
3720,38
3723,37
3724,33
3726,35
3726,40
3727,34
3729,33
3731,13
3731,37
3733,21
3733,33
3733,34
3733,35
3735,36
3736,40
3737,39
3738,12
3738,33
3738,37
3739,8
3739,35
3739,38
3740,6
3741,1
3741,34
3743,4
3743,31
3743,33
3743,37
3744,36
3745,35
3745,40
3746,11
3747,38
3748,33
3748,34
3749,15
3750,17
3750,29
3750,37
3752,28
3753,14
3753,36
3755,9
3755,23
3755,24
3755,25
3755,34
3755,35
3756,2
3756,33
3756,39
3757,37
3757,38
3758,5
3758,36
3759,3
3759,17
3759,26
3759,40
3760,16
3760,20
3760,27
3761,22
3761,34
3762,7
3762,19
3762,37
3763,18
3764,21
3764,33
3765,32
3765,34
3765,35
3765,36
3766,16
3766,38
3766,39
3766,40
3767,10
3768,33
3770,30
3770,34
3771,35
3772,36
3773,40
3774,33
3774,34
3776,19
3777,37
3779,34
3780,35
3780,36
3780,39
3780,40
3782,33
3784,34
3784,37
3787,40
3789,35
3789,38
3790,34
3791,33
3796,34
3796,37
3796,40
3797,35
3800,33
3800,38
3801,6
3803,37
3803,40
3804,31
3804,34
3805,38
3806,33
3807,35
3807,39
3809,34
3809,37
3811,12
3811,38
3812,36
3812,40
3814,18
3814,19
3815,33
3815,37
3816,34
3816,38
3817,4
3817,40
3819,1
3819,13
3819,17
3819,35
3819,36
3822,8
3822,37
3822,40
3823,33
3824,34
3825,36
3827,35
3828,40
3829,28
3830,38
3831,21
3831,39
3832,15
3832,24
3832,33
3832,40
3833,37
3834,11
3834,20
3834,32
3834,36
3835,16
3835,23
3835,35
3838,36
3838,38
3838,40
3839,17
3840,25
3840,34
3840,35
3841,7
3841,29
3842,27
3842,37
3842,40
3843,33
3843,39
3845,35
3845,36
3847,30
3847,38
3848,40
3849,19
3849,26
3850,36
3851,3
3851,35
3852,4
3852,37
3853,33
3853,40
3855,35
3856,5
3856,34
3856,36
3857,38
3861,40
3862,37
3862,38
3864,9
3864,36
3865,33
3865,35
3865,39
3867,38
3867,40
3869,34
3870,36
3871,35
3872,40
3873,37
3874,12
3876,35
3877,38
3877,40
3878,14
3878,34
3879,33
3882,36
3882,40
3884,33
3884,35
3886,31
3886,37
3887,22
3888,6
3888,34
3888,38
3889,33
3890,8
3890,35
3891,2
3891,16
3891,36
3891,40
3892,39
3893,11
3893,37
3894,33
3895,19
3896,10
3896,36
3896,38
3897,17
3897,40
3898,28
3899,13
3899,34
3900,33
3901,18
3901,21
3901,38
3902,35
3902,37
3903,36
3904,33
3905,38
3905,39
3906,23
3909,34
3909,36
3909,37
3910,33
3910,40
3911,38
3913,25
3915,30
3915,35
3916,33
3916,34
3916,36
3916,38
3919,40
3921,3
3922,37
3923,40
3924,34
3925,33
3925,35
3926,7
3927,36
3927,37
3927,38
3930,15
3930,40
3931,12
3931,20
3932,37
3932,39
3933,33
3934,34
3935,24
3935,35
3936,16
3937,19
3937,33
3937,36
3937,38
3938,17
3938,31
3938,40
3939,1
3939,37
3940,27
3940,34
3942,4
3943,38
3944,33
3944,34
3944,39
3944,40
3945,16
3947,25
3950,34
3950,40
3951,33
3951,37
3952,5
3952,29
3952,38
3953,8
3955,36
3956,39
3957,34
3957,37
3958,32
3959,33
3960,40
3962,11
3962,18
3962,23
3962,38
3963,26
3964,34
3964,36
3965,17
3965,35
3966,33
3966,37
3968,6
3970,9
3970,28
3970,38
3971,13
3971,33
3971,36
3971,39
3972,21
3972,35
3973,2
3973,14
3974,37
3975,38
3976,33
3977,19
3977,34
3979,40
3980,36
3983,30
3983,33
3984,34
3984,37
3985,38
3989,1
3989,35
3990,33
3990,34
3990,38
3991,36
3991,37
3994,7
3995,34
3996,33
3996,38
3998,37
3999,34
4001,40
4003,33
4004,34
4004,38
4005,35
4006,3
4006,10
4006,15
4006,40
4007,12
4009,37
4010,17
4010,22
4010,27
4010,34
4010,35
4010,36
4010,40
4011,31
4012,28
4012,38
4013,4
4014,19
4014,33
4014,34
4014,37
4015,25
4016,21
4017,11
4017,16
4017,36
4017,40
4018,29
4018,37
4018,38
4018,39
4019,33
4021,20
4021,34
4023,37
4024,33
4025,38
4025,40
4026,17
4026,34
4026,35
4026,39
4030,37
4031,33
4031,34
4031,36
4034,40
4036,34
4037,35
4037,37
4038,33
4039,39
4040,36
4041,34
4043,33
4044,40
4045,34
4045,38
4047,23
4048,36
4049,33
4049,35
4049,40
4050,34
4051,30
4051,37
4051,39
4053,16
4054,34
4055,35
4055,40
4056,33
4057,36
4057,38
4058,39
4060,35
4061,34
4062,32
4065,33
4065,35
4066,36
4067,24
4067,34
4068,5
4068,37
4068,39
4069,13
4070,18
4071,8
4071,12
4071,19
4071,26
4071,33
4071,40
4072,35
4072,38
4073,34
4073,36
4074,1
4074,37
4075,3
4075,4
4076,6
4076,31
4076,33
4076,40
4077,10
4079,35
4079,37
4080,25
4080,33
4080,39
4081,14
4081,34
4081,40
4082,11
4082,22
4082,38
4084,20
4086,21
4086,33
4086,36
4087,38
4088,9
4088,17
4088,27
4088,40
4089,34
4089,37
4089,39
4090,7
4091,33
4091,35
4092,2
4092,28
4092,38
4095,37
4096,33
4096,40
4097,34
4097,38
4098,36
4100,33
4103,37
4104,33
4104,38
4104,40
4105,35
4106,34
4108,15
4108,39
4109,37
4110,33
4110,35
4110,38
4113,40
4114,23
4114,34
4114,37
4114,39
4115,36
4116,35
4118,33
4120,8
4120,34
4120,38
4122,37
4123,40
4124,16
4124,19
4126,12
4126,34
4126,35
4127,37
4128,17
4128,31
4130,4
4130,29
4130,34
4131,33
4131,36
4131,38
4131,40
4132,30
4133,1
4133,3
4133,35
4135,34
4135,37
4136,21
4136,33
4136,36
4137,16
4137,35
4139,34
4140,33
4140,38
4140,40
4142,6
4142,37
4143,35
4144,33
4145,34
4147,40
4148,25
4149,11
4149,36
4149,37
4150,18
4150,33
4150,34
4150,35
4151,19
4152,40
4156,34
4156,37
4156,40
4157,35
4157,38
4158,33
4161,37
4162,32
4162,33
4162,40
4163,34
4167,24
4167,37
4167,39
4167,40
4168,20
4168,33
4168,34
4168,36
4170,38
4171,26
4171,40
4172,27
4173,35
4174,33
4174,34
4174,37
4175,40
4179,35
4180,40
4181,34
4182,33
4184,7
4185,30
4186,15
4186,34
4186,35
4186,36
4186,37
4186,40
4188,33
4189,17
4189,23
4190,10
4191,13
4191,31
4192,21
4192,34
4193,14
4193,28
4193,33
4193,36
4193,40
4194,22
4195,2
4195,19
4195,25
4195,38
4196,8
4196,9
4196,16
4197,5
4197,6
4198,11
4198,12
4198,35
4198,37
4198,39
4199,17
4199,33
4199,34
4200,3
4200,4
4200,40
4201,1
4201,19
4203,37
4204,36
4204,38
4205,34
4205,35
4207,40
4208,33
4209,37
4211,34
4211,35
4212,36
4217,40
4218,35
4219,37
4221,34
4222,36
4223,33
4224,39
4225,29
4225,35
4226,40
4228,34
4230,37
4231,36
4231,40
4232,35
4233,34
4235,38
4237,34
4238,33
4238,40
4241,34
4241,35
4241,37
4241,38
4242,20
4243,36
4243,40
4246,34
4248,38
4248,40
4250,37
4250,39
4251,33
4252,35
4253,34
4253,40
4254,16
4255,37
4256,36
4257,40
4258,38
4259,35
4260,34
4261,37
4263,36
4263,40
4264,28
4264,32
4264,38
4265,37
4266,34
4267,15
4267,17
4267,40
4268,21
4270,35
4270,38
4271,6
4271,7
4271,33
4271,34
4271,37
4271,40
4272,4
4272,8
4272,18
4272,24
4273,30
4274,31
4275,11
4275,13
4275,19
4275,36
4276,1
4276,23
4276,25
4276,33
4276,40
4277,35
4278,10
4278,12
4278,16
4278,27
4278,34
4278,37
4278,38
4279,22
4280,14
4280,17
4281,33
4282,3
4282,38
4282,39
4282,40
4283,37
4284,35
4285,34
4287,2
4289,35
4290,33
4290,37
4291,5
4291,36
4291,40
4292,9
4292,38
4296,34
4297,26
4297,35
4298,39
4298,40
4299,33
4299,37
4299,38
4303,40
4304,34
4305,35
4306,37
4307,33
4308,38
4310,34
4311,37
4312,36
4312,40
4316,34
4316,35
4316,38
4317,37
4317,40
4320,33
4321,34
4322,36
4324,35
4324,38
4324,40
4325,19
4326,29
4326,34
4328,33
4328,37
4329,36
4330,27
4331,34
4332,7
4332,38
4334,1
4335,36
4335,37
4335,40
4336,20
4336,34
4336,35
4337,28
4338,11
4338,17
4339,33
4339,38
4340,34
4341,12
4342,21
4343,16
4343,35
4343,36
4344,34
4345,37
4345,40
4346,25
4346,33
4348,8
4348,15
4349,34
4349,38
4351,33
4352,35
4352,36
4352,37
4352,40
4353,6
4353,30
4353,39
4354,31
4354,34
4355,19
4355,23
4357,38
4358,4
4358,18
4358,33
4359,40
4360,34
4360,36
4361,2
4361,39
4362,3
4362,17
4363,33
4363,40
4364,35
4365,38
4366,37
4367,14
4368,32
4368,34
4369,13
4369,24
4369,33
4370,36
4370,37
4370,40
4373,33
4374,39
4375,34
4375,35
4375,40
4376,10
4376,37
4377,20
4377,33
4380,37
4381,34
4381,40
4382,33
4383,22
4385,16
4385,26
4385,38
4386,35
4386,36
4386,39
4387,33
4387,37
4387,40
4390,34
4391,37
4392,19
4394,35
4395,33
4395,36
4395,40
4396,34
4396,37
4399,38
4400,37
4400,39
4401,36
4402,34
4404,11
4404,33
4405,37
4407,36
4408,34
4408,38
4408,39
4408,40
4409,17
4410,9
4411,37
4413,28
4413,35
4413,36
4413,38
4414,7
4414,33
4414,39
4415,12
4415,21
4416,34
4417,37
4418,27
4418,40
4419,36
4419,38
4420,29
4420,33
4421,6
4421,25
4421,39
4423,30
4423,34
4423,37
4424,40
4425,31
4426,8
4426,18
4426,19
4426,35
4428,3
4428,33
4428,36
4428,37
4430,1
4431,38
4432,4
4433,35
4433,37
4433,40
4434,34
4434,39
4436,23
4436,32
4437,13
4437,36
4437,37
4439,16
4439,40
4440,15
4440,34
4441,33
4441,35
4441,37
4441,38
4441,39
4442,5
4446,36
4446,37
4447,40
4448,34
4449,33
4451,37
4451,39
4452,36
4453,34
4453,35
4453,38
4454,40
4457,33
4457,37
4459,34
4459,36
4459,40
4460,35
4463,37
4464,40
4465,19
4465,34
4466,39
4467,35
4467,36
4467,38
4468,37
4470,33
4471,34
4471,40
4472,11
4474,12
4474,17
4475,33
4475,34
4475,37
4476,36
4476,38
4477,20
4478,40
4479,35
4480,34
4481,28
4482,21
4482,33
4483,2
4483,22
4484,38
4485,31
4485,34
4486,16
4486,36
4487,37
4487,40
4488,8
4488,10
4489,9
4490,7
4490,34
4491,38
4491,39
4492,25
4493,14
4493,33
4493,36
4493,40
4494,35
4495,24
4495,34
4496,23
4497,6
4497,37
4498,30
4499,34
4501,19
4501,36
4501,38
4502,26
4502,40
4503,27
4503,33
4503,39
4505,34
4506,1
4507,38
4509,3
4509,35
4510,34
4512,4
4512,16
4513,36
4514,33
4514,37
4514,40
4515,38
4516,34
4517,13
4520,19
4520,38
4520,40
4521,33
4521,34
4522,35
4525,15
4525,17
4525,36
4526,34
4527,37
4528,40
4529,38
4530,33
4532,20
4533,18
4534,32
4534,35
4534,36
4534,39
4535,40
4536,33
4536,34
4536,38
4537,37
4538,12
4540,36
4541,38
4542,39
4543,33
4544,29
4545,21
4545,36
4545,37
4546,34
4546,35
4547,11
4547,38
4549,33
4550,31
4551,36
4551,37
4552,40
4553,25
4553,34
4553,38
4554,39
4556,36
4556,37
4557,30
4557,40
4558,34
4559,28
4559,33
4559,38
4560,37
4561,16
4561,40
4563,17
4563,36
4564,34
4565,40
4567,23
4567,37
4568,38
4569,7
4569,34
4569,36
4572,9
4572,33
4572,37
4572,40
4573,5
4573,19
4573,34
4573,35
4573,38
4575,36
4576,27
4577,37
4578,6
4579,33
4579,34
4579,38
4580,4
4580,39
4582,36
4582,40
4584,34
4584,37
4585,35
4586,8
4586,38
4587,2
4587,33
4589,34
4589,37
4590,22
4592,3
4592,33
4593,12
4593,38
4594,36
4595,37
4596,35
4596,40
4597,39
4598,13
4598,33
4598,34
4600,32
4602,34
4603,33
4603,36
4603,37
4603,38
4604,1
4604,10
4606,40
4607,18
4607,34
4607,35
4608,37
4610,38
4611,20
4611,33
4612,15
4612,24
4612,40
4614,34
4615,36
4616,17
4616,35
4616,37
4617,21
4617,26
4618,16
4618,31
4618,39
4618,40
4620,11
4620,33
4620,38
4621,34
4621,37
4622,14
4622,25
4623,40
4625,19
4625,33
4625,36
4626,34
4627,28
4628,35
4629,38
4629,40
4631,33
4631,37
4632,34
4637,33
4637,34
4637,36
4637,38
4638,40
4639,37
4640,35
4641,30
4641,34
4644,33
4645,6
4645,23
4645,38
4646,34
4648,27
4648,36
4648,37
4649,2
4650,29
4651,34
4651,38
4652,19
4652,33
4653,37
4653,39
4653,40
4654,35
4655,7
4655,17
4656,34
4657,36
4658,33
4660,16
4661,38
4662,40
4664,12
4664,34
4665,33
4667,35
4667,37
4668,1
4668,4
4668,38
4668,39
4668,40
4669,21
4670,34
4672,38
4673,33
4674,13
4674,35
4675,34
4675,40
4676,3
4677,38
4678,31
4678,36
4680,35
4680,37
4681,33
4681,40
4683,11
4683,34
4684,5
4685,35
4686,37
4686,38
4686,39
4687,40
4688,9
4688,22
4688,34
4689,36
4690,38
4692,33
4692,35
4694,40
4695,34
4695,36
4695,37
4696,25
4697,38
4699,8
4699,33
4700,20
4700,35
4700,40
4701,17
4701,38
4702,34
4702,36
4702,37
4703,24
4704,19
4706,33
4706,38
4706,39
4706,40
4707,23
4708,28
4709,34
4710,36
4711,18
4713,21
4713,38
4713,40
4714,33
4714,35
4714,37
4716,30
4716,34
4716,36
4718,6
4718,37
4720,40
4721,38
4722,36
4723,15
4723,35
4723,37
4723,39
4724,33
4725,14
4725,32
4727,34
4728,4
4728,16
4729,26
4729,31
4729,36
4730,7
4730,37
4730,40
4731,35
4731,38
4732,12
4733,11
4734,33
4734,34
4736,38
4736,40
4737,8
4737,36
4737,37
4740,17
4741,1
4742,40
4743,34
4743,38
4744,36
4744,37
4744,39
4746,19
4746,33
4748,34
4750,38
4751,35
4751,40
4754,27
4754,36
4756,34
4756,38
4758,37
4758,40
4760,3
4760,9
4760,29
4760,39
4761,2
4761,36
4762,38
4763,40
4764,35
4764,37
4765,10
4765,25
4765,34
4766,33
4767,28
4768,38
4769,37
4769,40
4770,36
4771,34
4772,15
4772,35
4773,38
4774,37
4776,36
4777,34
4777,40
4778,37
4780,35
4781,13
4781,33
4781,37
4781,38
4782,34
4783,39
4784,36
4786,34
4786,37
4788,33
4788,38
4789,21
4790,18
4790,40
4791,31
4791,34
4791,36
4791,37
4793,16
4793,19
4794,17
4795,20
4795,34
4796,6
4796,37
4796,38
4797,12
4798,7
4798,36
4798,40
4800,24
4800,34
4801,4
4801,39
4802,23
4802,35
4802,37
4804,36
4805,22
4805,34
4805,38
4806,30
4806,33
4807,37
4808,5
4809,40
4810,34
4813,32
4813,36
4813,37
4815,38
4818,37
4820,1
4820,33
4821,35
4822,34
4822,36
4822,37
4822,40
4823,38
4824,11
4828,28
4828,36
4828,37
4829,8
4829,34
4829,40
4830,25
4831,38
4832,3
4832,35
4833,17
4833,37
4835,19
4835,36
4835,40
4836,14
4836,34
4836,39
4837,9
4839,21
4840,33
4840,37
4841,16
4841,27
4841,35
4842,38
4842,40
4843,34
4843,36
4844,26
4846,37
4849,29
4850,34
4850,35
4850,40
4851,38
4852,39
4853,37
4854,35
4857,31
4858,33
4859,34
4859,37
4860,18
4861,35
4862,10
4864,34
4864,36
4865,12
4866,35
4866,40
4868,37
4869,33
4869,38
4870,34
4872,35
4874,37
4877,6
4877,17
4878,33
4878,34
4878,36
4878,39
4879,11
4879,13
4880,2
4880,38
4881,20
4881,35
4881,40
4883,34
4884,24
4884,37
4885,19
4885,22
4886,4
4887,25
4888,7
4888,23
4889,15
4889,35
4889,36
4889,38
4890,30
4890,34
4891,3
4891,16
4891,28
4891,39
4891,40
4893,19
4893,33
4894,5
4894,27
4894,32
4894,37
4896,36
4896,38
4898,33
4898,34
4898,35
4899,37
4902,36
4902,38
4905,33
4905,40
4906,37
4907,38
4908,39
4909,8
4909,33
4910,34
4912,36
4913,38
4914,1
4914,33
4914,37
4914,40
4917,35
4918,17
4918,36
4919,37
4920,33
4921,38
4922,34
4923,36
4924,12
4925,19
4925,37
4926,33
4928,35
4928,36
4928,38
4928,40
4929,21
4930,37
4930,39
4932,33
4933,16
4933,36
4935,4
4936,34
4937,31
4937,36
4937,40
4939,18
4939,26
4939,33
4939,37
4942,36
4943,38
4943,39
4944,14
4944,40
4945,33
4945,35
4946,9
4946,11
4946,34
4948,20
4948,37
4950,30
4950,36
4951,38
4952,39
4954,7
4954,17
4954,35
4954,40
4955,23
4955,29
4956,25
4956,33
4958,16
4958,36
4960,28
4960,33
4961,24
4961,35
4962,37
4963,8
4963,17
4963,39
4964,34
4964,38
4964,40
4965,6
4966,19
4966,33
4969,3
4969,13
4969,27
4971,10
4972,34
4972,36
4972,37
4972,38
4973,15
4973,33
4973,40
4974,22
4974,32
4974,35
4978,21
4978,31
4978,34
4978,40
4979,1
4979,2
4979,33
4980,16
4980,36
4980,37
4981,35
4981,38
4982,40
4983,12
4983,34
4985,37
4986,33
4987,34
4987,35
4987,38
4988,40
4989,39
4990,36
4990,37
4992,34
4992,40
4993,35
4994,37
4994,38
4997,34
4997,37
4999,40
