7,14
8,20
8,24
8,26
9,1
9,4
9,12
9,15
9,17
9,22
9,29
9,38
10,2
10,3
10,5
10,9
10,10
10,11
10,13
10,16
10,18
10,19
10,21
10,27
10,28
10,32
10,33
10,34
10,36
10,37
10,39
10,40
11,6
11,7
11,8
11,14
11,22
11,23
11,25
11,26
11,30
11,31
11,35
11,38
12,4
12,20
12,21
12,24
12,32
12,33
12,34
12,37
12,40
13,1
13,2
13,3
13,9
13,11
13,14
13,15
13,17
13,18
13,26
13,29
13,36
13,38
13,39
14,5
14,7
14,10
14,13
14,16
14,22
14,25
14,28
14,30
14,31
14,35
15,2
15,6
15,8
15,11
15,14
15,26
15,33
15,34
15,36
15,37
15,40
16,9
16,18
16,19
16,21
16,23
16,25
16,32
16,38
16,39
17,4
17,7
17,16
17,20
17,22
17,24
17,30
17,35
18,1
18,3
18,12
18,33
18,37
18,38
18,40
19,5
19,14
19,25
19,31
19,34
19,39
20,17
20,22
20,35
20,36
21,21
21,26
22,6
22,37
22,38
23,33
23,40
24,34
25,10
28,38
29,35
29,40
30,34
31,33
31,37
36,36
37,35
38,37
38,40
42,33
43,34
44,35
44,40
49,37
51,34
53,33
53,35
53,38
54,36
58,33
60,40
62,38
63,37
64,35
65,33
66,40
72,35
72,40
73,37
73,38
74,33
78,37
80,40
81,33
82,35
84,37
86,38
87,33
88,40
89,30
91,35
92,34
93,39
95,22
95,40
96,38
97,37
98,36
101,34
102,33
102,37
105,40
109,35
109,37
110,36
111,28
111,33
114,38
115,35
115,37
116,27
116,33
116,36
116,40
123,30
123,33
123,35
123,37
123,38
124,40
125,21
125,36
126,23
129,40
130,22
130,33
130,35
130,38
131,6
131,15
131,37
132,3
132,26
132,36
133,20
133,34
133,39
134,33
134,37
134,40
136,2
137,30
139,17
139,33
139,35
139,37
139,40
140,36
140,38
141,14
141,22
142,32
143,40
144,4
144,29
145,7
145,22
145,31
145,33
145,36
145,38
146,35
146,37
147,8
148,11
148,25
148,40
149,1
149,13
149,26
149,34
149,39
150,33
151,9
151,35
151,36
152,18
152,19
152,37
152,38
153,30
153,40
154,21
155,35
156,33
157,16
157,40
158,38
160,34
160,39
161,33
162,35
163,40
166,33
167,35
169,37
169,40
171,38
172,35
173,33
178,40
181,33
181,35
182,37
183,38
184,40
186,33
186,35
188,36
192,33
193,35
193,40
194,34
194,37
198,33
198,40
199,35
199,37
203,34
204,22
204,40
205,33
205,37
206,35
207,12
208,40
209,5
209,18
209,33
210,28
210,34
210,36
211,26
212,7
212,22
212,23
212,37
213,24
213,32
213,33
213,35
213,40
214,14
214,39
215,2
215,8
215,10
215,11
215,21
215,25
215,30
216,6
216,16
216,31
216,34
217,4
217,9
217,14
217,17
217,20
217,22
217,26
217,33
217,35
217,36
217,37
217,38
217,40
218,3
218,15
218,21
218,24
218,25
218,27
218,29
219,1
219,2
219,7
219,11
219,13
219,18
219,19
219,22
219,30
219,32
219,39
220,5
220,8
220,10
220,14
220,23
220,26
220,31
220,33
220,34
220,35
220,36
220,37
220,38
220,40
221,4
221,6
221,9
221,16
221,17
221,20
221,21
221,25
221,28
222,15
222,18
222,22
222,24
222,29
222,30
222,33
222,39
223,2
223,3
223,11
223,12
223,14
223,32
223,34
223,36
223,37
223,38
223,40
224,1
224,7
224,8
224,21
224,25
224,26
224,35
225,22
225,33
225,39
226,10
226,34
226,38
227,36
227,37
227,40
228,9
229,14
229,35
230,34
231,33
231,40
232,37
234,35
235,34
237,37
237,40
238,33
239,35
240,34
242,33
242,40
243,37
246,35
248,34
248,37
249,33
250,40
252,37
253,35
255,40
257,33
257,34
258,37
261,35
262,40
263,33
265,37
268,35
269,33
269,40
270,36
271,38
272,37
273,40
278,40
281,33
281,35
281,38
282,39
283,34
283,37
283,40
285,36
288,33
289,40
291,38
294,33
294,37
296,40
297,34
301,35
301,38
301,40
306,33
306,39
307,40
309,34
309,37
309,38
313,35
314,36
314,38
315,34
316,40
317,37
319,38
320,35
320,40
321,34
322,33
324,37
324,38
325,40
326,36
327,33
332,38
332,40
333,33
333,37
334,22
336,34
336,35
338,21
338,30
339,32
339,33
339,37
339,40
341,36
342,22
342,35
342,38
343,6
343,34
344,2
344,3
344,13
344,26
345,23
346,20
346,25
346,31
347,1
347,11
347,14
347,19
347,30
347,33
347,34
347,35
347,37
347,38
347,39
347,40
348,5
348,7
348,8
348,9
348,10
348,17
348,18
348,24
348,27
348,28
348,36
349,2
349,4
349,12
349,15
349,16
349,21
349,22
349,26
350,11
350,14
350,20
350,25
350,29
350,32
350,33
350,34
350,35
350,36
350,37
350,38
350,40
351,3
351,5
351,7
351,8
351,9
351,13
351,22
351,23
351,24
351,30
351,31
351,39
352,1
352,6
352,10
352,17
352,18
352,26
352,40
353,2
353,11
353,14
353,16
353,19
353,21
353,22
353,25
353,28
353,30
353,33
353,34
353,35
353,36
353,37
353,38
353,39
354,4
354,13
354,15
354,27
354,29
354,31
355,8
355,9
355,12
355,20
355,26
355,32
355,33
355,40
356,5
356,7
356,14
356,24
356,34
356,37
356,38
357,21
357,22
357,33
357,35
357,36
358,2
358,3
358,18
358,39
358,40
361,35
361,37
361,40
363,33
363,34
366,25
366,40
369,33
369,34
369,37
370,35
371,40
374,37
377,33
377,35
378,34
378,37
378,40
383,35
385,37
385,40
386,33
388,35
389,38
393,33
393,35
393,37
394,40
397,34
398,35
400,40
401,33
402,35
405,37
406,33
408,34
408,35
409,40
412,39
413,33
413,35
414,37
416,40
419,35
420,33
420,36
420,37
420,40
424,38
425,40
426,33
426,37
427,35
430,34
431,33
431,40
433,37
435,33
435,40
437,38
439,33
439,40
442,35
442,37
443,40
444,22
444,33
448,38
449,33
449,40
451,26
454,33
454,38
455,36
455,37
456,35
458,22
458,33
458,40
459,34
463,33
463,40
466,35
466,38
467,40
468,28
469,34
470,33
470,36
471,38
472,23
473,40
474,35
474,38
475,26
475,33
478,30
478,34
478,40
479,6
479,38
480,33
480,37
481,3
481,14
481,35
482,11
482,36
482,38
482,39
483,40
485,2
485,35
486,21
486,22
486,34
487,38
488,16
488,33
488,37
488,40
489,35
490,14
490,32
491,38
492,18
493,34
493,35
493,36
493,40
494,20
495,31
495,33
495,38
495,39
496,7
497,35
498,37
498,40
499,38
500,22
500,33
500,34
501,35
503,40
506,35
507,38
507,40
508,30
511,33
511,38
511,40
512,34
512,35
516,39
517,35
518,34
518,40
519,38
521,25
521,33
523,34
523,38
524,35
525,36
526,1
526,33
527,40
528,32
528,34
530,33
531,36
531,37
531,38
533,35
534,34
534,40
535,9
535,15
536,21
537,17
537,33
538,8
538,34
538,36
538,38
539,4
539,19
539,35
539,40
540,39
541,5
541,14
541,26
541,33
542,2
542,10
542,29
542,35
543,37
544,6
544,11
544,16
544,22
544,38
544,40
545,33
545,34
545,36
546,3
546,7
546,13
546,14
546,18
547,24
547,26
547,35
548,20
548,23
548,28
548,30
548,32
549,25
549,31
549,33
549,34
549,37
549,38
549,39
549,40
550,2
550,18
550,21
550,22
550,27
550,35
550,36
551,9
551,12
551,14
551,17
551,26
552,10
552,13
553,1
553,8
553,11
553,16
553,22
553,33
553,35
553,36
553,37
553,40
554,5
554,26
554,28
554,30
554,34
554,38
555,6
555,7
555,20
555,31
556,21
556,24
556,32
556,33
556,39
557,2
557,3
557,23
557,25
557,34
557,35
557,36
557,37
557,38
557,40
558,4
558,14
559,22
560,30
560,33
561,34
561,35
562,15
562,37
562,38
562,40
563,36
565,33
566,38
569,33
570,35
570,40
571,34
571,37
571,38
573,33
578,33
579,35
579,37
579,40
581,38
582,33
586,33
586,35
587,34
588,38
588,40
589,37
590,33
594,35
595,33
597,34
597,36
598,37
598,40
601,35
605,34
605,40
606,33
606,35
610,37
612,33
612,40
615,35
616,38
619,33
619,34
619,35
622,37
623,33
623,40
625,35
627,37
628,22
629,34
630,33
630,35
632,37
632,40
634,33
635,35
638,36
638,40
639,26
639,33
640,35
642,37
643,33
645,3
645,35
645,40
646,38
647,34
649,33
649,35
652,37
652,40
655,35
656,33
656,38
660,33
661,40
664,30
665,12
665,33
665,35
666,22
666,29
666,38
666,40
668,19
668,21
669,13
669,14
669,26
669,30
669,36
669,37
670,6
670,7
670,11
670,20
670,32
670,33
670,34
670,39
670,40
671,1
671,22
671,23
671,28
671,31
671,35
671,38
672,2
672,4
672,5
672,8
672,17
673,9
673,10
673,18
673,24
673,25
673,26
673,33
673,34
673,36
673,37
673,40
674,11
674,14
674,15
674,16
674,21
674,22
674,27
674,30
674,38
674,39
675,3
675,32
675,35
676,2
676,20
676,31
676,33
676,37
676,40
677,6
677,7
677,8
677,14
677,23
677,26
677,34
677,36
677,38
678,4
678,18
678,19
678,21
678,25
678,35
679,9
679,13
679,33
679,38
680,1
680,30
680,34
680,37
680,39
680,40
681,5
681,14
681,22
681,35
682,36
683,33
684,40
686,38
687,16
687,35
687,37
690,33
690,40
694,36
695,35
695,38
696,33
696,37
699,40
702,38
703,35
705,33
707,40
709,34
709,37
711,33
712,35
713,40
716,33
717,36
719,40
723,38
724,33
725,36
725,40
726,37
727,35
730,33
734,34
734,40
735,37
736,38
739,35
740,33
740,38
740,40
743,37
745,40
746,33
746,35
748,37
748,38
751,40
754,33
754,37
754,38
756,26
756,40
757,34
758,22
759,35
759,37
759,38
759,39
761,33
761,40
765,35
766,40
767,37
767,38
770,33
772,37
774,36
774,40
776,35
777,33
777,34
777,37
782,32
782,40
783,37
783,38
784,28
784,33
786,35
788,15
788,17
788,36
788,37
789,34
789,40
790,12
791,22
793,7
793,35
793,36
793,39
794,4
794,8
794,33
794,37
794,40
795,11
795,21
795,38
796,3
796,20
797,25
797,26
797,30
798,10
798,24
798,33
798,40
799,1
799,2
799,14
799,22
799,23
799,27
799,29
799,31
799,34
799,35
799,36
799,37
799,38
800,6
800,9
800,16
800,18
800,19
801,5
801,11
801,21
801,26
801,39
801,40
802,13
802,14
802,17
802,22
802,32
802,33
802,34
802,35
802,37
802,38
803,2
803,3
803,4
803,7
803,8
803,25
803,30
803,31
803,36
804,20
804,28
804,40
805,1
805,6
805,10
805,18
805,24
805,26
805,33
805,34
805,35
805,38
806,14
806,15
806,16
806,22
806,25
806,36
806,37
807,5
807,7
807,9
807,11
807,39
808,21
808,33
809,26
809,30
809,32
809,34
809,37
809,38
809,40
810,35
810,36
812,2
813,40
814,33
814,35
815,22
815,34
816,37
818,40
820,33
820,35
823,34
823,37
825,36
827,33
827,40
833,35
833,36
833,37
835,33
837,34
837,38
838,40
840,33
841,35
844,34
844,40
845,33
845,38
846,35
850,33
850,36
850,40
851,34
853,35
854,33
855,37
855,40
859,33
859,34
860,35
860,40
864,37
865,33
867,38
867,40
868,35
873,37
874,35
875,33
876,34
877,40
879,35
881,34
882,36
883,37
885,33
886,40
889,35
890,34
892,37
893,33
897,34
897,35
898,37
898,40
904,37
905,25
906,33
906,38
906,40
907,35
907,39
909,14
910,36
910,37
911,40
912,23
912,34
913,22
913,35
915,40
916,36
917,6
917,30
917,33
917,37
919,13
920,21
920,26
920,40
921,4
921,12
921,32
922,7
922,8
922,20
922,28
922,33
922,35
922,37
922,38
923,3
923,10
923,11
923,15
923,19
923,22
923,31
923,34
923,36
923,39
923,40
924,2
924,9
925,1
925,5
925,14
925,18
925,25
925,26
925,29
925,30
925,33
925,35
926,16
926,17
926,21
926,24
926,36
926,37
926,40
927,11
927,14
927,22
927,23
927,27
927,34
927,38
927,39
928,2
928,4
928,32
928,33
928,35
929,6
929,8
929,20
929,25
929,26
929,28
929,31
929,40
930,7
930,34
930,36
930,37
931,22
931,33
931,35
931,38
931,39
932,3
932,14
932,18
932,30
932,40
933,5
935,26
935,35
935,37
935,40
937,1
937,33
937,36
938,40
940,37
940,38
941,33
941,35
942,40
945,36
946,33
947,35
947,37
947,38
947,40
951,33
951,40
952,35
952,36
952,37
953,38
955,40
956,33
957,38
958,35
958,37
960,36
960,40
961,33
963,38
964,33
964,35
965,37
965,40
969,33
970,37
970,40
972,35
973,38
974,33
974,40
977,37
980,22
980,33
980,40
981,35
983,37
983,38
986,40
987,33
988,35
989,34
990,38
992,33
992,40
994,37
994,38
997,33
997,34
998,35
998,36
999,38
999,40
1002,37
1005,33
1005,38
1006,40
1007,35
1010,40
1011,35
1011,38
1014,33
1014,40
1016,35
1017,38
1018,33
1018,37
1019,34
1021,40
1023,26
1023,33
1024,35
1025,37
1025,40
1026,33
1027,38
1029,40
1030,22
1030,33
1031,35
1031,38
1032,30
1033,36
1034,3
1034,40
1036,33
1036,38
1038,31
1038,35
1038,39
1039,2
1039,26
1040,32
1040,40
1041,33
1041,37
1042,7
1042,15
1042,35
1042,38
1043,14
1043,18
1043,21
1044,17
1044,22
1044,34
1044,40
1045,20
1045,33
1045,36
1046,11
1046,28
1046,35
1046,38
1047,4
1047,9
1047,16
1047,30
1047,39
1047,40
1048,1
1048,25
1048,29
1048,37
1049,23
1049,24
1049,33
1050,5
1050,6
1050,13
1050,14
1050,40
1051,8
1051,12
1051,19
1051,21
1051,22
1051,26
1051,35
1051,38
1052,10
1052,34
1052,36
1052,37
1052,39
1053,2
1053,7
1053,11
1053,14
1053,27
1053,32
1053,33
1053,40
1054,3
1054,20
1054,25
1054,31
1055,35
1055,38
1055,40
1056,18
1056,22
1056,26
1056,28
1056,30
1056,33
1056,34
1057,4
1057,17
1057,36
1057,37
1058,21
1058,24
1058,25
1059,6
1059,22
1059,40
1060,33
1060,38
1061,37
1061,39
1062,1
1062,35
1062,36
1063,8
1066,34
1067,33
1067,35
1067,36
1067,37
1067,40
1069,38
1072,33
1073,37
1073,38
1074,35
1077,33
1077,40
1078,38
1079,35
1079,37
1081,33
1081,40
1084,35
1084,37
1085,33
1085,38
1086,40
1090,33
1091,35
1091,40
1092,37
1092,38
1093,33
1095,40
1097,33
1098,37
1099,40
1100,35
1100,38
1102,33
1102,40
1103,37
1105,40
1108,33
1109,37
1109,40
1110,35
1110,38
1111,36
1113,33
1114,40
1117,35
1118,38
1119,37
1119,40
1121,33
1122,22
1122,39
1124,35
1124,37
1125,40
1130,33
1130,34
1130,36
1130,38
1131,35
1132,2
1133,37
1136,30
1136,40
1138,35
1139,22
1140,36
1141,5
1141,15
1141,18
1141,23
1141,33
1141,40
1143,7
1143,38
1144,6
1144,13
1144,16
1144,20
1144,37
1144,39
1145,11
1145,14
1145,19
1145,21
1145,22
1145,26
1145,31
1145,32
1145,40
1146,8
1146,12
1146,25
1146,33
1146,34
1146,35
1146,36
1146,37
1147,3
1147,4
1147,9
1147,10
1147,28
1147,38
1148,1
1148,2
1148,14
1148,17
1148,18
1148,21
1148,22
1148,24
1148,26
1148,29
1148,39
1148,40
1149,7
1149,11
1149,30
1149,31
1149,33
1149,34
1149,37
1150,16
1150,20
1150,22
1150,25
1150,27
1150,32
1150,35
1150,36
1150,38
1151,5
1151,9
1151,10
1151,14
1151,26
1151,28
1151,40
1152,2
1152,8
1152,13
1152,19
1152,21
1152,23
1152,33
1152,37
1152,39
1153,4
1153,6
1153,17
1153,34
1153,35
1153,38
1154,22
1154,24
1154,33
1154,36
1154,40
1155,3
1155,14
1155,25
1155,30
1156,1
1156,15
1156,16
1156,37
1157,26
1157,32
1157,33
1157,34
1157,38
1158,35
1158,36
1158,40
1160,22
1161,33
1163,34
1163,40
1164,36
1164,37
1166,33
1168,40
1171,33
1172,36
1173,37
1173,38
1174,40
1175,34
1175,35
1178,40
1180,33
1181,35
1183,40
1184,33
1184,38
1185,36
1186,35
1188,34
1189,33
1190,40
1192,35
1194,33
1194,37
1196,40
1198,33
1199,35
1201,33
1203,37
1204,33
1206,40
1208,33
1208,34
1208,35
1210,37
1213,33
1215,40
1217,37
1218,34
1220,33
1220,40
1221,35
1221,36
1222,37
1223,38
1225,40
1227,33
1227,35
1230,40
1231,37
1232,38
1235,35
1236,33
1236,40
1240,35
1240,37
1241,34
1241,40
1243,26
1244,33
1244,38
1246,40
1247,22
1247,35
1247,36
1248,37
1250,33
1250,39
1251,30
1252,35
1252,40
1254,33
1255,37
1258,40
1259,3
1259,7
1259,33
1261,35
1261,36
1263,37
1264,26
1264,33
1266,9
1266,18
1266,25
1268,2
1268,23
1269,8
1269,12
1269,22
1269,31
1269,32
1269,33
1269,34
1269,36
1269,37
1269,38
1270,1
1270,14
1270,15
1270,16
1270,20
1270,21
1270,35
1270,39
1270,40
1271,4
1271,5
1271,6
1271,11
1271,25
1271,28
1271,33
1272,17
1272,29
1272,30
1272,37
1272,38
1273,3
1273,7
1273,14
1273,19
1273,21
1273,22
1273,24
1273,26
1273,34
1273,35
1273,36
1274,2
1274,10
1274,13
1274,27
1274,32
1274,33
1274,39
1274,40
1275,9
1275,11
1275,16
1275,18
1275,37
1276,8
1276,20
1276,22
1276,23
1276,25
1276,26
1276,31
1276,34
1276,35
1276,36
1276,38
1277,1
1277,4
1277,21
1277,33
1277,40
1278,6
1278,14
1278,28
1278,37
1279,24
1279,30
1279,36
1279,38
1280,22
1280,34
1280,35
1280,39
1281,40
1282,33
1283,5
1285,10
1285,35
1285,37
1285,40
1286,33
1286,38
1288,34
1289,35
1290,40
1292,33
1292,37
1293,38
1294,40
1295,35
1295,36
1298,33
1299,38
1300,35
1301,40
1303,33
1303,38
1305,35
1305,40
1310,34
1310,37
1310,40
1311,33
1312,35
1312,38
1315,40
1317,33
1317,35
1318,38
1320,40
1324,35
1325,33
1325,38
1326,40
1328,34
1330,33
1330,40
1331,35
1333,37
1335,33
1335,36
1335,40
1337,34
1338,35
1339,40
1341,33
1345,36
1345,40
1346,38
1349,33
1349,35
1349,37
1350,34
1351,40
1354,37
1355,36
1356,38
1357,35
1357,40
1361,38
1363,33
1363,34
1363,37
1363,40
1366,35
1368,33
1369,37
1369,40
1372,38
1373,35
1375,33
1377,34
1378,40
1379,37
1381,30
1381,33
1381,36
1382,26
1383,40
1384,17
1384,22
1384,35
1384,38
1386,33
1387,3
1388,31
1388,39
1388,40
1389,2
1390,11
1390,14
1390,19
1390,21
1390,32
1390,37
1391,18
1391,20
1391,25
1391,33
1391,35
1391,36
1392,28
1392,29
1392,38
1392,40
1393,4
1393,6
1393,7
1393,10
1393,13
1393,15
1393,22
1393,23
1393,26
1393,34
1393,37
1393,39
1394,5
1394,8
1394,16
1394,27
1394,35
1395,1
1395,2
1395,9
1395,11
1395,14
1395,24
1395,38
1395,40
1396,12
1396,17
1396,21
1396,22
1396,25
1396,26
1396,30
1396,32
1396,33
1396,34
1396,36
1397,3
1397,7
1397,18
1397,20
1397,31
1397,35
1397,37
1397,39
1398,6
1398,16
1398,22
1398,28
1398,33
1398,38
1398,40
1399,4
1399,8
1399,11
1399,14
1399,15
1399,19
1399,36
1400,2
1400,9
1400,13
1400,23
1400,25
1400,26
1400,34
1400,35
1400,37
1401,1
1401,10
1401,21
1401,30
1401,38
1401,40
1402,32
1402,33
1402,36
1402,39
1403,5
1403,14
1403,22
1403,34
1403,35
1404,18
1404,29
1404,37
1404,38
1404,40
1406,35
1408,34
1408,40
1410,35
1411,33
1412,36
1412,40
1414,35
1414,38
1417,33
1418,35
1418,40
1419,34
1421,33
1422,35
1422,40
1423,37
1427,33
1427,34
1427,35
1427,40
1430,37
1432,35
1433,40
1434,34
1435,33
1437,36
1439,33
1439,35
1439,40
1440,37
1444,33
1444,36
1447,40
1449,33
1449,37
1450,35
1455,33
1455,36
1456,34
1458,38
1460,40
1461,35
1462,34
1462,37
1464,33
1464,40
1468,37
1469,33
1469,40
1472,35
1474,33
1474,37
1476,40
1477,35
1478,33
1481,37
1482,34
1483,33
1483,35
1483,40
1487,40
1488,34
1489,33
1489,35
1490,37
1493,34
1493,40
1494,33
1495,35
1497,33
1497,36
1498,37
1498,38
1498,40
1502,33
1503,35
1503,37
1503,38
1504,34
1504,40
1507,33
1508,38
1509,22
1510,40
1511,3
1511,34
1511,35
1511,37
1512,33
1513,38
1516,26
1516,35
1517,6
1517,30
1517,34
1518,33
1518,38
1518,40
1520,35
1520,37
1521,31
1521,36
1521,39
1523,34
1524,7
1524,35
1524,40
1525,20
1527,33
1527,36
1528,34
1528,35
1528,37
1529,16
1529,38
1529,39
1530,40
1531,14
1532,35
1533,17
1533,28
1536,2
1536,25
1536,32
1536,33
1536,34
1536,35
1536,36
1536,37
1537,11
1537,38
1537,40
1538,5
1538,13
1538,22
1539,8
1539,21
1540,24
1540,26
1540,33
1540,35
1541,34
1541,36
1542,1
1542,14
1542,18
1542,38
1542,40
1543,2
1543,4
1543,9
1543,10
1543,19
1543,23
1543,30
1543,33
1543,37
1544,22
1544,25
1544,35
1544,39
1545,3
1545,6
1545,33
1545,38
1545,40
1546,11
1546,14
1546,15
1546,16
1546,21
1546,26
1546,31
1546,32
1547,7
1547,12
1547,18
1547,20
1547,29
1547,37
1548,22
1548,27
1548,30
1548,33
1548,34
1548,35
1548,36
1548,38
1548,40
1549,1
1549,2
1549,3
1549,5
1549,8
1549,9
1549,10
1549,14
1549,17
1549,23
1549,24
1549,26
1549,28
1549,39
1550,4
1550,11
1550,21
1551,2
1551,13
1551,14
1551,16
1551,22
1551,25
1551,26
1551,31
1551,33
1551,34
1551,35
1551,36
1551,37
1551,38
1551,40
1552,7
1552,8
1552,10
1552,15
1552,24
1552,27
1552,29
1552,30
1552,32
1552,39
1553,1
1553,5
1553,6
1553,9
1553,18
1553,19
1553,28
1554,14
1554,20
1554,22
1554,26
1554,33
1554,34
1554,35
1554,36
1554,37
1554,38
1554,40
1555,4
1555,17
1555,21
1555,25
1555,30
1555,39
1557,8
1557,11
1557,13
1557,33
1557,40
1558,23
1558,37
1558,38
1559,35
1560,16
1560,33
1560,36
1560,40
1562,38
1565,38
1566,33
1566,35
1566,40
1569,38
1570,33
1570,37
1570,40
1573,35
1574,38
1575,33
1575,40
1579,35
1579,38
1581,33
1582,40
1584,35
1586,33
1586,38
1588,34
1588,37
1590,33
1591,35
1591,40
1593,38
1594,36
1596,33
1596,40
1598,35
1599,38
1600,33
1603,40
1605,33
1605,36
1605,37
1606,38
1608,35
1608,40
1610,38
1612,33
1615,35
1615,40
1616,38
1619,40
1620,38
1622,36
1623,33
1625,22
1625,38
1626,40
1627,33
1629,35
1630,34
1630,38
1631,40
1633,33
1635,40
1637,37
1638,34
1638,38
1640,40
1641,33
1642,12
1644,22
1645,36
1645,40
1646,35
1647,34
1647,38
1648,32
1648,33
1648,39
1649,30
1649,37
1651,6
1651,26
1651,40
1652,33
1652,38
1653,22
1655,25
1656,20
1656,33
1657,3
1657,37
1657,39
1657,40
1658,35
1658,38
1659,1
1659,26
1659,34
1660,7
1660,14
1660,33
1661,21
1662,28
1663,36
1663,38
1663,40
1664,34
1664,37
1665,10
1665,11
1665,19
1665,33
1666,29
1667,2
1668,4
1668,22
1668,30
1668,33
1668,38
1668,40
1669,31
1670,23
1670,32
1670,35
1670,39
1671,9
1671,18
1671,26
1671,40
1672,21
1672,22
1672,37
1673,5
1673,15
1673,27
1673,33
1673,38
1674,8
1674,13
1674,14
1674,34
1674,35
1674,40
1675,25
1675,36
1676,38
1676,39
1677,33
1678,2
1678,37
1678,40
1682,20
1682,33
1682,35
1682,40
1683,38
1686,17
1686,40
1688,33
1688,38
1689,36
1690,34
1691,40
1695,35
1696,33
1696,38
1696,40
1700,35
1702,36
1702,40
1704,37
1705,33
1705,38
1707,35
1709,33
1710,40
1714,33
1714,35
1716,38
1718,40
1719,34
1722,35
1724,33
1724,37
1727,40
1728,34
1728,36
1729,33
1729,39
1734,34
1736,37
1737,6
1737,16
1737,33
1737,40
1738,38
1739,35
1741,26
1742,34
1743,3
1743,30
1744,8
1745,7
1745,22
1745,33
1745,37
1745,38
1746,24
1746,25
1746,36
1747,1
1747,11
1747,14
1747,40
1748,17
1748,21
1748,23
1748,26
1748,31
1748,34
1748,35
1749,4
1749,20
1749,32
1749,33
1749,36
1749,39
1750,2
1750,9
1750,10
1750,15
1750,16
1750,18
1750,19
1750,22
1750,28
1750,37
1750,38
1751,3
1751,5
1751,14
1751,25
1751,29
1751,34
1751,40
1752,7
1752,8
1752,11
1752,22
1752,35
1753,1
1753,4
1753,6
1753,16
1753,18
1753,21
1753,26
1753,30
1753,31
1753,32
1753,33
1753,37
1753,38
1753,39
1754,2
1754,12
1754,13
1754,23
1754,34
1754,36
1754,40
1755,9
1755,14
1755,20
1755,24
1755,25
1755,27
1755,33
1755,38
1756,10
1756,17
1756,22
1756,28
1756,35
1756,37
1757,7
1757,11
1757,21
1757,26
1757,34
1757,36
1757,39
1757,40
1758,30
1758,33
1758,38
1760,14
1761,22
1761,35
1762,33
1762,36
1762,38
1764,40
1766,38
1769,33
1769,35
1770,34
1770,38
1770,40
1771,37
1773,33
1774,38
1776,35
1777,40
1778,33
1779,38
1781,35
1784,40
1785,33
1785,38
1787,34
1787,35
1789,40
1790,33
1794,33
1794,35
1794,40
1798,38
1799,35
1800,33
1800,40
1802,34
1803,37
1803,38
1806,33
1806,35
1806,40
1810,34
1810,38
1811,35
1812,40
1814,33
1816,34
1817,36
1818,37
1818,38
1820,40
1821,33
1821,35
1822,38
1825,33
1826,35
1828,40
1829,34
1829,38
1830,33
1830,35
1830,36
1837,33
1837,35
1838,34
1838,38
1840,36
1840,40
1841,33
1841,37
1843,35
1845,33
1847,40
1848,35
1849,38
1850,33
1853,40
1855,22
1855,33
1856,35
1857,26
1857,34
1858,33
1860,38
1860,40
1861,2
1861,30
1862,35
1863,33
1864,5
1866,12
1866,21
1866,37
1866,40
1867,13
1867,25
1867,32
1867,33
1867,36
1867,38
1868,14
1868,20
1868,22
1869,6
1869,15
1869,34
1869,35
1870,3
1870,7
1870,8
1870,23
1870,26
1870,31
1870,37
1870,39
1871,18
1871,33
1871,40
1872,1
1872,11
1872,14
1872,17
1872,27
1872,28
1872,30
1872,38
1873,2
1873,4
1873,9
1873,16
1873,25
1873,29
1873,34
1873,35
1873,36
1874,14
1874,19
1874,21
1874,22
1874,26
1874,33
1874,40
1875,5
1875,10
1875,24
1875,32
1875,37
1875,38
1875,39
1876,8
1876,11
1876,18
1876,20
1876,30
1876,31
1877,1
1877,22
1877,33
1877,36
1877,40
1878,3
1878,6
1878,16
1878,17
1878,26
1878,34
1878,35
1878,37
1879,7
1879,23
1879,25
1879,38
1879,39
1880,14
1880,28
1880,33
1881,2
1881,21
1882,15
1882,30
1882,35
1882,36
1882,37
1882,40
1883,34
1883,38
1886,33
1888,22
1889,35
1890,38
1891,40
1893,36
1895,38
1896,33
1896,35
1897,40
1899,37
1901,38
1902,35
1904,33
1905,40
1909,38
1910,35
1911,33
1911,37
1912,40
1913,34
1919,37
1920,40
1921,33
1921,34
1921,35
1922,36
1923,38
1928,38
1929,36
1930,34
1930,40
1931,33
1931,39
1932,35
1932,37
1935,40
1937,35
1937,37
1940,40
1941,33
1941,38
1942,36
1943,37
1945,35
1946,39
1946,40
1948,33
1948,36
1948,37
1951,35
1951,40
1952,37
1956,33
1956,35
1957,37
1957,40
1959,36
1959,38
1961,40
1962,35
1963,33
1965,37
1965,40
1967,33
1968,35
1970,36
1970,37
1970,40
1972,33
1976,40
1977,22
1977,33
1977,37
1978,38
1979,26
1979,35
1980,32
1980,36
1981,40
1982,33
1983,3
1983,38
1984,4
1984,40
1985,37
1986,34
1986,38
1987,22
1987,30
1987,33
1987,36
1988,40
1989,2
1992,35
1992,38
1992,40
1993,33
1993,36
1995,6
1995,21
1996,31
1997,23
1998,13
1998,20
1998,33
1998,36
1998,38
1998,40
1999,27
1999,28
1999,29
1999,34
1999,37
1999,39
2000,11
2000,15
2000,19
2001,10
2001,17
2001,26
2001,35
2002,1
2002,2
2002,7
2002,8
2002,14
2002,25
2002,37
2002,40
2003,4
2003,5
2003,9
2003,18
2003,22
2003,33
2003,36
2003,38
2004,3
2004,12
2004,16
2004,21
2004,24
2004,30
2004,32
2004,34
2004,39
2005,11
2005,14
2005,22
2005,23
2005,25
2005,26
2005,35
2005,37
2005,40
2006,6
2006,7
2006,8
2006,20
2006,31
2006,33
2007,2
2007,15
2007,21
2007,28
2007,34
2007,36
2007,38
2008,1
2008,9
2008,10
2008,18
2008,30
2008,35
2008,37
2008,39
2008,40
2009,26
2009,33
2010,13
2010,14
2010,16
2010,17
2010,22
2011,35
2011,40
2012,5
2012,25
2012,34
2012,37
2012,38
2013,11
2013,33
2013,36
2016,35
2017,38
2017,40
2021,35
2021,40
2022,33
2022,36
2023,34
2023,38
2025,37
2026,40
2027,33
2028,35
2030,38
2031,33
2032,40
2034,34
2035,33
2036,35
2036,40
2038,38
2039,40
2041,33
2043,35
2043,40
2044,38
2047,40
2048,33
2050,38
2051,34
2052,35
2052,40
2054,33
2057,40
2058,36
2059,38
2060,34
2061,37
2062,35
2063,40
2066,38
2067,33
2067,40
2068,35
2068,36
2071,37
2073,33
2073,40
2075,38
2077,37
2079,33
2079,40
2080,22
2081,35
2083,37
2083,38
2084,34
2085,33
2086,40
2088,35
2092,37
2093,33
2093,38
2095,35
2095,40
2096,30
2097,33
2099,38
2100,36
2101,37
2101,40
2102,33
2103,32
2105,26
2106,22
2106,33
2107,35
2107,38
2109,14
2109,36
2109,37
2109,40
2111,3
2111,33
2112,4
2114,28
2114,37
2115,2
2115,7
2115,39
2115,40
2116,20
2117,6
2117,22
2117,27
2117,33
2117,35
2118,23
2118,25
2118,31
2118,36
2118,40
2119,8
2119,11
2119,13
2119,18
2119,24
2119,34
2119,37
2120,1
2120,15
2120,26
2120,33
2120,38
2121,5
2121,12
2121,14
2121,17
2121,19
2121,21
2121,39
2121,40
2122,9
2122,30
2122,35
2122,36
2122,37
2123,3
2123,10
2123,16
2123,25
2123,32
2123,33
2123,38
2124,20
2124,22
2124,26
2124,34
2124,40
2125,14
2125,21
2125,29
2125,31
2125,33
2125,38
2125,39
2126,2
2126,11
2126,25
2126,37
2127,8
2127,40
2128,33
2128,34
2128,36
2128,38
2129,7
2129,35
2131,22
2132,18
2133,35
2134,36
2134,40
2135,38
2136,33
2137,39
2138,34
2140,35
2140,40
2141,33
2141,38
2145,33
2146,36
2147,40
2148,33
2149,34
2149,38
2151,33
2151,35
2151,37
2151,40
2155,33
2157,38
2157,40
2158,36
2159,33
2161,40
2164,33
2164,38
2165,35
2166,36
2166,40
2170,40
2172,33
2173,34
2173,38
2174,36
2174,40
2178,35
2179,40
2181,38
2182,33
2184,35
2185,40
2189,33
2189,38
2190,37
2191,34
2193,33
2193,40
2194,37
2198,33
2198,37
2199,38
2199,40
2200,30
2200,34
2201,35
2203,33
2203,40
2207,33
2208,40
2209,37
2210,33
2211,34
2212,38
2213,33
2214,26
2214,40
2215,35
2216,37
2218,33
2220,36
2220,40
2222,22
2222,33
2224,34
2224,37
2225,39
2226,2
2227,33
2227,40
2229,32
2230,33
2230,35
2231,21
2234,20
2234,33
2234,38
2235,17
2235,34
2235,36
2236,7
2236,40
2237,3
2237,22
2237,25
2237,33
2238,37
2239,6
2239,9
2239,26
2240,23
2240,28
2240,33
2240,36
2241,1
2241,8
2241,11
2241,12
2241,14
2241,18
2241,22
2241,24
2241,30
2241,31
2241,38
2242,4
2242,10
2242,13
2242,15
2242,16
2242,19
2242,35
2242,39
2242,40
2243,2
2243,3
2243,5
2243,11
2243,14
2243,20
2243,21
2243,22
2243,25
2243,26
2243,29
2243,33
2243,34
2243,36
2243,37
2243,38
2244,1
2244,6
2244,7
2244,8
2244,9
2244,17
2244,18
2244,24
2244,28
2244,30
2244,32
2245,2
2245,14
2245,22
2245,23
2245,26
2245,27
2245,31
2245,33
2245,34
2245,35
2245,37
2245,40
2246,4
2246,5
2246,10
2246,11
2246,13
2246,16
2246,21
2246,25
2246,36
2246,38
2246,39
2247,9
2247,15
2247,19
2247,20
2247,28
2247,29
2247,30
2247,40
2248,1
2248,7
2248,8
2248,32
2248,33
2248,34
2248,37
2249,3
2249,14
2249,17
2249,21
2249,22
2249,25
2249,26
2249,35
2249,36
2249,38
2250,18
2250,23
2250,39
2251,2
2251,6
2251,12
2251,16
2251,33
2251,40
2252,34
2252,36
2252,37
2252,38
2253,4
2253,14
2253,22
2253,24
2253,30
2254,26
2254,35
2255,33
2256,37
2256,38
2256,40
2257,22
2257,36
2258,39
2259,33
2263,37
2263,40
2264,33
2264,38
2268,33
2270,35
2270,40
2274,33
2274,38
2276,40
2277,37
2278,35
2278,38
2279,36
2281,33
2283,40
2285,35
2286,33
2286,36
2286,38
2287,40
2292,38
2292,40
2293,33
2294,35
2294,36
2297,40
2300,37
2301,33
2301,35
2301,38
2302,40
2308,38
2308,40
2309,33
2310,34
2310,35
2313,40
2315,35
2316,36
2318,33
2319,35
2319,38
2319,40
2323,35
2324,33
2324,40
2328,35
2329,34
2330,33
2331,38
2333,35
2333,37
2333,40
2335,36
2339,35
2340,37
2341,33
2341,34
2343,40
2344,35
2345,37
2348,35
2349,37
2350,33
2351,40
2352,36
2353,26
2354,35
2354,37
2355,30
2357,38
2358,22
2358,35
2359,33
2360,37
2360,40
2362,35
2363,27
2363,34
2365,33
2365,37
2366,35
2367,40
2371,33
2371,35
2371,37
2373,32
2375,40
2376,18
2376,33
2377,35
2377,36
2377,37
2377,38
2379,7
2381,20
2381,35
2382,25
2382,33
2383,37
2383,39
2383,40
2384,5
2384,17
2384,36
2385,26
2385,34
2385,38
2386,33
2387,37
2388,2
2388,22
2388,35
2389,21
2389,40
2390,15
2390,16
2391,6
2391,14
2391,33
2392,3
2392,31
2392,39
2393,4
2393,8
2393,11
2393,37
2393,38
2393,40
2394,19
2394,24
2394,30
2394,34
2395,1
2395,9
2395,10
2395,23
2395,28
2395,29
2395,33
2395,35
2395,36
2396,21
2396,22
2396,25
2396,32
2396,37
2396,40
2397,39
2398,7
2398,13
2398,14
2398,26
2398,33
2398,34
2398,38
2399,2
2399,12
2400,8
2400,11
2400,35
2400,37
2400,40
2401,30
2401,36
2402,20
2402,26
2402,33
2402,34
2402,38
2403,3
2404,37
2404,40
2406,33
2406,34
2408,22
2409,37
2410,33
2410,40
2411,34
2412,38
2415,33
2415,36
2415,40
2416,37
2417,34
2421,37
2422,33
2423,34
2423,36
2424,35
2424,40
2425,39
2428,33
2428,37
2429,34
2431,33
2433,34
2434,40
2435,33
2435,37
2440,33
2440,34
2440,37
2442,35
2442,36
2445,34
2446,33
2448,40
2450,37
2451,34
2452,38
2453,33
2453,35
2453,36
2454,40
2457,37
2458,38
2459,35
2461,34
2461,37
2461,40
2464,33
2467,38
2467,40
2468,35
2468,37
2472,40
2474,35
2475,38
2476,34
2476,39
2476,40
2478,33
2479,37
2480,35
2480,40
2484,35
2485,40
2487,36
2487,37
2488,35
2490,6
2490,38
2491,33
2492,14
2492,35
2493,18
2493,40
2494,30
2494,37
2495,26
2495,34
2495,35
2496,22
2497,4
2497,31
2497,38
2498,32
2498,40
2499,3
2499,28
2499,33
2499,35
2500,2
2500,5
2500,11
2500,20
2500,25
2500,38
2500,39
2501,1
2501,7
2501,8
2501,13
2501,14
2501,21
2501,34
2501,37
2502,10
2502,17
2502,22
2502,35
2503,9
2503,16
2503,18
2503,24
2503,26
2503,30
2503,33
2503,36
2503,38
2503,40
2504,2
2504,11
2504,23
2504,25
2504,27
2504,29
2504,32
2504,34
2504,39
2505,14
2505,15
2505,19
2505,22
2505,37
2506,5
2506,8
2506,20
2506,21
2506,26
2506,31
2506,33
2506,35
2506,38
2506,40
2507,3
2507,6
2507,12
2507,28
2507,34
2507,36
2508,4
2508,7
2508,17
2508,30
2508,38
2508,39
2509,1
2509,14
2509,22
2509,33
2509,37
2510,2
2510,16
2510,18
2510,35
2510,40
2511,11
2511,25
2511,34
2511,38
2512,23
2512,36
2514,33
2514,40
2515,22
2515,35
2515,37
2515,38
2516,34
2519,35
2519,40
2520,36
2523,33
2523,38
2524,34
2524,35
2530,34
2530,35
2530,36
2530,40
2532,33
2532,38
2536,40
2537,34
2537,35
2538,33
2542,33
2542,35
2543,40
2544,34
2548,33
2548,35
2548,37
2549,34
2549,40
2550,38
2554,35
2555,33
2555,34
2555,37
2558,36
2558,37
2558,40
2561,34
2562,35
2563,33
2563,37
2565,34
2567,37
2568,40
2569,33
2569,34
2569,35
2574,34
2575,33
2575,35
2576,37
2576,40
2579,35
2581,33
2581,37
2582,34
2583,40
2584,35
2587,37
2588,33
2590,34
2590,40
2591,35
2592,37
2595,33
2595,35
2595,38
2597,37
2598,40
2600,38
2601,32
2601,33
2601,35
2604,37
2605,22
2605,33
2605,35
2605,40
2606,26
2606,34
2606,38
2608,30
2609,33
2610,6
2610,35
2610,36
2611,34
2611,37
2611,38
2611,40
2614,33
2615,39
2616,3
2618,37
2618,38
2618,40
2619,34
2619,35
2620,33
2621,21
2622,20
2625,9
2625,33
2625,37
2625,38
2626,14
2626,27
2626,35
2626,40
2627,2
2627,7
2627,15
2627,22
2627,25
2627,34
2628,4
2628,39
2629,16
2629,24
2629,26
2629,31
2629,33
2629,36
2629,40
2630,1
2630,5
2630,11
2630,13
2630,14
2630,18
2630,35
2630,37
2631,8
2631,17
2631,21
2631,28
2631,30
2631,32
2631,34
2631,38
2632,22
2632,23
2632,25
2632,33
2632,35
2632,40
2633,2
2633,6
2633,7
2633,10
2633,19
2633,26
2633,29
2633,36
2634,11
2634,14
2634,20
2634,34
2634,37
2634,39
2635,5
2635,9
2635,16
2635,31
2635,35
2635,38
2635,40
2636,3
2636,33
2637,18
2637,22
2637,24
2638,12
2638,35
2638,37
2639,21
2639,26
2639,34
2639,36
2639,38
2639,39
2640,25
2640,30
2640,33
2640,40
2643,33
2644,22
2644,40
2645,38
2646,35
2647,36
2647,37
2648,33
2648,40
2650,38
2652,35
2653,34
2653,40
2654,33
2658,33
2659,37
2659,38
2659,40
2660,34
2661,35
2663,33
2664,40
2667,33
2667,34
2667,35
2669,40
2671,33
2671,38
2674,35
2674,40
2677,33
2678,34
2680,38
2680,40
2682,37
2684,35
2686,40
2687,33
2687,36
2687,38
2692,40
2694,34
2695,35
2695,38
2698,40
2699,37
2700,33
2701,36
2702,40
2703,34
2706,33
2706,35
2706,38
2707,36
2707,37
2707,40
2712,33
2713,40
2714,37
2716,3
2716,33
2717,34
2717,36
2719,35
2719,38
2719,40
2720,33
2720,37
2721,22
2724,33
2726,34
2726,37
2726,40
2728,36
2729,23
2729,38
2730,33
2730,35
2730,40
2732,30
2732,32
2732,37
2734,40
2735,33
2736,6
2736,26
2736,37
2736,38
2736,39
2737,21
2738,7
2738,35
2739,4
2739,37
2739,40
2740,17
2740,34
2741,22
2741,33
2741,36
2742,28
2742,38
2743,1
2743,8
2743,20
2744,2
2744,37
2744,40
2745,22
2745,35
2746,5
2746,11
2746,14
2746,16
2746,19
2746,25
2746,30
2746,33
2747,18
2747,31
2747,38
2748,13
2748,14
2748,15
2748,21
2748,33
2748,34
2748,35
2748,36
2748,37
2748,39
2748,40
2749,20
2749,23
2749,25
2749,26
2749,32
2750,1
2750,3
2750,4
2750,7
2750,9
2750,10
2750,29
2751,2
2751,6
2751,8
2751,33
2751,35
2751,40
2752,11
2752,14
2752,22
2752,24
2752,25
2752,26
2752,27
2752,28
2752,30
2752,34
2752,36
2752,37
2752,38
2753,5
2753,12
2753,13
2753,16
2753,17
2753,18
2753,19
2753,21
2753,31
2754,9
2754,10
2754,36
2754,37
2754,39
2755,7
2755,14
2755,15
2755,22
2755,23
2755,24
2755,26
2755,32
2755,33
2755,34
2755,35
2755,38
2755,40
2756,2
2756,3
2756,4
2756,8
2756,20
2756,21
2756,25
2756,29
2756,30
2757,6
2757,11
2757,28
2757,33
2757,38
2757,40
2758,14
2758,22
2758,26
2758,34
2758,35
2758,36
2758,37
2758,39
2759,1
2759,18
2759,31
2760,2
2761,37
2761,38
2761,40
2762,33
2762,35
2763,34
2766,33
2767,35
2767,37
2768,34
2769,38
2770,33
2770,40
2771,37
2773,35
2775,33
2775,37
2775,40
2778,40
2779,34
2779,35
2780,37
2780,38
2781,33
2783,40
2785,37
2787,35
2787,40
2788,34
2790,33
2790,40
2791,37
2792,38
2794,40
2795,33
2798,33
2798,35
2798,40
2799,37
2802,38
2803,33
2803,40
2805,37
2807,35
2808,33
2809,40
2813,33
2813,38
2814,34
2814,37
2815,40
2819,33
2820,35
2821,37
2821,38
2821,40
2824,33
2825,36
2826,40
2828,33
2828,34
2828,37
2831,35
2832,33
2833,37
2833,40
2835,38
2838,33
2839,35
2839,40
2840,37
2841,38
2844,35
2844,40
2846,33
2847,34
2848,35
2849,38
2849,40
2852,37
2853,35
2853,39
2855,30
2855,33
2855,38
2855,40
2858,35
2860,40
2861,38
2863,33
2864,35
2864,40
2866,3
2866,26
2867,33
2869,22
2869,40
2870,35
2870,37
2870,38
2871,36
2872,1
2872,2
2872,33
2876,32
2876,40
2877,7
2877,21
2877,33
2878,4
2878,22
2878,31
2878,35
2878,38
2879,9
2879,16
2879,36
2879,37
2880,20
2880,33
2880,40
2881,11
2881,14
2881,25
2881,26
2881,34
2882,6
2882,8
2882,24
2882,39
2883,10
2883,17
2883,18
2883,22
2883,28
2883,33
2883,37
2883,38
2883,40
2884,2
2884,15
2884,29
2884,30
2885,5
2885,11
2885,13
2885,23
2885,26
2885,34
2885,35
2885,36
2885,40
2886,14
2886,21
2886,22
2886,25
2886,32
2887,19
2887,31
2887,33
2887,38
2887,39
2888,4
2888,12
2888,16
2888,34
2888,36
2888,37
2888,40
2889,2
2889,6
2889,7
2889,8
2889,18
2889,30
2889,35
2890,3
2890,20
2891,1
2891,14
2891,22
2891,27
2891,33
2891,38
2892,34
2892,35
2892,37
2892,39
2892,40
2893,26
2894,17
2894,33
2894,36
2896,16
2897,5
2897,33
2897,35
2899,34
2899,37
2899,38
2900,40
2901,33
2901,35
2905,33
2905,35
2905,40
2907,34
2909,35
2910,38
2911,33
2912,37
2912,40
2913,35
2917,35
2918,37
2918,40
2919,33
2920,35
2922,33
2923,34
2924,35
2927,33
2927,36
2927,37
2927,40
2929,35
2932,33
2932,37
2933,40
2934,35
2936,33
2939,33
2939,35
2940,37
2943,33
2943,40
2945,35
2946,37
2947,34
2949,33
2949,40
2951,37
2952,35
2957,33
2957,40
2958,37
2959,38
2960,36
2962,33
2962,35
2962,37
2963,39
2965,40
2967,37
2969,35
2970,40
2971,33
2973,36
2975,40
2977,22
2977,37
2980,40
2981,28
2981,35
2981,36
2981,39
2984,18
2985,3
2986,21
2986,23
2986,34
2987,4
2987,9
2987,19
2987,35
2987,37
2987,40
2988,1
2988,6
2988,22
2988,24
2988,33
2988,36
2989,2
2989,8
2989,10
2989,11
2989,14
2989,15
2989,29
2989,30
2989,31
2989,39
2990,12
2990,16
2990,25
2990,26
2990,32
2990,38
2990,40
2991,4
2991,5
2991,7
2991,11
2991,13
2991,14
2991,17
2991,20
2991,21
2991,22
2991,33
2991,34
2991,35
2991,36
2991,37
2992,3
2992,9
2992,18
2992,27
2992,28
2992,30
2992,39
2993,2
2993,8
2993,23
2993,24
2993,26
2993,31
2993,37
2993,38
2993,40
2994,1
2994,14
2994,20
2994,22
2994,25
2994,32
2994,33
2994,34
2994,35
2994,36
2995,7
2995,10
2995,16
2995,21
2996,5
2996,6
2996,11
2996,15
2996,29
2996,38
2996,39
2996,40
2997,13
2997,17
2997,26
2997,30
2997,33
2997,37
2998,14
2998,22
2998,25
2998,34
2998,35
2998,36
2999,38
2999,40
3000,2
3000,18
3001,33
3002,36
3004,35
3004,40
3005,37
3006,34
3007,33
3008,40
3010,35
3010,36
3010,37
3013,33
3014,40
3015,37
3018,35
3020,33
3020,40
3021,37
3022,36
3026,40
3027,35
3028,34
3028,37
3029,33
3029,38
3030,40
3032,36
3034,40
3035,33
3038,38
3038,40
3040,36
3041,33
3041,37
3045,37
3045,40
3048,33
3048,35
3048,36
3048,38
3053,40
3054,33
3055,37
3058,33
3058,35
3060,37
3061,33
3062,38
3062,40
3063,35
3065,33
3067,37
3069,33
3070,35
3071,34
3072,40
3073,33
3073,37
3075,36
3077,35
3078,33
3078,40
3080,37
3082,40
3083,36
3084,33
3085,35
3087,34
3088,33
3089,40
3090,37
3090,38
3091,35
3094,33
3095,40
3098,37
3098,40
3099,35
3100,36
3102,33
3104,26
3104,38
3104,40
3106,3
3106,22
3106,37
3107,35
3108,40
3109,33
3109,36
3110,30
3110,39
3111,6
3112,14
3112,23
3112,32
3112,34
3112,38
3113,37
3113,40
3114,21
3115,11
3115,33
3115,35
3115,36
3116,22
3116,31
3116,34
3116,39
3117,7
3117,8
3117,20
3117,29
3118,2
3118,4
3118,12
3118,38
3118,40
3119,18
3119,28
3119,37
3120,1
3120,5
3120,9
3120,10
3120,11
3120,14
3120,16
3120,24
3120,25
3120,34
3120,35
3120,39
3121,13
3121,15
3121,17
3121,22
3121,26
3121,27
3121,33
3121,36
3122,8
3122,19
3122,21
3122,30
3122,32
3122,34
3122,37
3122,38
3122,40
3123,14
3123,16
3123,18
3123,25
3123,31
3123,35
3124,2
3124,4
3124,6
3124,7
3124,20
3124,24
3124,26
3124,33
3124,36
3124,39
3125,3
3125,9
3125,22
3125,23
3125,28
3125,34
3125,37
3125,38
3126,1
3126,5
3126,10
3126,14
3126,17
3126,35
3126,40
3127,2
3127,11
3127,25
3127,33
3128,16
3128,18
3128,30
3128,34
3128,36
3128,39
3129,21
3129,22
3129,37
3129,38
3129,40
3130,26
3130,32
3130,35
3132,33
3133,40
3136,38
3137,34
3139,37
3141,40
3142,33
3144,35
3144,37
3148,33
3149,36
3149,40
3151,34
3151,37
3154,33
3154,36
3156,37
3157,40
3162,36
3162,37
3162,40
3163,35
3166,33
3167,40
3170,36
3171,33
3171,37
3172,38
3172,40
3176,33
3177,34
3177,35
3177,40
3179,38
3180,36
3182,33
3182,35
3182,40
3186,35
3189,33
3189,40
3190,34
3190,35
3190,37
3194,35
3194,40
3195,33
3195,37
3198,35
3199,40
3201,34
3201,35
3202,37
3203,33
3204,36
3205,35
3207,34
3207,40
3208,37
3210,33
3210,35
3213,34
3214,35
3216,40
3218,33
3219,34
3219,35
3219,36
3219,37
3224,33
3224,40
3227,22
3227,35
3230,26
3230,34
3230,40
3232,6
3232,33
3233,20
3233,35
3234,3
3234,19
3234,38
3235,8
3235,36
3236,2
3236,30
3236,33
3236,34
3236,39
3237,25
3237,37
3237,40
3238,1
3238,7
3238,11
3238,14
3238,35
3239,16
3239,38
3240,4
3240,9
3240,31
3241,5
3241,17
3241,18
3241,32
3241,33
3241,34
3242,15
3242,22
3242,24
3242,26
3242,28
3242,30
3242,36
3242,37
3242,40
3243,10
3243,14
3243,20
3243,21
3243,25
3243,29
3243,35
3243,38
3243,39
3244,11
3244,13
3244,23
3244,33
3245,1
3245,2
3245,8
3245,22
3245,26
3245,34
3245,36
3245,37
3245,40
3246,7
3246,27
3246,32
3246,38
3247,3
3247,12
3247,31
3247,33
3247,35
3248,19
3248,21
3249,6
3249,14
3249,16
3249,30
3249,34
3249,38
3249,40
3250,22
3250,33
3250,36
3250,37
3251,9
3251,26
3252,18
3252,35
3252,38
3252,39
3254,37
3255,33
3255,40
3256,35
3257,38
3262,33
3262,35
3262,38
3262,40
3264,37
3267,35
3267,38
3268,40
3270,37
3271,38
3272,35
3273,33
3274,40
3275,38
3276,36
3277,37
3280,38
3281,40
3282,37
3283,33
3283,35
3285,38
3286,36
3288,33
3288,40
3290,38
3291,37
3293,40
3295,33
3295,35
3295,38
3297,37
3298,22
3298,40
3299,38
3303,33
3303,35
3303,38
3304,40
3305,34
3305,36
3305,37
3310,35
3311,33
3311,37
3311,38
3312,40
3314,36
3317,37
3318,35
3318,38
3318,40
3323,33
3323,35
3323,37
3323,38
3324,40
3328,35
3330,33
3330,37
3330,38
3331,40
3333,35
3335,22
3336,26
3337,35
3338,37
3338,38
3339,17
3339,30
3339,39
3339,40
3340,33
3341,11
3341,22
3341,23
3342,35
3343,2
3343,3
3343,21
3343,25
3343,28
3343,36
3343,37
3343,38
3343,40
3344,14
3344,16
3344,29
3344,33
3345,4
3345,7
3345,32
3346,6
3346,15
3346,22
3346,26
3346,31
3346,34
3346,37
3346,38
3347,1
3347,5
3347,20
3347,35
3348,8
3348,9
3348,10
3348,14
3348,18
3348,24
3348,30
3348,33
3348,40
3349,2
3349,11
3349,13
3349,25
3349,36
3349,38
3349,39
3350,17
3350,19
3350,22
3350,26
3350,33
3350,34
3350,35
3350,37
3351,12
3351,16
3351,21
3351,27
3351,32
3351,40
3353,5
3353,7
3353,20
3353,33
3353,37
3354,3
3354,14
3354,23
3354,28
3354,31
3354,36
3354,38
3354,40
3355,6
3355,8
3355,34
3355,35
3356,33
3356,37
3356,39
3357,22
3357,38
3357,40
3358,30
3360,33
3361,37
3361,40
3364,38
3366,33
3366,35
3366,37
3366,40
3370,33
3372,37
3373,40
3374,33
3374,38
3377,34
3378,33
3379,35
3379,40
3380,37
3383,33
3384,35
3385,40
3386,37
3388,33
3388,34
3391,37
3392,33
3392,35
3392,40
3396,33
3398,40
3399,35
3399,37
3401,33
3401,34
3401,38
3402,40
3408,34
3408,40
3409,36
3411,33
3411,35
3412,37
3414,34
3415,33
3417,40
3421,33
3421,34
3423,36
3423,38
3423,40
3425,37
3426,33
3428,40
3430,37
3432,33
3432,34
3432,35
3433,40
3435,37
3439,35
3439,37
3440,33
3440,34
3440,40
3444,40
3445,37
3446,34
3447,18
3447,22
3447,35
3447,39
3448,25
3448,33
3449,40
3450,19
3451,34
3452,4
3452,14
3452,37
3453,1
3453,30
3454,33
3454,35
3454,36
3455,8
3455,16
3455,21
3455,26
3455,38
3455,40
3456,6
3456,22
3456,32
3456,34
3457,10
3457,17
3457,37
3458,3
3458,7
3458,9
3458,11
3458,20
3458,30
3458,33
3458,38
3459,2
3459,5
3459,23
3459,24
3459,29
3459,31
3459,39
3459,40
3460,14
3460,15
3460,22
3460,26
3460,28
3460,33
3460,34
3460,35
3461,11
3461,13
3461,18
3461,21
3461,25
3461,27
3461,36
3461,37
3461,38
3462,4
3462,10
3462,30
3462,40
3463,2
3463,7
3463,8
3463,9
3463,34
3463,39
3464,3
3464,14
3464,16
3464,20
3464,26
3464,32
3464,35
3464,36
3464,37
3465,1
3465,12
3465,22
3465,23
3465,31
3465,33
3465,40
3466,34
3466,38
3467,19
3467,25
3467,35
3468,6
3468,14
3468,28
3468,36
3468,37
3468,40
3469,21
3469,24
3469,26
3469,33
3471,34
3471,39
3472,33
3472,35
3472,37
3475,22
3475,40
3476,36
3479,33
3480,35
3480,37
3480,40
3486,34
3486,40
3489,35
3490,33
3490,37
3491,40
3492,36
3493,38
3496,40
3497,33
3497,34
3499,35
3499,37
3500,40
3501,36
3501,38
3503,33
3504,35
3506,37
3506,40
3507,38
3508,35
3510,33
3511,40
3512,35
3515,38
3517,34
3517,40
3518,35
3520,33
3522,40
3523,35
3524,38
3526,33
3526,36
3526,40
3528,35
3531,33
3532,38
3532,40
3533,37
3535,35
3536,33
3537,40
3539,22
3541,35
3542,33
3542,40
3543,36
3545,37
3546,30
3547,26
3548,33
3548,35
3548,40
3550,12
3551,36
3554,38
3555,34
3555,37
3555,39
3556,40
3558,33
3559,35
3560,32
3560,40
3561,38
3562,36
3564,33
3564,35
3565,40
3569,34
3569,40
3570,33
3571,38
3572,36
3573,35
3573,40
3576,34
3576,40
3580,35
3580,38
3580,40
3581,3
3582,36
3583,34
3584,6
3584,40
3585,33
3586,19
3586,22
3587,40
3588,34
3588,35
3588,37
3589,8
3589,11
3589,21
3589,38
3590,1
3590,2
3590,36
3591,31
3591,40
3592,4
3592,16
3592,20
3592,33
3592,34
3593,5
3593,39
3594,9
3594,15
3594,17
3594,18
3594,22
3594,28
3594,37
3594,38
3594,40
3595,7
3595,25
3595,32
3595,35
3596,2
3596,10
3596,14
3596,24
3596,26
3596,36
3597,11
3597,21
3597,22
3597,23
3597,33
3597,34
3597,38
3597,40
3598,8
3598,20
3598,30
3598,31
3598,35
3598,39
3599,13
3599,16
3599,18
3599,29
3599,36
3599,37
3600,7
3600,33
3600,34
3600,40
3601,3
3601,6
3601,14
3601,25
3601,27
3601,35
3601,38
3602,2
3602,5
3602,19
3602,26
3602,37
3603,9
3603,34
3603,38
3603,40
3604,14
3604,33
3604,35
3604,39
3605,30
3606,22
3606,32
3606,37
3606,40
3608,38
3609,40
3610,33
3610,35
3611,34
3611,36
3613,40
3616,38
3617,35
3618,33
3618,37
3619,40
3621,35
3624,34
3624,40
3625,33
3625,35
3626,38
3627,37
3628,40
3630,35
3630,36
3632,40
3635,37
3636,35
3637,40
3638,38
3641,40
3642,35
3644,34
3645,38
3646,33
3646,40
3649,37
3651,40
3653,38
3654,22
3654,33
3654,39
3655,35
3656,36
3656,40
3660,35
3661,36
3662,38
3663,40
3664,37
3666,35
3667,34
3668,40
3671,33
3671,36
3671,38
3672,40
3673,35
3676,40
3679,34
3679,35
3679,37
3680,36
3680,40
3682,33
3685,37
3685,40
3686,35
3687,33
3690,40
3691,37
3693,15
3693,33
3694,3
3694,35
3694,38
3695,36
3696,34
3696,40
3697,33
3697,37
3698,26
3699,23
3700,38
3700,40
3701,33
3702,21
3702,35
3703,8
3703,22
3704,30
3705,11
3705,14
3705,28
3705,33
3705,40
3706,20
3706,31
3706,34
3706,36
3706,37
3706,38
3707,2
3707,6
3707,7
3707,13
3707,25
3707,35
3707,39
3708,1
3708,4
3708,9
3708,16
3708,33
3709,12
3709,17
3709,18
3709,22
3709,26
3709,40
3710,5
3710,10
3710,24
3710,25
3710,29
3710,32
3710,33
3710,34
3710,35
3710,37
3711,8
3711,11
3711,14
3711,19
3711,21
3711,28
3711,30
3711,38
3712,1
3712,2
3712,22
3712,26
3712,33
3712,36
3712,40
3713,3
3713,7
3713,16
3713,23
3713,31
3713,34
3713,37
3713,38
3713,39
3714,6
3714,9
3714,14
3714,18
3714,20
3714,25
3714,30
3714,32
3714,35
3715,27
3715,33
3715,40
3716,4
3716,10
3716,15
3716,17
3716,21
3716,22
3716,34
3716,37
3716,38
3716,39
3717,26
3717,35
3717,36
3718,11
3718,13
3718,40
3719,14
3720,33
3720,38
3721,22
3721,40
3722,34
3722,35
3722,36
3722,37
3728,33
3728,37
3728,38
3728,40
3729,34
3732,35
3733,33
3735,34
3736,33
3736,37
3736,38
3736,40
3737,35
3740,33
3742,35
3742,40
3746,33
3746,35
3746,37
3747,38
3749,34
3751,33
3751,35
3751,40
3756,33
3756,35
3759,37
3760,40
3762,33
3764,35
3766,37
3766,38
3766,40
3767,33
3768,35
3772,33
3772,37
3774,35
3774,40
3778,37
3779,35
3780,33
3781,36
3781,38
3782,34
3786,33
3786,37
3786,38
3787,35
3789,40
3790,33
3791,37
3794,37
3796,33
3796,34
3796,35
3796,38
3798,37
3800,40
3802,33
3803,37
3804,22
3805,3
3805,38
3805,40
3807,35
3810,26
3810,33
3811,30
3811,40
3812,35
3812,36
3812,37
3813,20
3813,34
3813,38
3814,22
3814,32
3816,33
3816,35
3816,40
3817,6
3819,21
3819,37
3819,38
3820,26
3820,34
3821,39
3822,31
3822,33
3823,37
3823,40
3824,7
3824,25
3824,35
3825,1
3825,30
3826,18
3826,33
3827,38
3828,5
3828,15
3828,17
3828,23
3828,34
3828,36
3828,37
3828,40
3829,9
3829,11
3829,13
3829,14
3829,35
3830,2
3830,16
3830,22
3830,25
3830,28
3831,8
3831,37
3831,40
3832,4
3832,10
3832,19
3832,33
3832,34
3832,35
3832,36
3832,39
3833,12
3833,14
3833,20
3833,21
3833,24
3833,26
3833,30
3833,38
3834,22
3834,32
3835,7
3835,18
3835,33
3835,34
3835,37
3835,38
3836,11
3836,14
3836,16
3836,26
3836,27
3836,29
3836,31
3836,35
3836,36
3836,39
3836,40
3837,5
3838,2
3838,3
3838,8
3838,10
3838,24
3838,37
3839,23
3839,25
3839,34
3839,36
3840,33
3840,35
3840,38
3840,40
3842,22
3842,37
3843,21
3845,36
3845,40
3846,33
3847,34
3847,37
3847,38
3848,35
3849,40
3850,33
3853,40
3854,38
3855,33
3855,37
3858,38
3858,40
3859,37
3860,35
3861,33
3863,38
3865,37
3866,33
3866,34
3867,35
3867,40
3871,37
3873,33
3874,40
3875,35
3876,37
3876,38
3878,33
3879,40
3881,35
3882,37
3883,38
3886,33
3886,40
3887,35
3887,37
3891,33
3891,37
3893,34
3893,35
3896,33
3896,37
3898,40
3900,33
3900,35
3900,37
3901,34
3902,40
3903,33
3906,37
3907,40
3908,33
3911,33
3911,35
3911,37
3914,38
3914,40
3915,33
3915,34
3919,33
3921,40
3922,37
3924,6
3925,33
3925,36
3927,37
3927,38
3928,4
3929,34
3929,40
3930,3
3930,35
3931,22
3931,32
3933,7
3933,15
3933,19
3933,20
3933,33
3934,26
3934,34
3934,37
3935,1
3935,13
3935,14
3935,18
3935,21
3935,25
3935,28
3935,31
3935,35
3935,39
3935,40
3936,5
3936,9
3936,11
3936,16
3936,17
3936,22
3936,36
3936,38
3937,2
3937,8
3937,10
3937,14
3937,23
3937,30
3937,33
3937,37
3938,4
3938,21
3938,22
3938,24
3938,25
3938,26
3938,32
3938,34
3938,35
3938,39
3938,40
3939,6
3939,12
3939,18
3939,20
3939,28
3939,29
3939,31
3939,36
3939,38
3940,1
3940,7
3940,11
3940,33
3940,37
3941,8
3941,14
3941,16
3941,22
3941,27
3941,34
3941,35
3942,2
3942,3
3942,26
3942,30
3942,33
3942,38
3942,39
3942,40
3943,5
3943,9
3943,17
3944,25
3944,35
3944,36
3944,37
3945,33
3945,34
3947,40
3950,14
3951,33
3952,34
3952,35
3952,36
3952,38
3953,37
3953,40
3955,33
3959,33
3959,37
3961,35
3961,40
3964,34
3967,33
3967,37
3969,35
3969,40
3972,36
3972,38
3975,33
3976,40
3977,34
3978,35
3978,37
3979,38
3983,40
3984,33
3984,35
3984,37
3984,38
3988,40
3989,33
3992,35
3993,37
3993,38
3995,33
3996,40
4000,35
4000,37
4001,40
4005,37
4006,34
4006,39
4006,40
4007,36
4007,38
4008,35
4009,33
4011,37
4013,40
4016,33
4018,35
4018,36
4018,37
4019,40
4024,40
4025,37
4026,33
4026,35
4028,36
4030,37
4031,22
4031,40
4032,33
4034,34
4035,30
4036,37
4037,26
4037,33
4037,36
4037,40
4038,23
4038,35
4041,33
4042,37
4043,40
4044,35
4045,21
4045,33
4046,38
4047,3
4047,22
4047,37
4048,32
4048,40
4049,33
4049,34
4050,35
4050,38
4051,2
4051,6
4052,7
4052,18
4052,31
4053,20
4053,37
4053,40
4054,34
4054,35
4054,38
4055,9
4055,11
4055,14
4055,16
4055,33
4055,39
4056,4
4056,8
4056,13
4056,28
4057,25
4057,26
4057,36
4057,37
4057,40
4058,17
4058,24
4058,30
4058,33
4059,1
4059,5
4059,10
4059,22
4059,34
4059,35
4059,38
4060,2
4060,14
4060,15
4060,19
4060,21
4060,29
4061,12
4061,33
4061,37
4061,40
4062,7
4062,11
4062,26
4062,32
4062,34
4062,36
4063,8
4063,14
4063,16
4063,22
4063,31
4063,35
4063,38
4063,39
4064,3
4064,6
4064,18
4064,20
4064,23
4064,25
4065,4
4065,33
4065,34
4065,36
4065,37
4065,40
4066,14
4066,30
4066,38
4067,1
4067,35
4067,39
4068,22
4068,24
4068,28
4069,2
4069,17
4069,38
4070,11
4070,33
4070,37
4071,27
4071,34
4071,35
4071,40
4072,22
4072,36
4073,33
4074,37
4074,38
4077,21
4077,33
4078,38
4079,37
4080,34
4081,33
4081,40
4083,38
4086,37
4086,40
4087,33
4088,38
4090,40
4091,33
4091,35
4091,36
4094,40
4095,33
4096,37
4097,40
4099,35
4100,33
4100,38
4101,40
4102,37
4105,33
4105,40
4106,35
4107,37
4108,38
4110,33
4110,40
4112,35
4114,34
4114,40
4115,33
4115,38
4116,37
4118,40
4120,33
4122,35
4122,37
4122,40
4126,40
4127,34
4128,33
4128,37
4132,40
4133,33
4133,35
4134,34
4135,36
4135,37
4137,40
4139,33
4142,40
4143,34
4144,30
4145,33
4146,39
4147,37
4148,40
4149,35
4149,38
4150,25
4152,33
4152,34
4153,40
4157,35
4157,38
4159,40
4160,33
4160,34
4161,26
4162,12
4164,36
4164,37
4164,38
4164,40
4165,3
4167,1
4167,22
4167,33
4168,9
4168,35
4168,40
4169,37
4171,32
4171,38
4171,39
4172,6
4172,33
4172,35
4172,40
4173,26
4173,34
4174,11
4174,20
4175,15
4175,22
4175,37
4176,38
4176,40
4177,8
4177,28
4177,33
4177,35
4178,18
4178,21
4178,30
4178,36
4178,39
4179,7
4179,34
4180,14
4180,19
4180,23
4180,40
4181,2
4181,5
4181,38
4182,4
4182,10
4182,25
4182,29
4182,31
4182,35
4182,37
4183,16
4183,22
4183,33
4183,34
4183,39
4183,40
4184,17
4184,21
4184,36
4184,38
4185,13
4185,14
4185,27
4185,37
4186,7
4186,11
4187,24
4187,32
4187,38
4187,40
4188,2
4188,26
4188,34
4188,35
4188,36
4188,37
4189,33
4190,18
4193,33
4193,34
4193,37
4193,38
4193,40
4194,30
4195,35
4198,38
4199,33
4199,34
4199,37
4200,40
4203,37
4204,38
4206,35
4207,33
4208,34
4208,40
4209,37
4213,40
4214,37
4215,35
4215,36
4216,38
4218,33
4218,34
4221,37
4223,40
4224,34
4224,35
4225,37
4227,33
4230,36
4230,37
4230,40
4234,33
4236,35
4237,34
4237,37
4238,38
4238,40
4240,33
4243,35
4244,38
4247,33
4248,34
4248,37
4249,35
4249,36
4251,40
4252,22
4253,38
4254,35
4255,36
4255,37
4256,33
4257,12
4257,40
4258,35
4260,3
4262,33
4262,35
4262,40
4264,34
4264,36
4264,37
4264,38
4265,20
4265,22
4267,26
4267,35
4267,40
4269,37
4270,6
4270,33
4270,36
4270,39
4271,30
4272,35
4272,40
4273,37
4274,7
4275,28
4276,35
4276,37
4277,4
4277,32
4278,34
4278,40
4279,2
4279,16
4280,5
4280,15
4280,17
4280,23
4280,33
4280,37
4281,18
4281,38
4282,8
4282,9
4282,11
4282,14
4282,21
4282,25
4282,31
4282,35
4282,36
4282,40
4283,19
4283,22
4283,33
4283,34
4284,1
4284,20
4284,37
4284,39
4285,3
4285,13
4285,26
4285,36
4285,38
4286,24
4286,35
4286,40
4287,2
4287,10
4287,29
4287,33
4287,37
4288,14
4288,22
4289,30
4289,35
4290,26
4290,32
4290,34
4290,40
4291,37
4292,7
4292,18
4292,27
4292,38
4293,33
4293,35
4293,36
4294,40
4295,37
4296,34
4297,22
4297,39
4297,40
4298,33
4300,37
4301,35
4301,40
4304,34
4305,33
4305,40
4309,40
4310,33
4310,37
4312,36
4314,33
4314,35
4316,34
4316,37
4316,40
4319,33
4323,33
4323,40
4324,34
4324,35
4324,37
4327,33
4330,33
4333,40
4334,33
4334,34
4334,37
4335,25
4337,33
4339,35
4341,33
4341,34
4341,37
4342,40
4346,33
4347,40
4349,34
4349,37
4352,35
4353,33
4353,36
4356,37
4357,40
4359,33
4361,37
4363,15
4364,33
4365,35
4365,39
4365,40
4366,21
4366,37
4368,8
4368,30
4369,35
4369,38
4370,22
4370,33
4370,37
4371,4
4371,40
4372,14
4373,17
4373,34
4374,37
4375,20
4375,22
4375,25
4375,26
4375,35
4375,36
4375,39
4376,6
4376,24
4376,31
4376,38
4377,28
4377,33
4377,40
4378,2
4378,5
4378,7
4378,16
4378,35
4378,37
4379,3
4379,11
4379,14
4379,18
4379,26
4379,32
4380,10
4380,34
4380,39
4381,9
4381,21
4381,22
4381,23
4381,30
4381,33
4381,35
4381,36
4381,37
4381,38
4381,40
4382,13
4382,25
4382,29
4383,1
4383,8
4383,26
4384,14
4384,37
4385,2
4385,4
4385,11
4385,19
4385,22
4385,31
4385,33
4385,34
4385,35
4385,40
4386,12
4386,36
4386,38
4388,37
4388,39
4389,40
4390,33
4392,35
4393,37
4393,40
4395,33
4397,35
4397,38
4397,40
4398,37
4401,33
4401,35
4401,40
4405,33
4405,35
4406,37
4406,40
4410,33
4410,35
4411,40
4414,33
4416,35
4416,40
4419,33
4419,37
4419,38
4421,40
4424,33
4424,36
4425,38
4426,40
4427,34
4427,37
4430,38
4431,40
4432,33
4432,36
4434,35
4435,38
4436,39
4437,40
4438,34
4440,37
4441,38
4441,40
4443,33
4443,35
4446,40
4450,34
4450,37
4450,38
4450,40
4451,36
4452,35
4456,33
4456,40
4458,34
4460,36
4462,38
4463,3
4464,35
4464,37
4464,40
4465,30
4467,6
4468,35
4468,40
4469,38
4470,23
4471,20
4471,26
4471,27
4471,36
4472,17
4472,22
4472,33
4472,34
4472,39
4473,35
4473,37
4473,40
4474,2
4474,5
4474,7
4474,11
4474,14
4475,36
4476,15
4476,21
4476,28
4476,32
4476,33
4476,35
4476,38
4476,40
4477,16
4478,4
4478,18
4478,26
4478,30
4478,34
4479,1
4479,22
4479,31
4480,9
4480,14
4480,19
4480,25
4480,33
4480,35
4480,37
4480,38
4480,39
4480,40
4481,2
4481,8
4481,10
4481,11
4481,24
4481,36
4482,6
4482,13
4482,21
4482,29
4483,18
4483,26
4483,32
4483,33
4484,3
4484,16
4484,20
4484,22
4484,34
4484,35
4484,37
4484,40
4485,7
4485,36
4486,12
4486,23
4486,33
4486,38
4487,8
4487,19
4487,25
4487,39
4488,4
4488,40
4489,30
4489,35
4490,33
4491,14
4491,34
4491,37
4491,38
4492,36
4493,40
4494,35
4496,37
4500,40
4501,37
4502,35
4503,33
4504,38
4507,33
4507,40
4511,35
4511,38
4513,33
4513,37
4513,40
4517,33
4520,40
4522,33
4522,37
4524,35
4526,36
4527,33
4527,40
4532,33
4533,38
4534,35
4534,40
4536,33
4537,34
4538,37
4540,35
4541,33
4541,40
4546,33
4546,35
4547,37
4547,38
4549,40
4550,33
4554,33
4554,35
4554,37
4558,33
4559,37
4560,40
4562,35
4564,22
4564,33
4564,37
4566,40
4569,35
4569,39
4570,25
4570,28
4571,30
4571,37
4572,18
4573,15
4573,33
4573,40
4574,5
4574,7
4574,26
4574,34
4574,36
4574,38
4575,8
4575,14
4575,21
4575,35
4576,9
4576,12
4576,20
4576,23
4577,2
4577,11
4577,22
4577,25
4577,31
4577,33
4577,37
4578,1
4578,3
4578,17
4578,34
4578,36
4578,39
4578,40
4579,6
4579,10
4579,13
4579,14
4579,16
4579,21
4579,24
4579,26
4579,32
4579,35
4579,38
4580,7
4580,18
4580,28
4580,29
4580,33
4580,37
4581,4
4581,22
4581,26
4581,27
4581,30
4581,34
4581,38
4582,8
4582,14
4582,32
4582,35
4582,36
4582,40
4583,1
4583,2
4583,5
4583,9
4583,11
4583,19
4583,25
4583,37
4583,39
4584,31
4584,33
4584,38
4585,3
4585,35
4586,6
4586,17
4586,20
4586,22
4586,34
4586,37
4586,40
4587,16
4587,21
4588,33
4588,35
4588,39
4589,36
4589,38
4590,40
4591,24
4591,37
4592,35
4594,33
4596,35
4597,37
4598,40
4599,33
4601,35
4604,40
4605,33
4605,34
4606,35
4610,37
4611,33
4611,38
4612,40
4614,35
4618,40
4619,34
4620,33
4622,35
4624,40
4626,33
4626,37
4630,33
4631,40
4632,35
4632,36
4635,33
4637,40
4638,35
4638,39
4640,37
4641,33
4641,38
4642,35
4645,37
4645,40
4646,38
4648,35
4651,33
4651,34
4651,38
4652,37
4652,40
4654,35
4657,22
4659,34
4659,38
4660,33
4660,40
4661,36
4662,37
4664,35
4668,34
4669,33
4669,40
4670,37
4671,35
4672,38
4672,39
4679,30
4679,35
4679,38
4679,40
4680,34
4681,37
4683,33
4684,12
4686,40
4687,26
4687,34
4689,25
4689,37
4690,38
4691,28
4691,36
4692,8
4692,31
4693,7
4693,33
4694,24
4694,34
4694,39
4695,17
4695,22
4695,37
4695,40
4696,5
4696,14
4696,15
4696,35
4696,36
4697,1
4697,6
4697,9
4697,11
4697,13
4697,18
4697,23
4697,25
4698,2
4698,16
4698,19
4698,20
4698,21
4698,32
4698,33
4699,3
4699,4
4699,10
4699,14
4699,22
4699,26
4699,29
4699,30
4699,34
4699,35
4699,36
4699,37
4699,38
4699,39
4699,40
4700,6
4700,8
4700,9
4700,11
4700,17
4700,18
4700,25
4700,28
4700,31
4701,1
4701,5
4701,7
4701,24
4701,33
4702,2
4702,12
4702,14
4702,16
4702,20
4702,21
4702,22
4702,23
4702,26
4702,27
4702,32
4702,34
4702,35
4702,37
4702,38
4702,39
4702,40
4703,11
4703,13
4703,15
4703,25
4703,30
4703,36
4704,3
4704,4
4704,8
4704,9
4704,10
4704,14
4704,29
4704,33
4704,40
4705,18
4705,22
4705,26
4705,28
4705,31
4705,34
4705,35
4705,37
4705,38
4706,2
4706,7
4706,17
4706,21
4706,36
4707,20
4707,33
4707,39
4707,40
4708,23
4708,25
4709,24
4709,37
4709,38
4710,22
4710,36
4711,35
4712,40
4714,38
4715,36
4716,33
4716,35
4716,40
4718,34
4721,40
4723,36
4723,38
4725,37
4727,35
4728,33
4730,40
4732,33
4733,36
4733,38
4734,35
4736,37
4738,33
4738,35
4741,40
4742,33
4742,35
4742,37
4743,36
4746,33
4748,35
4749,33
4749,40
4750,37
4753,33
4753,36
4756,35
4756,37
4757,40
4758,33
4763,35
4763,37
4766,33
4766,36
4767,34
4767,40
4771,35
4773,33
4776,35
4776,40
4777,34
4778,33
4779,37
4780,36
4784,33
4786,35
4786,37
4787,22
4789,33
4789,36
4789,40
4792,30
4792,37
4793,39
4795,33
4796,22
4796,35
4796,40
4798,37
4799,26
4799,33
4801,36
4802,32
4803,33
4803,37
4804,35
4805,19
4806,3
4806,40
4807,33
4808,35
4808,38
4809,37
4810,21
4812,33
4812,35
4813,1
4813,37
4813,38
4815,33
4815,35
4815,40
4817,36
4818,38
4819,33
4820,35
4821,40
4822,6
4824,33
4824,38
4825,35
4826,37
4827,39
4827,40
4828,33
4830,35
4833,33
4834,37
4837,34
4837,35
4837,40
4838,33
4838,38
4839,26
4839,36
4841,33
4843,35
4844,37
4845,33
4845,38
4847,22
4849,33
4849,40
4850,7
4850,35
4850,38
4852,27
4853,20
4853,33
4854,34
4854,35
4854,39
4855,30
4855,38
4855,40
4856,2
4856,11
4856,37
4858,26
4858,33
4858,36
4859,4
4859,5
4859,14
4859,40
4861,16
4861,22
4861,35
4861,38
4862,37
4863,8
4863,15
4863,18
4863,23
4863,28
4863,31
4863,32
4864,17
4864,33
4864,36
4865,9
4865,13
4865,14
4865,25
4865,34
4865,35
4865,38
4865,40
4866,10
4866,11
4866,21
4866,22
4866,37
4866,39
4867,1
4867,2
4867,3
4867,29
4867,30
4868,5
4868,6
4868,12
4868,20
4868,33
4868,35
4868,40
4869,7
4869,21
4869,24
4869,26
4869,34
4869,36
4869,38
4870,4
4870,8
4870,14
4870,16
4870,22
4870,25
4870,31
4870,32
4870,37
4871,11
4871,13
4871,18
4871,23
4871,33
4872,10
4872,19
4872,28
4872,30
4872,34
4872,35
4872,36
4872,38
4872,39
4872,40
4873,1
4873,2
4873,3
4873,9
4873,14
4873,17
4873,22
4873,25
4873,37
4874,6
4874,7
4874,20
4874,21
4874,26
4875,22
4875,33
4875,35
4875,40
4876,14
4876,16
4876,18
4876,24
4876,25
4876,29
4876,34
4876,36
4876,37
4876,38
4877,11
4877,31
4877,39
4878,15
4878,26
4878,28
4879,8
4879,37
4879,40
4880,2
4880,30
4880,33
4880,35
4880,38
4881,34
4882,36
4884,33
4884,37
4884,40
4890,33
4890,37
4891,34
4891,35
4892,40
4893,38
4896,33
4896,34
4898,37
4899,40
4900,33
4903,35
4904,33
4904,37
4905,38
4905,40
4909,33
4909,34
4909,38
4913,40
4914,33
4914,35
4915,38
4917,37
4918,33
4920,34
4921,33
4923,38
4923,40
4925,33
4925,35
4929,33
4930,40
4931,38
4934,40
4935,34
4936,33
4937,38
4938,35
4939,40
4940,33
4940,37
4943,34
4944,30
4944,40
4945,37
4946,33
4949,35
4949,38
4950,33
4951,40
4953,37
4954,33
4954,36
4957,12
4957,40
4958,33
4960,37
4963,33
4963,35
4963,40
4964,38
4965,22
4965,34
4967,3
4967,37
4968,38
4968,40
4970,33
4972,35
4972,37
4972,39
4974,33
4974,40
4977,37
4978,38
4979,35
4980,33
4980,40
4984,37
4985,32
4986,35
4986,38
4988,26
4988,40
4989,33
4990,34
4991,27
4992,38
4993,37
4995,35
4996,9
4996,14
4996,40
4997,33
4999,37
5000,28
5000,34
