9,15
10,3
10,4
10,5
10,12
11,7
11,8
11,9
11,10
11,11
11,13
11,16
11,17
11,18
11,20
12,6
12,14
12,19
13,1
13,2
14,4
14,5
14,15
15,12
15,18
15,20
16,16
17,19
18,6
24,20
25,17
26,19
29,18
33,19
37,20
40,18
40,19
46,17
48,19
50,20
52,18
57,19
57,20
64,20
67,2
67,19
68,17
68,18
72,6
75,19
75,20
76,5
77,18
78,1
78,7
79,11
80,19
81,8
81,13
81,14
81,15
82,18
83,10
83,20
84,9
84,12
85,4
86,6
86,19
87,16
88,20
89,17
89,18
91,3
95,20
97,17
97,19
98,18
105,19
105,20
106,18
112,2
114,17
114,18
115,20
120,13
121,18
123,19
126,20
130,18
131,19
138,18
138,19
140,20
144,5
146,20
148,19
149,1
149,18
150,17
153,15
154,20
157,19
158,14
158,17
158,18
160,4
162,16
164,20
165,18
165,19
166,6
167,8
167,12
169,11
170,9
171,5
171,18
172,19
172,20
173,2
173,10
174,7
177,18
177,20
178,3
180,15
181,19
182,18
182,20
187,18
189,19
192,6
196,18
196,20
197,19
204,20
205,18
207,19
212,18
215,19
218,18
221,20
223,19
224,18
229,20
231,18
231,19
233,1
234,9
235,4
235,18
237,20
238,19
239,6
239,14
240,18
241,17
243,16
245,18
248,15
249,19
250,17
251,2
251,12
252,13
252,18
252,20
256,7
257,8
257,11
259,5
260,10
260,18
261,19
261,20
266,18
272,18
276,20
278,18
283,20
284,18
286,3
288,19
289,18
290,17
291,1
292,6
294,20
295,19
296,18
299,4
301,18
302,19
303,20
304,15
308,20
309,2
309,18
310,19
311,12
312,9
315,18
315,20
316,17
316,19
322,19
323,20
330,18
330,20
331,11
331,19
332,14
334,16
336,13
337,18
337,19
338,20
342,7
344,10
344,18
345,20
347,19
348,4
348,6
348,17
350,8
351,20
353,2
355,5
357,15
357,18
359,3
360,12
360,19
361,6
363,18
364,1
364,20
365,13
366,16
368,19
373,17
374,20
378,18
385,18
395,17
395,18
396,20
397,19
403,18
405,20
407,19
408,18
412,9
413,18
413,19
415,7
416,20
419,10
419,18
420,4
422,14
423,2
423,6
423,18
423,19
424,11
425,20
426,1
426,12
427,8
427,16
428,5
428,18
428,19
429,15
431,17
432,3
433,18
436,20
437,13
438,18
438,19
443,18
444,6
446,19
448,18
452,18
458,18
458,19
459,20
467,20
468,18
470,17
473,20
474,18
478,18
481,19
482,18
482,20
485,4
487,18
488,2
489,20
490,15
491,19
494,9
494,18
496,10
496,11
497,7
498,12
498,18
498,20
499,5
499,14
500,8
500,16
500,19
501,6
501,18
502,1
504,15
505,18
505,20
506,3
506,13
507,19
509,18
514,18
515,17
521,18
522,20
523,17
529,18
529,20
530,19
537,18
541,5
542,18
544,19
546,6
546,20
547,4
549,18
551,20
552,2
557,20
558,18
561,12
562,9
563,19
563,20
565,17
565,18
572,14
572,20
575,18
578,7
579,1
581,18
581,19
581,20
582,10
585,5
586,8
587,13
587,15
587,16
587,18
588,6
588,20
589,19
590,2
590,11
591,4
592,12
592,18
594,17
596,20
597,19
604,18
605,20
608,19
610,20
614,3
615,20
618,18
623,20
625,6
627,17
628,19
629,20
632,18
637,20
644,18
644,19
645,20
647,5
649,2
653,1
653,7
653,11
653,20
654,5
654,10
654,13
654,15
655,8
655,9
655,14
655,18
656,4
656,16
656,19
657,2
657,6
657,20
658,12
659,15
660,13
661,18
662,3
662,17
662,19
662,20
670,20
671,18
673,19
679,18
680,20
687,20
688,18
693,18
693,20
697,17
698,18
698,19
701,20
706,18
710,19
710,20
711,18
717,18
720,17
720,20
721,5
721,19
726,20
727,18
731,4
731,6
734,1
734,10
734,20
735,16
735,19
736,18
737,3
737,8
737,12
738,7
738,9
738,15
739,14
739,20
740,17
740,18
741,4
741,11
741,19
742,6
744,2
744,18
745,5
746,19
748,18
748,20
754,18
760,18
761,20
767,17
768,18
768,19
777,20
780,13
781,18
781,19
782,17
790,18
792,6
793,20
794,16
796,19
797,18
800,15
802,12
802,17
802,18
804,20
806,10
808,2
809,1
809,14
810,4
810,18
810,19
811,3
811,8
811,20
812,5
812,7
813,6
814,9
815,11
815,18
815,20
816,19
817,15
818,16
820,12
821,19
823,17
826,20
834,5
834,18
834,19
839,18
841,13
842,19
842,20
844,18
851,18
853,20
859,18
859,19
861,20
867,18
869,20
874,18
874,19
875,2
875,20
881,20
883,15
883,18
885,4
887,14
888,1
888,6
888,19
889,12
889,20
890,9
890,16
890,17
890,18
894,8
895,10
896,3
896,11
896,19
897,5
897,17
897,18
899,20
900,7
901,15
904,20
906,18
907,2
907,19
914,20
916,18
921,6
923,13
925,17
925,20
926,18
926,19
935,18
938,20
939,19
948,20
950,12
950,18
951,4
952,19
958,20
961,19
964,6
966,14
967,5
967,18
967,19
967,20
968,1
969,17
970,2
970,9
972,19
973,16
974,8
974,10
974,15
975,18
976,3
976,11
977,7
977,19
977,20
978,4
978,12
978,17
979,5
979,13
980,18
982,19
983,6
983,20
989,19
994,18
995,19
1001,19
1007,19
1008,18
1013,18
1014,19
1015,20
1019,18
1024,18
1029,19
1030,1
1030,18
1034,18
1038,19
1039,15
1040,20
1041,18
1042,17
1046,14
1046,18
1048,19
1049,2
1053,18
1055,7
1055,10
1055,11
1055,13
1055,16
1056,6
1057,12
1057,18
1057,19
1058,2
1058,4
1058,8
1059,20
1060,1
1060,5
1060,9
1061,15
1062,3
1062,18
1063,19
1064,17
1064,20
1065,16
1070,20
1072,18
1077,20
1080,18
1087,18
1087,20
1088,6
1091,19
1092,5
1095,20
1097,18
1102,18
1107,17
1109,19
1112,20
1116,18
1121,18
1124,4
1125,14
1125,17
1125,18
1126,12
1130,6
1130,18
1132,19
1132,20
1135,5
1137,10
1137,15
1138,9
1138,18
1139,11
1139,13
1140,7
1140,19
1141,2
1141,17
1141,18
1142,3
1142,8
1142,20
1143,6
1143,16
1146,18
1146,20
1147,1
1148,4
1148,14
1151,18
1152,20
1153,19
1157,18
1160,20
1162,19
1164,18
1169,19
1170,18
1170,20
1178,18
1179,5
1180,19
1184,20
1185,6
1189,19
1190,20
1191,17
1196,20
1201,17
1203,18
1207,19
1209,20
1212,2
1214,7
1214,12
1214,18
1216,8
1217,4
1217,10
1217,13
1218,16
1218,19
1218,20
1219,5
1219,9
1219,15
1219,18
1220,1
1220,11
1221,3
1221,6
1221,17
1222,14
1222,20
1223,18
1223,19
1224,2
1224,15
1225,12
1229,20
1230,18
1232,19
1237,6
1241,18
1243,19
1244,20
1250,20
1257,20
1259,18
1265,18
1271,19
1271,20
1272,18
1273,17
1279,18
1284,16
1284,20
1285,6
1286,18
1288,19
1289,15
1292,11
1293,4
1294,9
1294,13
1295,14
1295,18
1295,19
1296,5
1296,10
1296,20
1297,1
1297,2
1298,7
1298,8
1298,12
1299,3
1300,5
1300,6
1300,18
1300,20
1301,15
1302,4
1302,17
1302,19
1308,18
1308,20
1313,19
1315,18
1321,18
1326,17
1326,19
1329,20
1330,18
1334,18
1339,18
1344,19
1345,18
1352,20
1353,18
1360,17
1360,18
1360,19
1361,20
1367,20
1370,18
1372,9
1374,19
1374,20
1375,10
1377,18
1378,11
1380,1
1380,7
1380,17
1381,2
1381,4
1381,19
1382,3
1382,14
1382,18
1383,5
1383,16
1383,20
1384,6
1384,8
1384,12
1384,15
1385,13
1387,4
1387,18
1387,19
1387,20
1388,5
1388,6
1391,16
1392,20
1393,19
1396,18
1402,19
1405,18
1409,19
1410,18
1410,20
1415,18
1419,18
1420,19
1422,17
1422,20
1425,18
1429,2
1430,18
1432,20
1434,19
1440,18
1445,20
1446,12
1447,15
1451,6
1452,3
1452,19
1453,7
1453,18
1453,20
1454,10
1455,8
1456,14
1456,17
1457,5
1457,11
1458,19
1459,1
1459,4
1459,9
1459,13
1459,18
1459,20
1460,16
1462,18
1463,2
1463,19
1464,20
1472,18
1474,19
1474,20
1482,20
1483,18
1492,17
1492,18
1493,20
1498,18
1501,20
1505,18
1505,19
1512,18
1513,20
1514,15
1517,6
1518,19
1520,18
1520,20
1521,7
1522,4
1522,5
1522,17
1523,10
1524,12
1525,18
1526,1
1526,2
1526,8
1526,19
1527,6
1528,13
1528,20
1529,14
1529,16
1530,5
1530,18
1531,9
1532,3
1532,11
1532,15
1533,20
1534,17
1534,18
1534,19
1542,20
1543,19
1544,18
1553,18
1555,19
1555,20
1556,17
1562,20
1564,19
1565,17
1567,2
1568,20
1574,20
1577,18
1578,1
1582,20
1583,19
1586,18
1587,5
1590,19
1591,20
1593,18
1597,20
1601,18
1605,10
1606,14
1606,20
1607,18
1609,6
1609,13
1609,15
1610,4
1611,7
1611,11
1611,12
1611,16
1611,19
1611,20
1612,17
1612,18
1613,8
1613,9
1614,2
1617,19
1617,20
1618,3
1620,18
1622,20
1623,5
1626,20
1630,19
1631,17
1631,18
1631,20
1638,20
1639,19
1645,19
1645,20
1647,6
1653,19
1653,20
1655,18
1658,15
1660,19
1661,18
1661,20
1668,4
1669,1
1671,20
1672,5
1672,17
1672,19
1673,18
1674,3
1676,2
1678,19
1681,11
1681,12
1681,16
1681,20
1682,10
1683,14
1684,15
1684,17
1684,18
1684,19
1685,8
1686,9
1686,13
1687,7
1688,6
1689,18
1689,19
1689,20
1690,1
1694,19
1700,18
1700,19
1706,19
1707,20
1708,18
1715,19
1716,20
1717,18
1723,5
1723,17
1723,18
1725,19
1728,18
1730,20
1735,18
1737,19
1745,18
1747,20
1749,19
1750,6
1750,16
1753,12
1753,18
1753,20
1754,4
1754,11
1756,15
1757,2
1757,9
1758,1
1758,14
1758,18
1758,19
1759,5
1759,8
1759,20
1760,3
1760,6
1760,7
1760,10
1760,13
1761,16
1762,4
1762,18
1762,19
1762,20
1763,6
1764,15
1764,17
1769,19
1771,17
1774,20
1783,18
1784,19
1785,17
1789,18
1795,19
1796,18
1796,20
1803,19
1804,20
1806,18
1810,18
1814,20
1816,18
1816,19
1824,18
1826,2
1826,19
1828,12
1828,20
1832,1
1832,10
1834,5
1834,18
1834,20
1837,15
1837,19
1838,3
1838,4
1838,7
1838,14
1838,16
1839,8
1839,20
1840,6
1840,17
1840,18
1841,19
1842,9
1842,11
1842,12
1844,20
1845,2
1846,18
1853,13
1853,18
1854,19
1859,18
1864,20
1866,18
1873,5
1873,19
1874,18
1874,20
1880,20
1882,18
1883,19
1884,17
1890,20
1892,17
1892,19
1895,20
1901,20
1903,18
1906,19
1908,15
1910,18
1910,20
1912,6
1912,7
1912,14
1913,17
1914,9
1915,18
1915,19
1915,20
1916,4
1916,10
1917,11
1917,13
1918,16
1920,1
1920,2
1920,18
1920,19
1920,20
1921,3
1921,8
1922,6
1923,12
1924,5
1924,18
1925,4
1925,20
1927,6
1927,15
1927,19
1929,17
1929,18
1931,16
1932,20
1937,18
1940,19
1941,20
1947,17
1949,18
1953,20
1960,18
1962,19
1970,18
1971,20
1973,19
1982,18
1985,19
1986,20
1994,20
1995,18
1996,1
1996,17
1997,6
1997,14
2001,20
2002,9
2002,13
2003,18
2004,10
2004,19
2005,3
2005,5
2006,15
2006,16
2007,20
2008,2
2008,7
2008,8
2008,11
2008,12
2009,4
2009,18
2009,19
2011,5
2012,6
2013,12
2015,19
2016,1
2016,18
2021,20
2022,17
2023,18
2031,18
2035,17
2038,18
2039,19
2047,18
2047,20
2053,20
2054,6
2054,19
2055,17
2055,18
2061,19
2063,20
2068,20
2070,18
2074,15
2074,20
2075,2
2076,19
2077,13
2077,18
2078,7
2079,10
2080,14
2081,16
2081,20
2082,11
2082,18
2083,4
2084,6
2084,9
2084,17
2084,19
2087,8
2088,1
2088,18
2088,20
2089,12
2090,5
2092,20
2093,3
2096,18
2097,20
2101,19
2105,17
2106,20
2111,20
2113,18
2117,19
2118,20
2122,18
2122,20
2129,20
2134,18
2134,20
2139,18
2140,20
2142,15
2144,4
2144,18
2144,19
2146,20
2148,2
2149,13
2149,18
2152,17
2153,6
2153,20
2154,18
2154,19
2155,1
2159,20
2160,18
2163,10
2164,9
2164,20
2166,5
2166,14
2166,18
2167,7
2167,17
2168,12
2168,16
2168,19
2169,20
2170,6
2170,11
2171,8
2173,18
2173,19
2173,20
2174,15
2177,5
2180,20
2181,18
2185,6
2187,18
2188,20
2189,2
2191,19
2195,3
2195,20
2197,4
2199,18
2203,19
2203,20
2204,17
2213,20
2216,18
2217,13
2217,19
2221,20
2223,18
2231,18
2234,1
2235,6
2235,16
2235,19
2236,5
2236,20
2238,17
2239,4
2239,9
2239,15
2240,11
2240,18
2241,7
2241,20
2242,2
2242,10
2242,12
2243,8
2243,14
2243,19
2246,15
2246,18
2247,20
2252,6
2252,18
2255,20
2256,19
2259,18
2267,19
2268,18
2268,20
2275,19
2276,20
2280,18
2285,20
2288,18
2288,19
2293,13
2294,19
2295,17
2297,18
2297,20
2298,2
2301,3
2302,20
2303,5
2303,19
2304,14
2305,7
2306,1
2306,6
2307,18
2308,10
2308,11
2308,20
2309,4
2309,9
2309,15
2309,19
2310,12
2310,16
2311,8
2312,18
2313,5
2313,6
2313,17
2313,20
2314,19
2320,20
2323,17
2327,19
2327,20
2337,17
2337,18
2337,20
2346,18
2346,20
2347,2
2348,17
2354,20
2355,18
2360,20
2361,19
2365,17
2365,18
2369,19
2369,20
2377,18
2381,19
2381,20
2384,5
2384,15
2384,18
2385,14
2387,6
2387,13
2388,12
2389,4
2389,16
2389,18
2389,19
2389,20
2390,1
2390,10
2390,11
2391,2
2391,9
2392,7
2392,8
2392,17
2393,18
2393,19
2394,3
2394,20
2395,6
2396,5
2397,19
2398,20
2399,18
2404,19
2408,18
2413,19
2420,17
2421,18
2422,19
2422,20
2429,18
2432,19
2439,18
2440,17
2442,19
2445,20
2447,18
2451,15
2453,4
2453,14
2453,18
2453,20
2455,1
2456,6
2457,19
2458,2
2458,16
2458,18
2459,20
2460,10
2460,17
2461,5
2461,8
2463,18
2464,12
2464,20
2466,9
2467,13
2468,7
2468,15
2468,18
2469,11
2469,19
2470,3
2470,6
2470,17
2470,20
2472,18
2475,19
2478,18
2482,19
2489,18
2489,19
2492,20
2494,17
2498,18
2498,20
2502,19
2506,18
2508,20
2510,17
2512,18
2517,18
2521,17
2521,19
2522,18
2523,1
2524,6
2527,2
2528,4
2528,5
2528,14
2528,19
2528,20
2529,9
2531,15
2531,18
2532,11
2532,12
2533,10
2534,7
2534,13
2534,16
2534,20
2535,17
2535,18
2536,8
2536,19
2538,4
2538,5
2540,2
2540,20
2541,6
2541,18
2541,19
2542,3
2546,19
2548,18
2548,20
2554,17
2555,20
2563,17
2563,19
2564,18
2566,20
2573,20
2579,19
2582,18
2585,19
2585,20
2587,6
2587,17
2594,18
2595,19
2595,20
2596,17
2602,20
2606,18
2611,2
2611,19
2612,9
2612,14
2613,17
2613,20
2614,10
2615,13
2615,15
2616,5
2616,7
2617,12
2617,16
2617,18
2618,8
2618,11
2618,19
2618,20
2619,6
2620,1
2620,4
2620,17
2621,3
2623,20
2625,2
2625,15
2625,19
2629,20
2630,17
2630,18
2632,19
2634,20
2640,20
2644,20
2645,18
2645,19
2651,20
2652,17
2656,20
2660,18
2662,20
2669,20
2670,18
2673,19
2677,20
2679,6
2680,14
2682,19
2683,18
2684,11
2684,13
2685,8
2687,1
2687,5
2687,10
2687,12
2687,16
2687,18
2688,7
2688,17
2688,19
2688,20
2689,4
2689,9
2689,15
2691,6
2692,2
2692,3
2692,18
2692,20
2694,19
2705,20
2706,19
2709,18
2715,18
2717,17
2717,20
2726,18
2727,17
2727,20
2736,18
2736,20
2737,19
2739,17
2746,18
2747,5
2748,19
2751,18
2752,20
2753,6
2754,13
2754,15
2754,19
2755,14
2756,12
2756,16
2757,4
2758,11
2759,2
2759,6
2759,9
2759,19
2759,20
2760,1
2760,7
2760,10
2760,18
2761,8
2762,3
2762,17
2763,5
2763,18
2763,19
2763,20
2766,4
2768,19
2769,18
2769,20
2775,20
2776,18
2781,18
2782,20
2784,19
2787,18
2789,19
2791,20
2794,18
2798,18
2798,19
2800,17
2803,18
2807,20
2809,18
2811,19
2816,20
2819,18
2821,20
2823,19
2826,2
2827,15
2827,20
2830,18
2831,9
2831,10
2832,13
2832,16
2832,17
2832,20
2833,4
2833,7
2834,12
2834,19
2835,8
2835,14
2835,18
2836,6
2836,11
2836,20
2837,1
2839,18
2840,15
2841,5
2841,20
2842,16
2843,18
2843,19
2848,20
2849,6
2850,18
2852,20
2857,18
2860,20
2862,3
2864,19
2865,18
2866,20
2869,17
2872,20
2873,18
2875,2
2879,19
2880,20
2886,18
2888,20
2890,19
2901,5
2903,18
2904,19
2904,20
2905,1
2905,6
2905,17
2906,9
2906,12
2909,15
2910,8
2910,20
2911,4
2912,7
2912,17
2912,18
2913,19
2914,14
2915,2
2915,10
2916,11
2916,18
2917,20
2918,3
2918,13
2919,19
2921,16
2921,18
2922,6
2925,20
2930,19
2931,18
2937,18
2943,19
2944,20
2946,18
2951,19
2956,18
2956,20
2960,19
2968,18
2968,20
2969,5
2971,1
2971,19
2972,15
2974,4
2974,18
2974,20
2975,6
2977,17
2977,19
2978,2
2981,18
2983,20
2987,12
2989,20
2991,19
2992,18
2994,8
2994,9
2994,10
2996,18
2997,7
2997,17
2997,20
2998,16
2998,19
3000,11
3001,14
3002,18
3003,19
3007,20
3009,13
3009,19
3012,1
3013,18
3014,5
3015,19
3016,20
3020,3
3020,18
3021,19
3025,17
3026,6
3027,19
3027,20
3031,18
3035,19
3037,20
3044,4
3044,18
3044,19
3045,2
3048,15
3049,18
3050,10
3050,12
3052,19
3053,17
3055,6
3055,18
3057,20
3061,18
3062,13
3064,19
3066,18
3067,16
3072,19
3073,18
3076,20
3081,14
3081,17
3081,18
3082,7
3084,11
3085,15
3085,19
3086,18
3091,4
3092,2
3092,18
3093,8
3095,1
3095,20
3096,5
3097,6
3097,9
3097,12
3097,18
3098,19
3099,3
3102,20
3103,5
3103,15
3103,18
3105,17
3105,19
3108,16
3111,18
3116,19
3122,18
3122,19
3123,20
3131,19
3132,18
3139,20
3141,18
3141,19
3150,10
3150,18
3151,20
3153,17
3153,19
3160,2
3160,19
3161,5
3162,1
3163,17
3164,4
3164,7
3164,18
3165,8
3165,13
3166,9
3166,14
3166,19
3166,20
3167,12
3168,11
3168,18
3169,6
3170,15
3170,19
3171,16
3173,18
3173,20
3175,19
3179,20
3181,19
3183,18
3186,19
3190,20
3194,19
3195,20
3196,18
3200,17
3201,18
3201,19
3203,20
3208,18
3209,19
3210,6
3214,20
3216,10
3217,3
3217,18
3217,19
3218,5
3219,20
3223,4
3225,14
3225,18
3225,20
3226,19
3228,7
3231,19
3232,20
3234,2
3234,18
3235,1
3237,19
3238,20
3239,15
3240,18
3242,19
3245,12
3246,20
3247,19
3248,9
3248,18
3250,16
3251,6
3252,19
3253,20
3258,18
3258,19
3259,11
3259,20
3264,19
3266,20
3268,13
3268,18
3272,19
3273,20
3277,18
3280,19
3284,20
3285,17
3286,18
3286,19
3290,20
3294,19
3295,18
3298,20
3299,8
3302,19
3303,20
3305,15
3306,18
3307,4
3307,6
3308,7
3308,14
3309,2
3310,19
3310,20
3311,1
3311,10
3311,12
3311,16
3311,18
3312,5
3312,11
3314,3
3314,9
3314,17
3314,19
3315,18
3315,20
3316,6
3316,15
3317,8
3319,20
3320,18
3322,19
3327,20
3328,18
3329,19
3332,5
3334,20
3335,18
3340,18
3341,19
3347,18
3351,20
3352,18
3358,18
3358,19
3359,20
3360,17
3366,17
3366,20
3368,18
3369,13
3370,19
3371,2
3372,14
3373,20
3374,4
3375,6
3375,18
3377,10
3377,19
3379,12
3380,1
3380,20
3381,16
3382,9
3382,15
3383,5
3383,17
3383,18
3383,19
3384,7
3385,3
3385,6
3387,8
3388,18
3388,19
3388,20
3390,11
3394,18
3395,5
3399,19
3399,20
3401,18
3408,18
3410,17
3411,20
3412,19
3415,18
3420,20
3423,18
3427,20
3435,19
3435,20
3440,14
3441,2
3442,17
3443,20
3444,13
3444,15
3444,18
3446,4
3446,9
3447,19
3448,20
3449,16
3449,18
3450,7
3450,10
3451,6
3451,12
3453,1
3453,19
3454,11
3454,18
3454,20
3456,5
3457,2
3459,8
3461,3
3461,18
3461,20
3462,5
3466,18
3467,19
3467,20
3476,17
3481,19
3481,20
3482,18
3488,20
3496,20
3497,18
3497,19
3499,4
3504,20
3507,17
3508,19
3510,20
3514,18
3515,20
3517,13
3519,15
3519,20
3520,19
3522,2
3523,7
3523,14
3523,18
3525,20
3526,9
3526,11
3527,10
3527,16
3528,18
3529,12
3529,20
3530,8
3531,6
3532,17
3532,19
3533,5
3534,1
3534,20
3539,18
3539,20
3540,3
3544,6
3546,18
3547,15
3547,20
3548,19
3553,20
3555,18
3560,20
3562,19
3563,18
3568,20
3571,18
3576,4
3576,18
3576,20
3580,18
3581,19
3583,17
3587,2
3587,18
3587,20
3594,5
3594,18
3595,6
3595,16
3596,14
3597,12
3598,13
3598,17
3598,19
3598,20
3599,8
3599,11
3599,15
3599,18
3600,1
3601,9
3602,7
3602,20
3603,18
3604,10
3604,19
3605,4
3606,2
3607,18
3611,3
3611,17
3613,18
3613,20
3618,18
3620,19
3623,20
3626,18
3628,19
3635,19
3636,18
3637,6
3637,20
3641,19
3648,18
3648,19
3655,17
3655,19
3662,18
3662,19
3662,20
3668,19
3672,11
3674,19
3677,2
3677,5
3677,12
3678,18
3678,20
3679,19
3680,7
3680,14
3681,4
3681,9
3681,15
3682,6
3683,1
3683,18
3684,10
3684,16
3684,19
3684,20
3685,3
3685,8
3685,17
3686,13
3689,4
3689,20
3690,18
3693,19
3694,20
3700,20
3704,19
3707,18
3707,20
3709,17
3714,20
3717,19
3721,6
3724,20
3726,5
3726,18
3727,19
3731,20
3732,15
3735,18
3737,12
3737,20
3741,17
3741,19
3742,20
3747,18
3748,20
3755,18
3756,20
3757,14
3760,3
3760,11
3761,16
3761,18
3762,10
3763,1
3763,2
3763,8
3763,9
3763,19
3764,4
3764,6
3764,13
3764,15
3764,20
3765,7
3765,18
3766,5
3767,12
3767,16
3767,17
3767,19
3768,20
3769,14
3770,6
3770,18
3774,20
3778,18
3787,18
3787,20
3789,19
3799,18
3800,17
3802,20
3806,18
3809,19
3812,18
3819,19
3820,18
3824,20
3826,18
3829,20
3832,18
3834,20
3836,15
3837,1
3839,20
3840,4
3840,18
3841,16
3842,2
3842,7
3842,19
3843,3
3843,5
3843,6
3843,13
3845,8
3845,10
3845,11
3845,14
3845,18
3845,20
3846,12
3846,19
3847,4
3847,9
3847,15
3847,17
3848,6
3849,5
3851,18
3851,19
3851,20
3853,2
3853,16
3858,18
3863,20
3869,18
3870,20
3876,18
3876,19
3883,17
3883,18
3885,19
3894,20
3898,17
3900,18
3905,6
3906,18
3906,19
3911,15
3913,18
3914,20
3915,19
3917,12
3918,1
3919,17
3920,13
3920,18
3921,9
3922,8
3923,19
3923,20
3924,11
3924,18
3925,14
3926,4
3928,7
3929,18
3930,19
3930,20
3931,2
3932,6
3934,10
3936,5
3936,20
3939,16
3939,18
3940,19
3942,15
3945,18
3946,20
3947,19
3948,17
3952,18
3956,2
3957,18
3959,20
3960,3
3963,18
3963,19
3965,6
3969,19
3971,20
3975,18
3978,19
3986,5
3987,18
3987,20
3988,19
3993,11
3993,18
3995,7
3996,12
3996,13
3997,14
3997,20
3998,1
3998,18
3999,4
3999,9
3999,10
3999,16
3999,19
4000,8
4001,6
4001,15
4002,3
4002,18
4003,2
4003,12
4003,17
4003,20
4004,19
4010,18
4017,18
4018,20
4025,18
4027,19
4028,17
4028,20
4037,18
4045,17
4045,19
4047,20
4048,18
4053,18
4058,18
4060,4
4060,14
4060,16
4060,20
4062,6
4062,19
4063,1
4063,18
4064,20
4065,2
4067,15
4067,19
4068,9
4069,5
4070,7
4070,11
4071,20
4072,18
4073,10
4073,13
4074,8
4074,19
4075,12
4077,4
4077,18
4078,20
4081,17
4082,6
4082,18
4082,19
4085,20
4087,18
4091,18
4096,19
4097,18
4097,20
4103,20
4108,20
4110,18
4115,19
4115,20
4116,18
4118,3
4121,20
4124,18
4125,15
4128,19
4128,20
4129,18
4134,17
4136,20
4139,5
4140,18
4142,20
4144,14
4145,19
4146,1
4147,11
4147,18
4148,2
4150,6
4150,9
4150,20
4151,12
4151,16
4151,18
4152,7
4152,8
4152,13
4153,4
4153,10
4153,19
4155,15
4155,18
4155,20
4156,2
4158,5
4159,6
4160,19
4161,17
4161,18
4161,20
4167,18
4168,20
4170,19
4172,18
4175,20
4177,18
4179,19
4183,18
4184,20
4187,19
4190,20
4193,18
4197,7
4199,19
4200,18
4200,20
4202,17
4203,12
4209,18
4210,20
4211,3
4213,17
4215,5
4216,20
4217,19
4219,18
4220,4
4222,14
4223,2
4224,1
4224,9
4224,20
4225,6
4225,18
4225,19
4226,16
4227,15
4229,11
4230,10
4230,13
4230,19
4231,20
4233,4
4233,18
4235,8
4236,2
4236,20
4237,18
4243,20
4246,18
4247,17
4247,19
4254,18
4255,19
4258,20
4262,18
4263,20
4268,18
4268,19
4270,6
4274,18
4275,20
4277,5
4278,3
4278,19
4280,20
4281,16
4281,18
4282,7
4283,1
4285,12
4285,20
4286,14
4286,18
4288,19
4289,4
4289,8
4289,15
4291,6
4291,9
4291,18
4292,20
4295,2
4295,13
4295,17
4297,11
4297,19
4298,20
4299,10
4303,18
4304,20
4308,19
4310,20
4313,6
4315,20
4318,19
4319,17
4324,20
4328,18
4329,5
4331,20
4332,19
4338,19
4340,18
4346,20
4352,18
4353,19
4354,20
4360,15
4361,18
4364,4
4364,14
4364,19
4364,20
4365,1
4365,16
4365,17
4366,2
4367,7
4368,18
4369,3
4369,9
4369,12
4369,20
4370,8
4370,11
4371,19
4372,10
4373,6
4373,20
4374,5
4375,18
4376,15
4377,13
4377,19
4379,20
4382,18
4395,19
4396,18
4396,20
4397,17
4399,2
4406,20
4411,19
4418,19
4418,20
4419,18
4420,17
4426,4
4426,19
4428,18
4431,19
4431,20
4432,16
4435,12
4438,19
4439,5
4439,15
4440,1
4440,6
4440,18
4441,17
4441,20
4442,8
4443,9
4443,14
4443,19
4445,7
4446,18
4447,11
4449,20
4450,4
4451,10
4453,2
4453,18
4454,3
4454,19
4454,20
4455,17
4459,20
4462,19
4467,18
4467,20
4468,19
4471,17
4474,20
4480,19
4480,20
4481,18
4482,17
4488,20
4490,18
4491,6
4495,20
4496,13
4498,16
4498,19
4500,20
4505,2
4505,20
4507,3
4508,1
4508,5
4508,18
4510,19
4510,20
4511,15
4512,7
4513,12
4513,14
4513,18
4514,10
4514,20
4515,6
4516,4
4516,9
4517,8
4517,17
4517,19
4518,20
4519,18
4521,11
4525,20
4527,17
4527,18
4534,20
4537,18
4545,18
4545,20
4550,17
4557,18
4558,20
4564,19
4566,20
4571,18
4572,16
4574,15
4575,19
4576,20
4578,12
4578,13
4579,4
4579,5
4579,6
4579,14
4579,18
4580,2
4581,19
4582,1
4582,20
4583,6
4583,8
4583,11
4583,15
4584,7
4584,9
4584,10
4585,3
4585,18
4586,5
4586,16
4586,19
4586,20
4588,13
4590,4
4593,18
4593,19
4593,20
4600,17
4604,19
4612,18
4612,20
4613,17
4620,18
4622,19
4622,20
4627,18
4634,18
4634,19
4642,18
4646,2
4648,1
4648,12
4650,5
4651,19
4652,7
4652,15
4652,18
4653,3
4653,6
4653,8
4653,20
4655,4
4655,19
4656,18
4656,20
4657,14
4658,9
4659,10
4660,11
4662,16
4663,18
4664,13
4664,19
4664,20
4665,6
4668,17
4669,18
4672,20
4674,18
4680,18
4681,19
4685,20
4690,2
4690,19
4690,20
4691,17
4693,18
4695,5
4697,19
4698,20
4700,18
4703,20
4706,18
4710,19
4710,20
4711,18
4716,20
4717,18
4723,14
4723,20
4724,18
4724,19
4731,10
4731,18
4733,4
4733,12
4734,1
4734,18
4734,20
4735,6
4735,19
4736,8
4736,17
4737,3
4737,5
4737,15
4737,16
4738,9
4738,20
4739,18
4740,2
4741,7
4741,14
4741,19
4742,13
4742,17
4743,15
4745,11
4745,18
4745,20
4746,6
4746,19
4750,18
4752,20
4755,18
4757,19
4761,18
4764,20
4766,18
4771,18
4771,19
4772,20
4778,18
4784,20
4785,18
4790,19
4791,18
4792,5
4795,19
4795,20
4796,18
4799,6
4799,12
4800,4
4802,19
4803,18
4804,8
4804,17
4804,20
4805,1
4805,2
4806,15
4808,16
4809,9
4809,19
4809,20
4812,7
4812,10
4812,14
4813,18
4814,20
4815,17
4816,11
4816,13
4816,19
4821,20
4822,18
4822,19
4830,3
4830,20
4831,18
4833,6
4833,19
4838,20
4843,18
4845,20
4852,18
4856,5
4856,20
4857,19
4859,18
4861,2
4862,15
4863,19
4865,14
4867,4
4867,12
4867,18
4867,20
4868,6
4868,16
4868,17
4869,10
4870,1
4870,19
4871,20
4872,8
4874,18
4877,19
4878,9
4881,20
4885,17
4887,7
4888,18
4890,19
4891,20
4893,11
4893,18
4897,18
4897,19
4900,5
4903,18
4904,20
4905,13
4905,19
4910,15
4910,19
4913,2
4913,18
4917,4
4917,19
4918,17
4918,18
4918,20
4921,6
4923,18
4924,19
4925,20
4929,18
4930,20
4933,3
4935,16
4935,18
4935,19
4936,20
4942,20
4943,18
4949,18
4949,20
4955,6
4956,14
4957,19
4957,20
4958,1
4959,5
4960,8
4960,18
4961,9
4962,10
4962,15
4963,11
4963,12
4963,13
4964,7
4964,19
4964,20
4965,2
4965,17
4965,18
4966,3
4966,4
4967,16
4970,20
4971,6
4971,18
4971,19
4974,17
4978,20
4982,18
4987,20
4989,18
4993,20
4996,17
4997,19
5000,18
