8,3
8,6
8,25
8,36
9,7
9,13
9,23
9,26
9,34
9,40
10,8
10,12
10,20
10,27
10,33
10,39
11,4
11,5
11,9
11,11
11,15
11,19
11,22
11,24
11,28
11,30
11,32
11,35
11,36
11,37
11,38
12,1
12,10
12,14
12,16
12,17
12,18
12,31
13,2
13,6
13,7
13,8
13,9
13,13
13,19
13,21
13,27
13,28
13,29
13,33
13,35
13,39
13,40
14,4
14,12
14,15
14,23
14,24
14,34
14,36
14,38
15,1
15,3
15,5
15,10
15,18
15,20
15,22
15,25
15,26
15,28
15,30
15,31
15,32
15,37
15,39
15,40
16,7
16,8
16,11
16,16
16,19
16,33
16,35
17,2
17,4
17,6
17,9
17,12
17,13
17,14
17,15
17,17
17,21
17,28
17,36
17,38
17,39
17,40
18,5
18,27
18,29
18,32
18,34
18,37
19,18
19,20
19,33
19,35
19,36
19,39
20,1
20,4
20,19
20,23
20,24
20,28
20,31
20,38
20,40
21,7
21,15
22,2
22,8
22,33
22,39
22,40
23,35
23,36
23,38
24,28
24,29
26,12
26,40
27,33
28,34
29,36
30,38
30,39
31,33
32,40
36,33
36,36
36,38
37,40
41,36
42,33
42,38
44,39
44,40
46,34
48,36
49,33
50,40
51,38
51,39
54,40
57,38
59,40
60,33
61,34
61,38
62,40
66,38
66,39
66,40
67,37
70,40
71,38
72,33
72,34
75,38
75,40
78,34
78,40
79,36
79,38
81,39
83,38
83,40
84,34
86,40
88,38
89,34
90,40
93,33
93,37
93,39
94,40
95,38
99,40
100,39
101,38
102,34
104,29
106,38
106,40
108,33
109,30
110,34
112,40
113,4
113,38
114,39
115,33
116,16
117,40
119,28
119,36
121,34
121,38
121,40
122,22
122,29
124,7
125,35
125,38
125,39
126,33
127,34
127,37
127,40
128,9
128,36
131,2
132,40
133,38
133,39
134,33
135,34
137,12
137,25
139,10
139,40
140,34
140,39
141,38
142,3
142,23
142,24
143,8
143,18
143,37
144,4
144,6
144,26
144,32
145,5
145,17
145,19
145,21
145,28
145,33
145,36
145,40
146,1
146,11
146,14
146,20
146,27
146,31
146,35
146,38
146,39
147,2
147,7
147,8
147,9
147,13
147,15
147,29
147,34
147,37
148,4
148,12
148,16
148,25
148,28
148,36
148,40
149,6
149,19
149,22
149,30
149,33
149,35
149,38
149,39
150,5
150,18
150,27
150,34
150,37
151,3
151,7
151,15
151,23
151,40
152,4
152,24
152,36
152,39
153,10
153,20
153,28
153,32
153,38
154,1
154,11
154,33
154,34
154,35
154,40
155,2
155,37
155,39
156,29
157,14
157,34
157,36
158,28
158,40
159,39
160,33
160,34
164,40
165,34
165,39
168,40
169,36
170,34
170,38
171,33
171,39
172,40
176,34
176,40
177,39
181,33
181,36
182,38
182,40
185,34
187,38
189,40
190,39
194,36
195,38
195,39
196,40
200,33
200,40
202,38
202,39
205,34
208,38
208,40
209,34
212,39
215,34
215,38
216,36
216,40
221,33
221,34
222,40
223,35
224,37
224,39
226,12
228,34
230,33
231,40
232,36
233,39
234,28
234,38
239,4
239,33
239,40
242,20
242,36
242,38
243,13
243,21
243,29
244,39
244,40
245,14
245,15
245,16
245,19
245,30
245,34
246,17
246,22
246,24
246,36
246,37
246,38
247,3
247,7
247,9
247,18
247,26
247,33
247,35
247,39
248,1
248,8
248,23
248,27
248,28
248,40
249,2
249,4
249,6
249,31
250,5
250,10
250,11
250,12
250,25
250,32
250,33
250,36
250,38
250,39
251,7
251,13
251,19
251,21
251,28
251,29
251,34
251,35
251,40
252,4
252,8
252,9
252,15
252,16
252,20
253,1
253,18
253,37
253,39
253,40
254,2
254,3
254,6
254,7
254,14
254,17
254,24
254,28
254,30
254,33
254,35
254,36
254,38
255,12
255,23
255,26
255,27
255,29
255,31
255,34
256,4
256,19
256,28
256,36
256,39
256,40
257,8
257,15
257,33
257,35
257,38
258,2
258,5
258,13
258,22
260,25
260,34
260,39
260,40
261,9
261,33
261,36
265,39
266,38
268,34
268,36
268,40
273,34
273,38
274,36
276,39
278,40
279,36
281,33
284,34
284,36
284,38
285,39
285,40
290,40
291,36
292,33
292,38
295,40
298,37
299,36
299,38
299,39
299,40
300,33
303,34
303,40
304,39
305,33
305,36
307,38
308,40
309,36
311,33
312,39
313,36
315,34
315,40
317,38
318,33
319,39
320,36
322,34
322,40
324,33
325,36
326,39
329,36
330,40
333,36
333,38
334,34
334,39
335,4
336,40
338,34
338,36
339,28
339,33
339,39
343,36
343,40
344,34
344,35
344,39
346,33
347,38
348,8
348,37
350,39
351,36
351,40
353,24
354,21
354,33
354,38
355,27
355,34
355,36
357,40
358,39
359,35
360,19
360,36
361,38
363,39
364,17
365,40
366,33
366,36
367,34
368,38
368,39
369,12
369,28
369,40
370,14
371,36
372,22
372,33
372,34
372,39
373,4
373,38
373,40
374,29
375,15
376,36
376,40
378,1
378,33
378,38
378,39
379,16
380,7
380,34
380,40
381,23
381,36
381,37
382,3
382,30
383,40
384,13
384,25
384,33
384,38
384,39
385,35
386,8
386,20
386,36
387,5
387,18
387,32
387,40
388,9
388,26
388,28
388,38
389,11
389,12
389,39
390,4
390,6
390,10
390,27
390,37
390,40
391,2
391,15
391,19
391,21
391,31
391,33
391,36
392,7
392,8
392,28
392,29
392,34
392,38
392,39
393,1
393,24
393,35
393,40
394,16
394,18
394,33
395,4
395,9
395,36
395,38
396,28
396,39
398,37
398,40
399,29
399,33
400,34
400,36
400,38
404,33
404,38
405,36
405,40
409,33
409,38
411,36
413,38
413,40
417,33
418,34
418,38
421,36
421,40
424,38
425,39
429,40
430,36
431,33
431,34
432,38
434,39
438,40
439,33
442,35
442,36
442,39
444,22
445,34
448,38
449,2
449,33
449,35
450,17
450,39
451,34
452,40
455,39
456,28
456,34
458,4
458,33
459,36
460,38
461,40
466,33
466,34
466,39
467,29
468,14
468,40
469,30
470,38
471,15
472,36
472,37
472,39
472,40
473,27
473,34
474,13
475,33
477,40
478,32
480,5
480,7
480,11
480,33
480,35
480,39
481,6
482,12
482,28
482,36
482,40
483,20
483,26
483,34
484,4
484,10
484,25
484,33
484,38
485,8
485,19
485,23
485,37
485,39
486,1
486,3
486,9
486,16
486,18
486,21
486,24
486,29
486,40
487,28
487,31
487,33
487,34
488,2
488,4
488,8
488,15
488,36
488,39
489,6
489,7
489,13
489,27
489,35
489,38
489,40
490,12
490,14
490,17
490,19
490,20
490,22
490,29
490,30
490,32
491,25
491,28
491,33
491,34
491,37
491,39
492,2
492,4
492,5
492,7
492,16
492,18
492,23
492,35
492,36
492,38
492,40
493,1
493,9
493,11
493,15
493,29
494,19
494,21
494,27
494,31
494,40
495,4
495,6
495,28
495,33
495,34
495,35
495,38
495,39
496,8
496,36
497,3
497,10
497,13
497,24
497,26
497,29
498,40
499,36
499,39
500,12
500,33
500,34
500,37
500,38
501,28
506,34
506,38
507,36
508,39
511,40
512,34
513,33
513,38
515,39
515,40
520,38
521,33
521,34
521,36
521,39
521,40
525,38
527,39
529,36
530,38
530,40
534,33
534,36
535,34
536,40
537,38
537,39
539,36
543,34
544,36
546,33
546,38
546,39
546,40
547,37
551,33
553,36
554,38
555,34
555,39
555,40
561,33
562,34
562,38
562,40
564,36
568,28
568,40
569,34
570,33
570,38
571,37
572,39
574,34
575,40
576,22
579,33
579,34
580,38
580,39
581,36
582,4
582,35
582,40
587,33
587,38
587,39
590,40
592,34
594,39
595,20
595,36
595,40
596,33
597,14
599,39
600,38
600,40
601,15
601,33
602,12
603,19
604,33
604,36
605,39
605,40
606,17
607,34
608,4
608,33
609,8
609,30
610,5
610,7
610,11
610,27
610,39
610,40
611,13
612,1
612,16
612,21
612,24
612,28
612,33
612,35
612,37
613,2
613,4
613,10
613,18
613,23
613,25
613,36
613,38
614,3
614,9
614,26
614,29
614,31
614,32
614,39
614,40
615,6
615,7
615,12
615,15
615,19
615,20
615,22
615,28
615,33
615,34
616,4
616,8
616,13
616,27
616,35
616,38
617,1
617,2
617,5
617,17
617,23
617,28
617,36
617,37
617,39
617,40
618,9
618,11
618,16
618,18
618,25
618,30
618,33
619,6
619,12
619,14
619,21
619,24
619,29
619,31
620,3
620,4
620,7
620,19
620,28
620,34
620,35
620,36
620,38
620,39
620,40
621,8
621,15
621,33
622,2
622,32
623,20
623,23
623,26
623,39
623,40
624,10
624,13
624,36
624,37
625,27
625,33
625,38
625,39
626,28
627,34
628,35
628,40
629,39
630,36
633,39
635,40
636,39
637,33
637,34
637,36
640,39
641,40
644,39
645,33
645,36
646,40
650,39
652,38
653,36
654,40
656,33
656,39
659,36
663,34
665,35
665,39
666,36
666,40
670,38
670,39
670,40
672,34
674,33
674,36
675,39
678,40
680,39
682,33
684,36
684,40
685,29
686,39
687,40
688,33
688,34
688,37
691,38
692,40
695,39
696,40
697,33
697,38
700,40
701,34
701,39
702,28
703,33
704,38
705,4
706,40
707,39
708,34
709,33
709,38
710,28
711,36
714,34
714,39
715,40
717,33
717,38
718,35
719,40
724,1
724,22
724,39
724,40
725,33
725,34
727,12
727,38
729,27
729,30
730,15
730,36
731,26
732,13
732,19
732,34
732,37
732,38
732,39
732,40
733,4
733,6
733,11
733,17
733,21
734,7
734,9
734,16
734,18
734,28
734,35
735,2
735,5
735,8
735,14
735,24
735,32
735,33
735,39
735,40
736,1
736,3
736,4
736,10
736,12
736,19
736,20
736,23
736,25
736,28
736,29
736,31
736,34
736,36
736,38
737,6
737,7
737,13
737,21
737,33
737,35
737,37
738,8
738,9
738,15
738,16
738,18
738,22
738,27
738,28
738,30
738,36
738,38
738,39
738,40
739,2
739,4
739,11
739,17
739,19
739,23
739,24
739,29
739,34
740,3
740,5
740,12
740,14
740,20
740,26
740,32
740,33
740,35
740,39
740,40
741,1
741,8
741,15
741,25
741,28
741,31
741,36
741,37
741,38
742,2
742,4
742,6
742,7
742,13
742,27
742,29
742,34
743,9
743,16
743,18
743,19
743,23
743,33
743,39
743,40
744,28
744,34
744,35
744,38
745,4
745,36
746,7
746,12
746,39
747,15
747,30
747,33
747,40
748,34
749,38
750,39
751,33
751,34
751,36
751,40
755,34
756,33
757,39
759,34
759,40
761,38
762,33
762,36
766,34
766,40
768,39
769,33
772,38
774,34
774,36
778,38
778,40
779,39
785,33
786,34
787,38
788,40
789,39
792,36
796,33
796,39
797,40
802,35
802,36
802,39
805,33
807,40
808,39
811,33
811,40
812,37
817,33
817,40
818,39
819,34
820,38
823,40
824,33
826,39
827,37
827,38
827,40
828,33
832,33
832,40
834,38
835,40
836,39
837,33
837,34
839,28
839,36
839,40
842,38
843,33
843,40
844,34
844,39
847,33
848,39
850,40
852,33
853,29
854,36
854,39
854,40
855,22
857,34
857,37
858,33
858,38
859,4
859,15
859,39
859,40
861,30
863,27
863,33
863,39
863,40
864,8
864,14
866,35
866,38
867,11
867,18
867,24
867,33
868,7
868,28
868,36
868,39
868,40
869,1
869,17
869,34
870,4
870,21
871,9
871,16
871,33
871,39
871,40
872,12
872,13
872,19
872,25
872,32
872,38
873,2
873,8
873,10
873,20
873,29
873,31
873,36
873,37
874,5
874,6
874,23
874,26
874,28
874,34
874,40
875,3
875,4
875,7
875,15
875,19
875,21
875,33
875,35
875,39
876,9
876,12
876,18
876,24
876,38
876,40
877,1
877,16
877,22
877,27
877,28
877,30
877,36
877,37
878,2
878,8
878,13
878,17
878,20
878,33
878,34
878,39
879,14
879,25
879,29
879,31
879,32
879,35
879,40
880,6
880,11
880,28
880,38
881,4
881,5
881,7
881,12
881,15
881,19
881,23
881,33
881,37
881,39
882,34
882,36
882,40
884,28
884,29
884,33
884,35
884,39
885,2
885,3
886,38
887,33
888,4
888,34
888,39
889,36
889,40
892,33
892,39
893,34
894,40
895,36
896,39
898,40
900,34
901,33
901,39
903,36
903,40
908,39
910,33
911,36
912,34
912,38
912,40
914,39
918,36
918,38
920,39
920,40
921,33
921,34
925,40
928,39
929,34
929,36
929,40
933,33
934,40
935,38
936,39
938,40
940,33
941,40
945,33
945,38
945,39
945,40
950,36
950,40
952,33
955,40
956,33
956,36
956,37
956,38
960,40
961,39
962,33
964,34
964,38
965,40
967,28
970,34
970,36
970,38
971,29
971,33
971,40
973,7
975,28
976,30
976,33
976,34
976,38
976,39
976,40
977,4
977,8
977,37
978,24
978,35
978,36
980,13
980,33
982,40
983,18
983,21
983,25
985,9
985,10
985,33
985,34
985,36
985,38
985,40
986,15
986,26
986,39
987,12
987,22
987,32
987,37
988,6
988,27
988,33
988,35
989,11
989,19
989,28
989,40
990,3
990,5
990,39
991,1
991,17
991,20
991,33
991,34
992,4
992,8
992,14
992,31
993,2
993,12
993,16
993,28
993,35
993,36
993,38
993,40
994,7
994,13
994,23
994,33
994,39
995,29
996,4
996,15
996,19
996,34
996,37
997,27
997,33
997,40
998,36
999,18
999,38
999,39
1000,28
1001,40
1002,35
1004,33
1004,39
1006,36
1006,38
1006,40
1009,40
1011,39
1012,38
1013,40
1014,33
1014,34
1015,36
1017,40
1019,39
1022,33
1022,38
1023,40
1028,33
1029,40
1030,36
1030,38
1035,34
1036,36
1037,38
1037,40
1038,39
1039,37
1045,33
1046,38
1047,39
1048,36
1049,33
1050,40
1051,22
1054,33
1055,34
1055,37
1056,40
1057,38
1058,11
1058,24
1058,33
1060,34
1061,39
1062,16
1062,33
1064,35
1064,36
1065,28
1066,20
1066,33
1066,34
1066,40
1069,38
1070,30
1070,33
1071,36
1072,40
1073,4
1074,33
1075,38
1076,39
1077,13
1077,40
1079,36
1080,33
1081,34
1081,38
1084,12
1084,40
1086,29
1087,33
1087,38
1088,28
1088,36
1088,40
1089,4
1089,37
1089,39
1090,15
1090,25
1091,3
1091,14
1091,21
1091,34
1091,38
1092,1
1092,19
1092,23
1092,40
1093,6
1093,8
1093,9
1093,32
1093,33
1094,5
1094,17
1094,35
1094,36
1094,38
1094,39
1095,7
1095,10
1095,15
1095,18
1095,20
1095,27
1095,28
1095,31
1095,40
1096,2
1096,4
1097,1
1097,7
1097,12
1097,16
1097,24
1097,26
1097,29
1097,33
1097,34
1097,37
1097,38
1097,39
1097,40
1098,6
1098,8
1098,13
1098,14
1098,15
1098,19
1098,21
1098,28
1098,32
1098,35
1098,36
1099,9
1099,11
1099,18
1099,30
1100,3
1100,4
1100,5
1100,20
1100,22
1100,23
1100,25
1100,27
1100,31
1100,33
1100,35
1100,36
1100,37
1100,38
1100,39
1100,40
1101,2
1101,7
1101,17
1101,19
1101,34
1102,10
1102,15
1102,26
1102,28
1102,29
1102,39
1103,6
1103,8
1103,12
1103,33
1103,38
1103,40
1104,9
1104,21
1104,34
1104,36
1105,2
1105,13
1105,24
1105,35
1105,39
1106,4
1106,16
1106,28
1106,40
1108,33
1108,34
1108,37
1108,39
1109,38
1109,40
1111,35
1113,36
1113,39
1114,34
1114,40
1117,39
1117,40
1122,34
1122,39
1122,40
1123,33
1124,38
1127,40
1128,34
1128,36
1130,38
1132,39
1132,40
1134,34
1136,38
1136,39
1140,40
1142,33
1142,34
1142,39
1143,38
1145,36
1146,40
1149,34
1149,39
1150,38
1150,40
1154,38
1155,34
1155,40
1156,39
1160,34
1160,38
1163,40
1165,34
1165,39
1166,38
1167,40
1168,33
1171,39
1171,40
1173,33
1173,34
1176,38
1176,40
1177,36
1177,37
1178,28
1178,33
1180,39
1182,33
1182,36
1182,40
1184,34
1186,33
1187,40
1189,36
1189,38
1190,40
1191,33
1192,39
1195,33
1195,40
1197,38
1198,37
1199,40
1200,27
1200,33
1200,39
1201,36
1203,34
1203,38
1204,4
1205,40
1207,8
1207,33
1208,38
1208,39
1209,34
1210,28
1212,33
1212,36
1212,40
1215,34
1216,32
1216,40
1217,22
1217,38
1218,33
1219,30
1219,34
1220,16
1220,37
1221,3
1221,15
1221,36
1222,40
1223,7
1223,23
1223,33
1224,12
1224,13
1224,18
1224,19
1224,25
1224,34
1224,35
1224,38
1225,2
1225,9
1225,17
1225,36
1225,39
1226,4
1226,5
1226,11
1226,21
1226,28
1226,40
1227,1
1227,6
1227,20
1227,24
1227,27
1227,33
1227,38
1228,8
1228,26
1228,29
1228,31
1228,34
1228,35
1228,39
1229,2
1229,7
1229,10
1229,12
1229,14
1229,19
1229,28
1229,30
1229,36
1229,37
1230,4
1230,15
1230,16
1230,38
1230,40
1231,13
1231,18
1231,23
1231,33
1231,35
1231,39
1232,9
1232,21
1232,22
1232,32
1232,34
1232,36
1233,5
1233,6
1233,7
1233,8
1233,19
1233,24
1233,28
1233,40
1234,1
1234,2
1234,17
1234,20
1234,31
1234,38
1235,3
1235,27
1235,28
1235,29
1235,33
1235,34
1235,35
1235,37
1235,39
1235,40
1236,4
1236,12
1236,25
1236,36
1237,10
1238,7
1238,15
1238,16
1238,38
1239,14
1239,33
1239,34
1239,39
1239,40
1240,13
1240,36
1242,39
1243,33
1243,38
1244,40
1245,34
1245,36
1247,39
1248,40
1249,33
1252,33
1252,38
1252,40
1253,34
1253,36
1253,39
1257,39
1258,33
1259,40
1261,34
1262,33
1263,39
1264,40
1265,38
1266,36
1267,33
1268,40
1270,39
1271,33
1272,38
1272,40
1276,33
1276,40
1278,38
1279,40
1280,33
1280,36
1281,39
1282,38
1282,40
1285,33
1286,40
1287,38
1287,39
1289,36
1291,33
1291,40
1293,39
1294,38
1295,40
1298,33
1298,39
1301,40
1302,34
1303,39
1304,36
1306,40
1308,38
1308,39
1310,33
1311,35
1312,40
1317,38
1317,39
1317,40
1318,33
1318,34
1321,37
1321,40
1322,33
1326,33
1326,40
1328,38
1329,39
1330,4
1330,28
1331,33
1332,40
1333,30
1333,34
1334,29
1335,38
1335,39
1336,22
1337,11
1337,40
1338,4
1338,13
1338,18
1338,28
1339,21
1339,24
1339,33
1340,1
1340,2
1340,7
1340,8
1340,9
1340,12
1340,15
1340,23
1340,34
1340,35
1340,37
1340,39
1340,40
1341,5
1341,14
1341,17
1341,19
1341,27
1341,31
1341,32
1341,36
1341,38
1342,4
1342,6
1342,10
1342,16
1342,20
1342,25
1342,26
1342,28
1342,33
1343,2
1343,3
1343,8
1343,18
1343,29
1343,35
1343,39
1343,40
1344,1
1344,7
1344,9
1344,12
1344,13
1344,15
1344,19
1344,28
1344,34
1344,36
1344,38
1345,4
1345,20
1345,21
1345,22
1345,23
1345,24
1345,27
1345,30
1345,33
1345,37
1345,39
1346,5
1346,6
1346,11
1346,32
1346,40
1347,8
1347,16
1347,17
1347,28
1347,31
1347,35
1347,36
1347,38
1348,2
1348,7
1348,14
1348,18
1348,25
1348,29
1348,33
1348,34
1348,39
1349,4
1349,15
1349,19
1349,26
1349,40
1350,21
1350,37
1350,38
1350,39
1351,9
1351,12
1351,33
1351,35
1351,36
1352,28
1353,3
1354,39
1355,34
1355,36
1355,38
1356,33
1358,40
1360,34
1360,36
1360,38
1361,39
1365,36
1365,40
1366,38
1366,39
1367,33
1369,34
1370,36
1370,40
1373,39
1375,36
1376,34
1376,38
1376,40
1378,39
1379,37
1382,38
1384,33
1384,34
1385,39
1385,40
1386,36
1389,40
1392,36
1392,38
1393,39
1394,40
1396,34
1399,40
1400,34
1400,38
1401,39
1406,33
1406,36
1407,34
1408,40
1409,37
1412,33
1412,38
1413,34
1416,40
1417,39
1419,34
1420,36
1422,33
1422,39
1423,38
1424,34
1427,39
1427,40
1429,34
1430,38
1431,39
1432,40
1434,34
1435,33
1435,38
1438,4
1438,39
1438,40
1441,38
1442,34
1443,33
1447,35
1447,38
1447,39
1447,40
1452,33
1452,39
1453,38
1453,40
1454,30
1455,34
1456,24
1458,39
1459,4
1459,36
1459,40
1460,12
1460,22
1460,35
1460,38
1461,32
1462,17
1462,27
1462,39
1463,18
1463,33
1463,40
1464,1
1464,19
1464,38
1465,2
1465,8
1465,10
1465,15
1465,16
1465,34
1465,37
1465,39
1466,7
1466,13
1466,14
1466,21
1466,25
1466,28
1466,29
1466,31
1466,33
1466,36
1467,6
1467,26
1467,39
1467,40
1468,3
1468,4
1468,5
1468,9
1468,12
1468,19
1468,20
1468,23
1468,35
1468,37
1468,38
1469,7
1469,8
1469,11
1469,15
1469,27
1469,28
1469,33
1469,34
1469,36
1470,1
1470,17
1470,18
1470,24
1470,25
1470,29
1470,39
1471,2
1471,4
1471,22
1471,30
1471,32
1471,35
1471,40
1472,6
1472,9
1472,13
1472,16
1472,21
1472,23
1472,28
1472,33
1472,36
1472,38
1472,39
1473,19
1473,20
1473,31
1473,34
1473,37
1474,7
1474,8
1474,12
1474,14
1474,15
1474,29
1474,35
1474,40
1475,2
1475,11
1475,36
1475,38
1475,39
1476,4
1476,5
1476,26
1476,28
1476,33
1477,40
1478,3
1478,37
1479,33
1479,34
1479,39
1480,28
1480,35
1480,40
1481,38
1482,36
1483,33
1483,39
1483,40
1485,38
1486,33
1488,39
1488,40
1490,33
1491,38
1492,39
1494,33
1494,36
1494,40
1496,38
1496,39
1498,33
1500,39
1500,40
1503,33
1503,38
1504,36
1504,39
1508,39
1508,40
1510,33
1511,38
1512,39
1513,34
1513,36
1517,39
1518,38
1519,33
1521,40
1522,39
1524,33
1524,38
1527,39
1528,36
1529,40
1531,39
1532,33
1532,38
1537,38
1537,39
1537,40
1540,33
1541,39
1542,36
1543,34
1543,40
1545,38
1546,39
1549,34
1549,40
1550,39
1553,38
1553,39
1555,36
1556,34
1557,33
1558,39
1558,40
1565,27
1565,34
1565,36
1565,38
1565,39
1566,33
1566,40
1567,37
1570,40
1571,4
1573,12
1573,33
1573,39
1574,34
1574,36
1574,38
1574,40
1577,8
1578,28
1580,35
1580,39
1580,40
1581,15
1581,18
1581,38
1582,1
1582,19
1582,24
1582,29
1582,30
1582,32
1582,33
1582,36
1583,34
1584,9
1584,11
1584,23
1584,39
1584,40
1585,4
1585,13
1585,16
1585,25
1585,27
1585,28
1585,31
1585,36
1585,37
1585,38
1586,10
1586,15
1586,17
1586,20
1586,21
1586,26
1586,33
1587,2
1587,5
1587,6
1587,7
1587,8
1587,14
1587,22
1587,35
1587,39
1587,40
1588,3
1588,12
1588,19
1588,28
1588,29
1588,33
1588,34
1588,36
1588,37
1588,38
1589,1
1589,4
1589,18
1589,24
1589,32
1590,9
1590,13
1590,16
1590,20
1590,25
1590,30
1590,31
1590,35
1590,39
1590,40
1591,23
1591,28
1591,33
1591,36
1592,6
1592,15
1592,21
1592,27
1592,38
1593,4
1593,7
1593,8
1593,19
1593,29
1593,34
1593,40
1594,2
1594,39
1595,33
1595,35
1595,36
1595,38
1596,5
1596,28
1597,37
1597,40
1600,3
1601,33
1601,38
1601,39
1602,40
1605,38
1607,33
1608,40
1609,36
1610,38
1613,33
1614,39
1614,40
1616,34
1617,36
1617,38
1621,40
1623,33
1624,38
1625,40
1626,39
1631,33
1631,40
1632,39
1633,36
1634,38
1639,40
1640,38
1641,33
1641,39
1642,34
1646,38
1647,33
1647,40
1649,36
1650,39
1654,33
1654,38
1656,34
1656,40
1657,36
1657,39
1662,36
1663,33
1663,38
1664,39
1664,40
1665,12
1669,36
1669,37
1670,39
1671,33
1671,35
1676,33
1677,4
1678,36
1678,40
1679,22
1680,39
1681,7
1681,15
1681,37
1681,38
1682,33
1684,36
1685,14
1685,28
1685,40
1687,39
1688,17
1688,20
1689,24
1689,33
1689,34
1689,36
1689,38
1690,4
1690,11
1690,30
1691,35
1691,40
1692,8
1692,27
1692,29
1693,2
1693,16
1693,21
1693,32
1693,37
1694,1
1694,13
1694,18
1694,19
1694,28
1694,36
1694,38
1694,39
1695,6
1695,9
1695,10
1695,12
1695,23
1695,31
1695,33
1695,34
1695,40
1696,4
1696,7
1696,15
1696,25
1696,26
1696,35
1697,3
1697,5
1697,8
1697,28
1697,29
1697,36
1697,38
1697,39
1698,2
1698,19
1698,27
1698,33
1698,40
1699,1
1699,16
1699,20
1699,30
1699,34
1700,4
1700,7
1700,9
1700,24
1700,28
1700,36
1700,37
1700,38
1700,39
1701,13
1701,35
1701,40
1702,14
1702,29
1703,18
1703,33
1704,36
1704,38
1704,39
1704,40
1705,15
1705,23
1706,11
1707,39
1708,36
1708,38
1708,40
1709,33
1711,39
1712,38
1714,40
1715,36
1716,39
1717,38
1720,33
1721,40
1723,38
1723,39
1724,36
1729,40
1730,33
1730,38
1730,39
1734,36
1737,39
1738,38
1738,40
1744,33
1744,39
1745,36
1746,34
1747,38
1750,35
1750,40
1751,33
1753,34
1753,40
1754,38
1757,39
1758,40
1760,33
1763,34
1763,40
1767,22
1767,33
1767,36
1767,37
1767,39
1768,38
1768,40
1770,34
1774,40
1775,34
1776,33
1776,35
1777,39
1778,38
1782,34
1784,28
1784,40
1786,33
1787,34
1787,36
1788,4
1788,29
1788,38
1789,8
1789,39
1789,40
1791,33
1791,35
1793,37
1796,33
1797,21
1797,40
1800,3
1801,33
1801,34
1801,36
1801,38
1801,40
1802,13
1802,37
1803,39
1804,12
1805,16
1806,33
1807,14
1807,19
1807,20
1807,27
1807,32
1807,40
1808,17
1808,25
1808,26
1808,34
1808,39
1809,4
1809,6
1809,18
1809,28
1809,30
1809,31
1809,36
1810,1
1810,2
1810,5
1810,7
1810,8
1810,15
1810,33
1810,38
1811,9
1811,11
1811,12
1811,19
1811,22
1811,23
1811,24
1811,29
1811,35
1811,39
1811,40
1812,4
1812,10
1812,13
1812,27
1812,28
1812,32
1812,33
1812,36
1812,37
1813,3
1813,6
1813,14
1813,16
1813,18
1813,20
1813,21
1813,34
1813,39
1814,1
1814,5
1814,8
1814,9
1814,15
1814,17
1814,25
1814,30
1814,31
1814,35
1814,38
1814,40
1815,2
1815,4
1815,7
1815,19
1815,28
1815,29
1815,33
1815,36
1815,39
1816,12
1816,23
1816,24
1816,26
1816,34
1816,37
1816,40
1817,6
1817,18
1817,27
1817,35
1817,38
1818,4
1818,28
1818,33
1818,36
1819,11
1819,13
1819,39
1819,40
1820,15
1821,38
1822,33
1823,34
1823,36
1824,39
1824,40
1828,34
1828,39
1829,38
1831,33
1832,36
1833,40
1835,39
1838,33
1839,34
1842,39
1842,40
1843,34
1843,38
1845,36
1847,39
1847,40
1850,33
1850,34
1852,40
1854,36
1855,39
1856,38
1858,33
1858,34
1858,40
1862,38
1863,36
1863,40
1864,33
1864,39
1867,38
1868,40
1870,39
1871,33
1871,38
1873,34
1873,40
1876,39
1878,36
1878,38
1879,40
1883,39
1884,33
1885,34
1885,38
1885,40
1889,40
1890,36
1891,38
1892,40
1894,39
1895,40
1896,33
1896,34
1898,40
1902,34
1902,38
1902,40
1904,37
1904,39
1905,4
1908,40
1909,33
1909,34
1910,12
1911,28
1912,40
1913,34
1914,35
1914,38
1914,39
1915,2
1915,22
1917,8
1917,40
1918,3
1918,14
1918,34
1920,10
1920,33
1920,35
1920,40
1921,5
1921,15
1921,19
1921,28
1921,34
1921,37
1921,38
1921,39
1922,4
1922,31
1922,36
1923,6
1923,27
1923,40
1924,1
1924,7
1924,16
1925,30
1925,34
1925,38
1925,39
1926,9
1926,13
1926,20
1926,24
1926,28
1926,32
1926,33
1926,40
1927,18
1927,23
1927,25
1927,29
1927,35
1927,36
1928,8
1928,12
1928,21
1928,26
1929,4
1929,11
1929,19
1929,28
1929,33
1929,37
1929,38
1929,39
1929,40
1930,17
1930,34
1930,36
1931,7
1931,9
1931,15
1932,2
1932,13
1932,27
1932,30
1932,31
1932,35
1933,28
1933,33
1933,38
1933,39
1933,40
1934,8
1934,14
1934,22
1934,36
1935,1
1935,34
1936,5
1936,35
1937,7
1937,33
1937,40
1938,4
1938,37
1938,38
1939,39
1941,24
1941,33
1942,18
1943,40
1944,33
1945,39
1946,36
1947,40
1948,34
1949,33
1951,40
1952,38
1953,33
1953,36
1955,40
1956,39
1957,36
1959,33
1961,36
1961,40
1962,39
1966,33
1966,40
1967,36
1968,39
1971,34
1973,36
1973,40
1974,38
1976,39
1977,33
1978,40
1983,34
1983,36
1985,33
1985,39
1985,40
1986,20
1986,38
1990,40
1991,33
1992,38
1992,39
1995,29
1995,34
1995,36
1995,40
1996,39
1997,37
1998,33
2001,40
2003,39
2004,34
2004,38
2009,33
2009,39
2010,40
2012,34
2015,40
2016,28
2016,39
2017,36
2020,38
2021,4
2021,10
2021,12
2021,34
2021,40
2022,35
2024,33
2024,39
2025,2
2025,34
2026,6
2026,32
2026,38
2027,28
2027,40
2028,8
2028,13
2028,16
2030,3
2030,19
2030,23
2030,25
2030,27
2030,34
2030,36
2031,1
2031,9
2031,35
2031,37
2031,39
2031,40
2032,4
2032,5
2032,7
2032,11
2032,14
2032,15
2032,18
2032,21
2032,26
2032,28
2032,29
2032,30
2032,31
2032,38
2033,17
2033,22
2033,24
2033,33
2034,1
2034,2
2034,4
2034,6
2034,7
2034,8
2034,9
2034,15
2034,19
2034,20
2034,23
2034,28
2034,29
2034,34
2034,35
2034,36
2034,38
2034,39
2034,40
2035,5
2035,12
2035,13
2035,16
2035,21
2035,27
2035,30
2035,32
2035,37
2036,3
2036,4
2036,10
2036,11
2036,18
2036,25
2036,28
2036,31
2036,33
2036,35
2036,38
2036,39
2036,40
2037,1
2037,2
2037,7
2037,8
2037,15
2037,17
2037,19
2037,24
2037,26
2037,29
2037,34
2037,36
2038,6
2038,14
2038,20
2038,37
2038,39
2038,40
2039,4
2039,9
2039,12
2039,16
2039,21
2039,23
2039,28
2039,33
2039,38
2040,13
2040,27
2040,34
2040,35
2040,36
2041,18
2041,22
2041,40
2042,8
2042,32
2042,39
2043,28
2043,29
2043,33
2043,38
2044,36
2045,40
2046,34
2048,33
2049,36
2049,38
2049,39
2049,40
2050,34
2054,33
2054,34
2054,39
2055,40
2056,36
2059,39
2059,40
2060,38
2061,33
2061,34
2061,36
2066,39
2067,33
2067,34
2067,36
2067,40
2071,40
2073,39
2074,33
2074,34
2076,40
2078,36
2079,33
2080,38
2082,39
2082,40
2083,33
2087,33
2087,38
2087,39
2090,40
2091,33
2092,38
2093,34
2093,36
2095,39
2096,40
2097,33
2098,38
2102,33
2104,38
2105,36
2105,40
2106,33
2107,39
2110,33
2111,36
2112,38
2112,40
2114,39
2116,38
2117,33
2119,36
2120,38
2121,33
2121,40
2125,33
2126,40
2127,37
2127,38
2130,33
2130,34
2131,38
2133,40
2134,39
2135,34
2136,36
2137,33
2138,28
2138,38
2141,34
2141,40
2142,36
2144,33
2144,38
2146,39
2147,36
2148,34
2149,38
2150,30
2153,33
2153,38
2153,40
2154,4
2154,12
2154,24
2155,36
2156,34
2157,9
2157,40
2158,8
2158,19
2158,23
2158,25
2158,27
2158,39
2159,11
2159,16
2159,35
2159,38
2160,1
2160,4
2160,17
2160,33
2160,37
2160,40
2161,18
2161,28
2161,31
2161,34
2161,39
2162,2
2162,3
2162,5
2162,6
2162,13
2162,15
2162,21
2162,32
2163,7
2163,8
2163,10
2163,12
2163,14
2163,19
2163,20
2163,29
2163,33
2163,40
2164,6
2164,9
2164,15
2164,22
2164,26
2164,27
2164,35
2164,36
2164,37
2164,38
2164,39
2165,1
2165,2
2165,3
2165,4
2165,16
2165,18
2165,28
2165,31
2165,34
2166,5
2166,7
2166,11
2166,17
2166,23
2166,24
2166,25
2166,30
2166,33
2166,40
2167,4
2167,8
2167,12
2167,13
2167,19
2167,21
2167,28
2167,29
2167,32
2167,35
2167,38
2167,39
2168,2
2168,6
2168,15
2168,20
2168,27
2168,33
2168,34
2168,36
2168,37
2168,40
2169,7
2169,9
2169,10
2169,14
2169,16
2169,18
2169,22
2170,1
2170,4
2170,24
2170,28
2170,35
2170,38
2170,39
2171,26
2171,29
2171,33
2171,34
2171,36
2171,40
2172,19
2172,37
2174,12
2174,39
2175,33
2176,36
2178,34
2178,40
2179,39
2182,38
2183,36
2184,33
2187,34
2189,36
2189,40
2190,33
2193,34
2193,40
2194,36
2194,39
2196,33
2197,40
2199,36
2199,38
2199,39
2200,33
2201,34
2202,40
2204,33
2205,39
2207,36
2209,33
2209,40
2210,34
2213,33
2213,36
2214,39
2216,40
2217,38
2218,33
2218,36
2218,39
2224,33
2224,38
2224,39
2224,40
2225,36
2229,33
2231,34
2231,39
2232,40
2234,33
2234,36
2236,34
2236,40
2237,38
2240,40
2242,33
2242,39
2243,34
2245,38
2247,33
2247,40
2248,34
2251,40
2253,4
2253,34
2254,28
2254,33
2254,36
2256,39
2256,40
2257,34
2261,34
2261,35
2261,39
2261,40
2262,38
2264,33
2264,37
2267,34
2267,40
2268,36
2268,39
2269,33
2270,40
2272,38
2272,39
2273,8
2273,34
2274,33
2274,40
2277,39
2279,30
2279,33
2280,34
2280,40
2281,22
2282,36
2282,39
2283,38
2284,40
2285,33
2285,34
2286,37
2287,40
2289,34
2290,39
2291,40
2294,34
2295,39
2296,40
2298,18
2298,36
2298,38
2300,4
2300,5
2301,33
2301,34
2302,39
2302,40
2303,28
2303,32
2304,1
2304,16
2305,15
2305,27
2305,29
2305,35
2306,2
2306,7
2306,12
2306,13
2306,14
2306,36
2306,37
2307,3
2307,6
2307,20
2307,21
2307,25
2307,26
2307,28
2307,31
2307,34
2307,38
2307,39
2307,40
2308,4
2308,8
2308,9
2308,11
2308,17
2308,19
2308,33
2309,5
2309,10
2309,15
2309,18
2309,23
2309,24
2309,35
2309,36
2309,37
2309,40
2310,2
2310,7
2310,12
2310,27
2310,28
2310,32
2310,33
2310,38
2310,39
2311,1
2311,4
2311,13
2311,19
2311,30
2312,8
2312,9
2312,16
2312,20
2312,21
2312,22
2312,29
2312,34
2312,40
2313,6
2313,14
2313,28
2313,33
2313,35
2313,36
2313,39
2314,2
2314,3
2314,7
2314,15
2314,17
2314,24
2314,26
2314,31
2314,38
2315,4
2315,12
2315,18
2315,23
2315,37
2315,40
2316,11
2316,19
2316,25
2316,33
2316,34
2316,36
2316,38
2316,39
2317,27
2317,28
2317,35
2318,7
2318,9
2318,17
2318,29
2318,40
2319,8
2320,39
2321,4
2321,28
2321,34
2321,36
2321,40
2322,33
2322,38
2324,35
2324,40
2328,38
2329,40
2331,39
2334,33
2334,36
2334,38
2335,34
2335,40
2339,38
2340,40
2342,36
2344,33
2344,38
2344,39
2345,40
2348,34
2349,36
2349,40
2351,38
2353,39
2354,40
2357,33
2359,36
2361,38
2361,39
2361,40
2367,40
2368,34
2368,38
2369,33
2370,37
2371,36
2371,39
2375,33
2379,38
2380,40
2381,34
2383,33
2386,38
2388,36
2388,40
2389,33
2390,38
2393,28
2393,40
2394,37
2395,34
2396,33
2397,38
2398,40
2401,35
2402,38
2404,40
2407,39
2408,38
2410,21
2410,36
2410,40
2411,34
2412,12
2413,39
2414,33
2414,40
2415,30
2415,38
2416,22
2418,15
2418,23
2418,34
2419,27
2419,33
2419,38
2419,40
2420,35
2421,4
2421,39
2422,5
2422,36
2422,37
2423,31
2424,28
2424,29
2424,40
2425,8
2425,13
2425,18
2425,33
2425,39
2426,1
2426,38
2427,4
2427,10
2427,40
2428,9
2428,16
2428,24
2428,32
2428,33
2428,35
2428,36
2428,39
2429,3
2429,7
2429,19
2429,28
2430,6
2430,11
2430,25
2430,34
2430,40
2431,14
2431,20
2431,29
2431,38
2432,4
2432,8
2432,12
2432,27
2432,28
2432,33
2432,36
2432,39
2433,2
2433,7
2433,13
2433,15
2433,21
2433,23
2433,26
2433,34
2433,35
2433,37
2433,40
2434,5
2434,17
2435,4
2435,19
2435,30
2435,33
2435,38
2435,39
2436,1
2436,18
2436,28
2436,36
2436,40
2437,29
2438,2
2438,6
2438,8
2438,22
2438,33
2438,35
2438,37
2439,9
2439,20
2439,25
2439,38
2440,34
2440,39
2440,40
2441,31
2442,15
2442,33
2442,38
2443,12
2444,40
2446,38
2446,39
2447,33
2448,34
2451,40
2452,33
2453,38
2455,39
2456,40
2459,33
2459,38
2463,40
2464,38
2465,34
2467,37
2467,39
2469,33
2469,38
2471,36
2471,40
2475,38
2476,36
2476,40
2477,39
2482,38
2482,39
2483,36
2483,40
2485,34
2486,33
2489,39
2490,38
2491,36
2492,33
2492,37
2492,40
2497,40
2498,39
2499,36
2499,38
2500,33
2500,34
2505,36
2505,39
2506,38
2506,40
2509,34
2511,36
2511,39
2512,33
2512,38
2512,40
2517,36
2518,40
2519,28
2520,34
2520,38
2520,39
2522,33
2522,35
2523,11
2523,24
2524,15
2525,36
2526,33
2526,39
2527,27
2527,40
2528,16
2528,37
2529,4
2529,8
2529,20
2529,38
2530,1
2530,21
2530,34
2531,28
2531,33
2531,35
2531,39
2531,40
2532,12
2532,18
2532,19
2532,38
2533,14
2533,17
2533,26
2533,29
2533,32
2534,36
2535,2
2535,4
2535,6
2535,7
2535,9
2535,13
2535,23
2535,33
2535,38
2535,39
2535,40
2536,30
2536,31
2537,3
2537,10
2537,12
2537,15
2537,19
2537,22
2537,25
2537,28
2537,29
2537,37
2538,4
2538,5
2538,8
2538,27
2538,33
2538,34
2538,35
2538,38
2538,39
2538,40
2539,6
2539,7
2539,9
2539,11
2539,13
2539,18
2539,24
2539,36
2540,1
2540,2
2540,3
2540,16
2540,19
2540,23
2540,28
2540,40
2541,15
2541,17
2541,20
2541,21
2541,30
2541,31
2541,32
2541,33
2541,35
2541,36
2541,37
2541,39
2542,4
2542,5
2542,7
2542,8
2542,12
2542,25
2542,27
2542,28
2542,29
2542,34
2542,38
2543,6
2543,9
2543,10
2543,14
2543,26
2543,40
2544,2
2544,18
2544,22
2544,28
2544,39
2545,1
2545,4
2545,13
2545,19
2545,24
2545,29
2545,33
2545,34
2545,35
2545,36
2545,37
2545,38
2545,40
2546,7
2547,15
2547,21
2547,23
2547,39
2548,38
2548,40
2549,28
2549,33
2549,36
2550,39
2552,16
2552,40
2553,34
2554,36
2554,38
2555,35
2555,39
2556,40
2557,33
2559,34
2559,38
2563,39
2563,40
2564,34
2565,36
2565,38
2567,33
2569,39
2569,40
2570,38
2573,36
2574,34
2575,38
2577,39
2579,40
2581,39
2582,38
2584,36
2585,34
2585,40
2587,33
2587,38
2588,39
2590,40
2593,33
2594,36
2594,39
2596,38
2597,40
2600,33
2601,39
2603,40
2604,34
2605,36
2605,38
2611,40
2612,38
2613,39
2614,33
2614,36
2616,34
2616,37
2617,40
2620,36
2621,39
2623,4
2624,12
2624,40
2625,36
2625,38
2626,33
2627,39
2630,36
2631,33
2631,34
2633,40
2636,38
2637,39
2638,33
2638,34
2639,36
2640,35
2641,40
2642,28
2642,38
2646,33
2647,40
2648,36
2649,34
2650,38
2652,37
2654,38
2655,34
2657,40
2660,38
2661,14
2661,34
2662,33
2662,36
2663,40
2665,38
2667,4
2667,32
2667,39
2668,8
2668,40
2670,34
2670,38
2671,4
2671,29
2672,1
2672,16
2672,18
2672,19
2672,33
2672,35
2673,21
2673,28
2673,36
2673,40
2674,13
2674,15
2674,23
2674,31
2674,38
2674,39
2675,7
2675,20
2675,24
2675,25
2675,27
2675,30
2676,3
2676,4
2676,6
2676,9
2676,10
2676,22
2676,29
2676,35
2676,37
2677,2
2677,5
2677,8
2677,11
2677,12
2677,17
2677,18
2677,19
2677,26
2677,33
2677,34
2677,36
2677,38
2677,39
2677,40
2678,1
2678,7
2678,15
2678,21
2678,23
2678,28
2679,4
2679,9
2679,13
2679,14
2679,20
2679,27
2679,31
2679,32
2679,39
2680,2
2680,6
2680,8
2680,16
2680,24
2680,29
2680,30
2680,33
2680,35
2680,36
2680,37
2680,38
2680,40
2681,3
2681,5
2681,7
2681,10
2681,12
2681,15
2681,17
2681,19
2681,28
2681,34
2682,22
2682,25
2682,39
2682,40
2683,4
2683,11
2683,26
2683,28
2683,33
2683,36
2683,38
2684,1
2684,13
2684,18
2684,20
2684,27
2684,35
2684,37
2685,7
2685,34
2685,40
2686,2
2686,6
2686,28
2686,38
2686,39
2687,9
2687,12
2687,21
2687,33
2688,36
2689,29
2689,34
2689,40
2690,38
2690,39
2691,33
2694,38
2695,36
2695,40
2696,39
2698,33
2698,38
2701,34
2703,38
2703,39
2703,40
2705,33
2707,38
2709,36
2710,33
2711,34
2711,40
2712,38
2713,39
2716,38
2717,36
2718,33
2720,40
2721,38
2721,39
2723,36
2726,33
2727,38
2730,39
2730,40
2731,34
2731,38
2733,36
2736,38
2736,40
2738,39
2740,34
2741,38
2743,40
2745,36
2746,34
2747,38
2752,34
2752,40
2753,38
2753,39
2759,39
2761,38
2761,40
2762,34
2762,36
2763,33
2765,35
2765,39
2766,29
2769,36
2769,38
2770,34
2770,39
2770,40
2772,33
2775,40
2777,34
2778,4
2778,33
2778,36
2778,37
2778,38
2778,39
2782,40
2785,36
2786,28
2787,33
2787,34
2787,38
2787,40
2788,15
2791,35
2792,36
2792,38
2792,39
2792,40
2796,32
2796,33
2800,25
2800,36
2800,37
2801,24
2801,30
2801,33
2801,40
2803,38
2804,14
2805,8
2805,27
2805,28
2805,33
2806,3
2806,12
2806,17
2806,19
2806,21
2806,34
2807,11
2807,16
2807,22
2808,2
2808,4
2808,5
2808,6
2808,7
2808,8
2808,13
2808,18
2808,23
2808,28
2808,33
2808,35
2808,36
2808,39
2808,40
2809,1
2809,9
2809,10
2809,20
2809,31
2809,34
2809,37
2809,38
2810,12
2810,15
2810,19
2810,24
2810,26
2810,27
2810,28
2810,29
2810,33
2810,35
2810,39
2810,40
2811,4
2811,36
2812,7
2812,8
2812,18
2812,25
2812,30
2812,32
2813,2
2813,13
2813,16
2813,21
2813,28
2813,33
2813,34
2813,38
2813,39
2813,40
2814,5
2814,6
2814,9
2814,11
2814,17
2814,35
2815,1
2815,3
2815,4
2815,15
2815,36
2815,37
2816,7
2816,29
2816,39
2816,40
2817,19
2817,20
2817,28
2817,31
2817,33
2817,34
2817,38
2818,12
2818,23
2819,36
2819,39
2820,35
2821,33
2821,40
2823,36
2824,38
2826,39
2827,36
2828,33
2831,36
2831,40
2834,39
2835,38
2836,34
2839,36
2841,39
2843,40
2844,33
2845,38
2848,40
2850,34
2851,39
2853,36
2857,33
2858,39
2858,40
2861,34
2861,36
2863,33
2863,38
2866,40
2868,38
2869,37
2870,39
2871,34
2872,33
2874,40
2876,38
2877,34
2878,33
2882,38
2882,40
2883,34
2883,36
2886,33
2886,40
2887,29
2887,38
2888,39
2889,34
2892,40
2893,36
2893,38
2894,34
2895,39
2896,40
2898,33
2899,40
2900,38
2902,37
2902,40
2903,28
2903,33
2906,40
2907,34
2909,14
2909,33
2910,25
2910,40
2912,38
2913,28
2913,34
2913,39
2914,4
2914,8
2914,33
2915,22
2915,40
2917,21
2918,19
2918,24
2918,33
2919,3
2919,32
2919,35
2919,36
2919,39
2919,40
2920,4
2920,13
2920,20
2920,28
2920,34
2920,38
2921,1
2921,2
2921,9
2921,27
2922,16
2922,18
2922,31
2922,33
2922,40
2923,7
2923,10
2923,12
2923,15
2923,23
2923,28
2923,34
2923,37
2923,39
2924,5
2924,6
2924,11
2924,26
2924,29
2924,35
2924,36
2924,38
2924,40
2925,4
2925,8
2925,19
2925,30
2925,33
2926,14
2926,17
2926,25
2926,28
2926,34
2926,39
2926,40
2927,9
2927,13
2927,33
2928,1
2928,2
2928,4
2928,20
2928,27
2928,37
2928,38
2929,7
2929,34
2929,35
2929,40
2930,18
2930,33
2930,39
2931,12
2931,28
2932,29
2932,36
2932,38
2933,24
2933,40
2934,33
2935,39
2937,34
2939,40
2941,33
2941,34
2941,36
2942,38
2945,40
2948,33
2948,34
2948,39
2951,36
2953,34
2953,38
2954,33
2954,39
2954,40
2960,33
2960,34
2962,39
2963,38
2963,40
2965,33
2965,34
2968,40
2969,33
2970,34
2972,36
2972,40
2974,38
2974,39
2976,33
2976,40
2979,34
2979,36
2980,39
2980,40
2981,33
2981,38
2986,33
2986,36
2986,40
2988,37
2989,38
2989,39
2992,33
2992,36
2995,40
2996,39
2997,33
2997,36
3001,40
3002,36
3003,33
3004,37
3004,38
3004,39
3009,26
3009,36
3012,33
3012,38
3012,39
3012,40
3013,22
3013,29
3013,34
3014,4
3015,30
3015,36
3016,17
3016,33
3017,15
3017,16
3017,38
3017,39
3017,40
3018,23
3019,12
3019,28
3020,8
3020,27
3020,33
3020,35
3020,36
3021,7
3021,13
3021,37
3022,1
3022,3
3022,4
3022,11
3022,39
3022,40
3023,6
3023,18
3023,19
3023,24
3023,31
3023,34
3024,2
3024,5
3024,9
3024,21
3024,25
3024,28
3024,33
3024,36
3024,38
3024,39
3025,4
3025,8
3025,10
3025,12
3025,20
3025,32
3025,35
3026,14
3026,15
3026,29
3026,40
3027,7
3027,16
3027,19
3027,23
3027,24
3027,30
3027,33
3027,37
3027,39
3028,1
3028,6
3028,17
3028,21
3028,26
3028,27
3028,28
3028,36
3029,2
3029,4
3029,8
3029,13
3029,18
3029,34
3029,38
3029,40
3030,9
3030,20
3030,28
3030,31
3030,33
3030,35
3030,39
3031,3
3031,7
3031,11
3031,12
3031,14
3031,22
3031,36
3032,15
3032,25
3032,29
3032,32
3032,38
3032,40
3033,5
3033,19
3033,33
3033,37
3033,39
3034,4
3034,34
3034,36
3035,2
3035,17
3035,35
3035,40
3038,36
3038,38
3039,28
3039,39
3040,27
3040,40
3041,33
3042,36
3044,39
3045,33
3045,40
3047,36
3050,33
3050,38
3050,40
3051,36
3052,39
3057,36
3058,33
3058,40
3060,34
3064,33
3064,36
3064,40
3065,37
3065,39
3066,34
3066,38
3069,33
3070,40
3073,33
3073,36
3074,38
3074,40
3077,34
3077,39
3077,40
3079,33
3082,40
3084,33
3084,34
3084,38
3086,37
3086,40
3088,33
3088,34
3090,40
3093,33
3093,34
3094,40
3098,33
3098,34
3098,37
3100,40
3102,39
3104,33
3104,40
3105,38
3107,34
3108,40
3112,39
3113,28
3113,33
3114,34
3114,40
3116,35
3118,33
3118,36
3119,40
3120,4
3123,33
3124,37
3124,38
3125,40
3127,21
3129,15
3129,22
3129,34
3131,28
3131,33
3131,36
3131,38
3131,39
3131,40
3132,26
3133,35
3133,37
3134,2
3134,32
3135,13
3136,9
3137,10
3138,12
3138,25
3138,33
3139,1
3139,5
3139,6
3139,7
3139,19
3139,20
3139,30
3139,38
3139,40
3140,3
3140,11
3140,15
3140,24
3140,28
3140,29
3140,34
3140,39
3141,4
3141,8
3141,16
3141,18
3141,23
3141,27
3141,36
3142,7
3142,12
3142,13
3142,14
3142,17
3142,31
3142,33
3142,35
3142,37
3142,38
3142,39
3142,40
3143,1
3143,2
3143,4
3143,9
3143,19
3143,20
3143,21
3143,28
3143,34
3144,5
3144,6
3144,8
3144,29
3144,36
3145,18
3145,25
3145,27
3145,28
3145,30
3145,32
3145,33
3145,39
3145,40
3146,2
3146,4
3146,10
3146,15
3146,16
3146,22
3146,24
3146,31
3146,34
3146,35
3146,38
3147,7
3147,19
3147,23
3148,13
3148,14
3148,33
3148,36
3148,37
3148,39
3148,40
3149,1
3149,3
3149,9
3149,17
3149,28
3149,35
3149,38
3150,6
3150,12
3151,2
3151,34
3152,4
3152,8
3152,38
3152,39
3152,40
3153,28
3153,29
3153,33
3153,36
3155,34
3155,39
3156,40
3158,36
3158,38
3160,39
3161,34
3162,40
3164,33
3164,39
3165,38
3166,34
3169,40
3170,34
3171,38
3171,39
3177,34
3178,38
3178,39
3179,33
3180,40
3184,40
3186,33
3187,34
3188,40
3190,39
3191,34
3191,38
3195,36
3195,40
3198,34
3199,40
3200,38
3202,34
3205,40
3206,34
3208,33
3208,37
3208,39
3210,38
3213,40
3215,34
3215,39
3218,33
3219,40
3220,39
3223,34
3224,39
3225,36
3225,38
3226,40
3227,33
3230,39
3231,40
3232,33
3236,33
3238,20
3238,34
3238,40
3239,39
3242,40
3243,28
3243,33
3243,35
3243,38
3244,36
3246,30
3246,40
3247,37
3249,4
3250,22
3250,39
3251,33
3251,36
3251,40
3252,18
3253,24
3254,35
3255,26
3256,34
3256,38
3256,39
3256,40
3257,8
3257,15
3257,21
3257,28
3257,36
3258,12
3258,27
3260,1
3260,25
3260,33
3260,36
3260,39
3261,4
3261,15
3261,19
3261,35
3261,40
3262,6
3262,9
3262,11
3262,16
3262,31
3262,32
3263,3
3263,5
3263,34
3263,38
3264,7
3264,8
3264,10
3264,13
3264,14
3264,19
3264,23
3264,28
3264,36
3264,37
3264,39
3264,40
3265,2
3265,17
3265,18
3265,27
3265,29
3265,33
3265,35
3266,1
3266,4
3266,6
3266,12
3266,20
3266,39
3267,7
3267,8
3267,9
3267,15
3267,28
3267,30
3267,36
3267,38
3267,40
3268,24
3268,31
3268,33
3268,34
3268,37
3269,19
3269,29
3269,40
3270,13
3270,16
3270,23
3270,35
3270,39
3271,4
3271,17
3271,36
3271,38
3272,28
3272,40
3273,5
3274,27
3274,33
3275,34
3275,38
3275,39
3276,11
3276,40
3278,29
3280,40
3281,36
3282,34
3282,38
3282,39
3284,40
3286,33
3288,34
3289,40
3290,38
3290,39
3291,36
3295,40
3296,39
3297,34
3297,38
3299,36
3301,39
3303,40
3306,39
3307,33
3307,36
3310,40
3312,34
3312,39
3315,38
3317,40
3319,39
3320,34
3320,36
3324,33
3324,38
3327,40
3331,33
3332,34
3332,36
3332,39
3334,40
3336,22
3337,33
3340,40
3341,15
3341,36
3341,39
3342,4
3342,37
3343,12
3343,25
3343,33
3344,38
3345,21
3345,26
3345,34
3347,2
3347,39
3347,40
3348,38
3349,18
3349,28
3350,32
3350,36
3351,8
3351,20
3351,24
3351,33
3352,29
3352,34
3352,35
3352,40
3353,9
3353,14
3354,1
3354,16
3354,23
3354,28
3354,38
3354,39
3355,3
3355,7
3355,10
3355,13
3355,19
3355,36
3355,40
3356,4
3356,6
3356,27
3356,31
3356,33
3356,37
3357,5
3357,28
3357,29
3357,34
3357,39
3358,8
3358,11
3358,15
3358,17
3358,30
3358,35
3358,36
3358,38
3358,40
3359,7
3359,12
3360,4
3360,20
3360,33
3361,1
3361,38
3361,39
3361,40
3362,9
3362,18
3363,34
3363,37
3364,28
3364,29
3364,33
3365,27
3365,40
3366,38
3367,36
3368,33
3369,34
3369,40
3372,33
3373,34
3374,40
3375,39
3377,33
3377,34
3381,40
3383,33
3383,34
3383,36
3385,38
3387,39
3387,40
3390,33
3391,38
3393,36
3395,33
3396,34
3398,38
3399,40
3400,34
3404,39
3405,33
3406,34
3407,40
3410,39
3411,34
3414,40
3415,33
3415,35
3416,34
3416,37
3416,38
3416,39
3418,36
3420,40
3423,33
3423,34
3423,39
3426,36
3427,4
3427,33
3427,38
3427,40
3429,39
3431,34
3431,40
3432,33
3434,28
3436,33
3436,36
3436,39
3436,40
3437,34
3441,25
3441,33
3441,38
3442,40
3443,34
3445,39
3446,37
3447,21
3447,33
3451,40
3452,19
3452,34
3452,36
3453,38
3454,24
3454,33
3454,39
3455,30
3457,16
3457,22
3457,32
3458,35
3458,36
3459,8
3459,14
3459,33
3459,40
3460,9
3460,13
3460,15
3460,27
3460,37
3460,38
3461,2
3461,12
3461,23
3461,26
3461,31
3462,4
3462,6
3462,17
3462,36
3462,39
3463,1
3463,3
3463,5
3463,7
3463,10
3463,11
3463,18
3463,20
3463,28
3463,29
3463,33
3463,34
3463,40
3464,2
3464,8
3464,19
3464,25
3464,35
3464,38
3465,9
3465,12
3465,15
3465,16
3465,21
3465,23
3465,27
3465,28
3465,30
3465,33
3465,36
3465,39
3465,40
3466,4
3466,7
3466,13
3466,24
3466,29
3466,31
3466,32
3466,34
3466,37
3467,3
3467,6
3467,18
3467,26
3467,35
3467,36
3468,1
3468,5
3468,8
3468,11
3468,15
3468,19
3468,20
3468,22
3468,28
3468,33
3468,38
3468,39
3468,40
3469,2
3469,14
3469,17
3469,37
3470,4
3470,9
3470,25
3470,29
3470,33
3470,36
3471,7
3471,12
3471,27
3471,28
3471,34
3471,39
3472,35
3472,38
3472,40
3473,4
3474,36
3475,33
3475,39
3476,38
3476,40
3477,6
3480,40
3481,38
3481,39
3482,36
3483,34
3483,40
3484,33
3487,38
3487,40
3491,40
3492,38
3494,33
3494,34
3495,39
3496,40
3501,38
3502,40
3503,33
3504,36
3506,34
3506,40
3509,33
3510,38
3511,36
3512,40
3513,39
3517,33
3519,36
3520,40
3521,39
3522,37
3523,33
3528,40
3529,36
3531,34
3531,39
3533,38
3538,33
3538,38
3538,40
3541,39
3543,34
3547,33
3547,36
3547,38
3548,40
3549,39
3553,38
3553,40
3557,33
3557,36
3558,40
3559,34
3559,39
3560,37
3562,40
3565,33
3567,28
3567,40
3569,18
3569,33
3570,4
3570,34
3570,39
3571,22
3571,36
3571,40
3572,13
3572,38
3573,8
3574,3
3574,11
3574,28
3574,33
3574,35
3574,40
3575,21
3575,30
3575,34
3575,39
3576,1
3576,12
3576,37
3577,16
3577,19
3577,27
3577,38
3578,24
3578,28
3578,40
3579,4
3579,9
3579,10
3579,25
3579,33
3579,34
3579,39
3580,6
3580,14
3580,17
3580,31
3580,32
3580,35
3580,36
3581,2
3581,7
3581,8
3581,20
3581,23
3581,40
3582,15
3582,29
3582,38
3582,39
3583,4
3583,12
3583,18
3583,19
3583,28
3583,33
3583,34
3583,36
3584,5
3584,24
3584,26
3584,27
3584,35
3584,37
3584,40
3585,1
3585,13
3585,38
3585,39
3586,4
3587,28
3587,33
3587,40
3588,34
3588,36
3588,38
3589,30
3590,7
3590,40
3592,38
3592,39
3594,33
3594,34
3594,40
3596,15
3598,40
3599,33
3599,34
3599,38
3602,40
3603,34
3604,39
3607,40
3608,33
3609,34
3609,38
3610,39
3611,40
3614,34
3614,40
3616,38
3618,34
3618,40
3619,33
3623,34
3623,40
3625,33
3625,38
3627,39
3627,40
3631,36
3631,38
3632,33
3632,34
3632,39
3632,40
3637,39
3638,38
3639,36
3639,40
3640,33
3643,34
3644,33
3645,39
3647,29
3647,40
3648,38
3649,33
3651,39
3651,40
3653,28
3653,33
3653,36
3655,40
3657,33
3658,39
3659,40
3660,34
3660,37
3661,3
3661,22
3662,33
3662,38
3665,15
3665,40
3666,33
3666,36
3666,39
3668,37
3669,38
3670,27
3671,16
3671,32
3671,33
3671,40
3675,8
3675,25
3676,4
3676,6
3676,36
3676,39
3677,1
3677,21
3677,28
3677,33
3677,34
3677,40
3678,5
3678,12
3678,14
3678,24
3678,38
3679,9
3679,17
3679,19
3679,20
3679,23
3679,26
3679,29
3679,35
3680,10
3680,13
3680,18
3680,39
3680,40
3681,2
3681,4
3681,7
3681,8
3681,11
3681,28
3681,30
3681,31
3681,33
3681,34
3681,36
3681,37
3681,38
3682,1
3682,6
3682,15
3682,19
3683,9
3683,16
3683,21
3683,22
3683,27
3683,29
3683,35
3683,39
3683,40
3684,3
3684,4
3684,12
3684,17
3684,23
3684,24
3684,28
3684,32
3684,33
3684,34
3684,36
3684,38
3685,2
3685,5
3685,7
3685,8
3685,18
3686,13
3686,15
3686,19
3686,28
3686,31
3686,37
3686,39
3686,40
3687,4
3687,11
3687,20
3687,25
3687,26
3687,33
3687,35
3687,36
3687,38
3688,6
3688,14
3688,27
3688,29
3688,34
3689,39
3689,40
3690,7
3690,38
3691,10
3691,12
3691,30
3691,33
3691,34
3692,28
3692,36
3693,39
3694,40
3696,33
3697,37
3698,34
3698,36
3698,39
3699,38
3700,40
3701,33
3705,34
3705,39
3705,40
3706,33
3706,36
3711,39
3713,40
3714,33
3714,34
3714,38
3717,40
3718,36
3719,33
3719,34
3721,40
3722,39
3723,35
3723,38
3724,33
3725,34
3725,36
3727,40
3728,38
3729,33
3732,40
3733,36
3734,33
3734,34
3734,38
3737,40
3740,38
3741,33
3741,39
3741,40
3742,36
3745,40
3746,38
3749,33
3749,40
3751,39
3754,38
3755,40
3757,33
3757,34
3758,37
3761,40
3762,36
3763,38
3764,39
3765,33
3766,34
3769,40
3771,38
3772,34
3772,39
3773,40
3776,28
3777,40
3778,34
3780,40
3781,29
3781,33
3781,37
3781,38
3782,4
3783,13
3783,34
3783,39
3784,2
3784,25
3784,28
3784,32
3784,40
3785,3
3785,33
3786,8
3786,34
3787,19
3787,40
3788,1
3788,4
3788,12
3788,15
3788,16
3788,35
3789,5
3789,7
3789,14
3789,18
3789,30
3789,36
3789,37
3789,38
3789,39
3790,10
3790,22
3790,27
3790,33
3790,34
3790,40
3791,2
3791,6
3791,11
3791,20
3791,23
3791,24
3791,28
3791,35
3792,4
3792,9
3792,15
3792,17
3792,21
3792,26
3792,31
3792,40
3793,8
3793,13
3793,19
3793,28
3793,29
3793,33
3793,34
3793,38
3793,39
3794,1
3794,2
3794,5
3794,7
3794,18
3794,23
3794,35
3794,36
3794,37
3794,40
3795,12
3795,16
3795,20
3795,22
3795,24
3795,25
3795,27
3795,30
3795,32
3796,3
3796,4
3796,10
3796,14
3796,28
3796,33
3796,38
3796,39
3797,6
3797,9
3797,15
3797,31
3797,34
3797,35
3797,36
3797,40
3798,2
3798,7
3798,8
3798,12
3798,17
3798,19
3798,21
3798,29
3799,11
3799,33
3799,37
3799,38
3799,39
3799,40
3800,26
3800,27
3801,18
3801,28
3801,34
3801,35
3801,36
3802,4
3802,23
3803,40
3804,33
3804,38
3805,39
3806,34
3807,40
3809,39
3810,33
3810,34
3811,40
3814,40
3815,34
3815,39
3818,40
3819,34
3820,33
3821,39
3822,38
3822,40
3824,34
3825,40
3829,34
3829,40
3830,38
3830,39
3834,33
3834,34
3835,40
3839,34
3839,40
3842,36
3843,40
3844,33
3844,39
3848,34
3848,38
3851,40
3852,34
3853,33
3853,36
3856,39
3858,40
3860,34
3863,36
3864,33
3864,39
3864,40
3865,34
3865,38
3870,36
3871,34
3872,40
3873,39
3874,33
3874,38
3879,34
3880,33
3883,36
3884,34
3884,38
3885,35
3886,40
3888,33
3889,36
3890,34
3892,16
3892,39
3893,28
3894,40
3895,33
3895,36
3895,38
3896,8
3896,34
3896,35
3897,29
3900,40
3901,34
3901,37
3902,4
3904,13
3905,28
3906,33
3906,34
3906,39
3906,40
3907,1
3907,30
3907,35
3907,36
3908,38
3909,2
3909,17
3909,25
3909,32
3911,14
3911,24
3911,27
3911,34
3911,40
3912,4
3912,7
3912,9
3912,12
3912,15
3912,19
3912,21
3912,22
3912,38
3913,6
3913,33
3913,36
3913,39
3914,2
3914,5
3914,8
3914,11
3914,18
3914,20
3914,23
3914,28
3914,31
3914,34
3914,35
3914,37
3915,3
3915,10
3915,17
3915,26
3915,38
3915,40
3916,4
3916,7
3916,15
3916,16
3916,19
3916,27
3916,28
3916,29
3917,1
3917,2
3917,9
3917,12
3917,13
3917,24
3917,32
3917,33
3917,34
3917,35
3917,36
3917,39
3918,4
3918,5
3918,6
3918,8
3918,18
3918,23
3918,28
3918,30
3918,31
3918,37
3918,38
3918,40
3919,7
3919,14
3919,15
3919,20
3919,21
3919,25
3919,29
3920,3
3920,11
3920,16
3920,19
3920,22
3920,28
3920,33
3920,34
3920,35
3920,36
3920,38
3920,39
3920,40
3921,1
3921,4
3921,6
3921,9
3921,17
3922,12
3922,13
3922,27
3922,37
3923,15
3923,18
3923,33
3923,34
3923,39
3924,10
3924,23
3924,28
3924,29
3924,36
3924,38
3924,40
3925,8
3925,35
3926,7
3926,33
3927,39
3927,40
3929,36
3930,33
3930,34
3930,38
3935,40
3937,33
3937,36
3938,34
3939,39
3943,33
3944,34
3945,36
3946,39
3946,40
3948,33
3950,38
3952,33
3953,36
3954,40
3957,34
3958,33
3960,38
3963,36
3964,39
3964,40
3965,33
3968,36
3972,33
3972,34
3972,39
3973,40
3976,36
3977,37
3977,40
3979,34
3981,33
3981,38
3981,40
3986,34
3986,40
3987,36
3987,39
3993,40
3996,33
3996,34
3996,38
3996,39
3999,36
3999,40
4006,35
4006,38
4006,39
4006,40
4007,29
4007,36
4009,34
4013,40
4014,38
4014,39
4015,34
4017,33
4017,35
4017,37
4022,40
4023,34
4025,33
4026,40
4028,32
4028,38
4029,4
4029,33
4029,39
4029,40
4032,28
4033,36
4033,40
4034,22
4034,25
4034,33
4034,38
4035,13
4035,39
4036,26
4037,40
4038,12
4038,38
4039,5
4039,11
4039,19
4039,30
4040,2
4040,15
4040,33
4040,34
4040,39
4041,20
4041,27
4041,36
4041,37
4042,1
4042,3
4042,4
4042,9
4042,38
4042,40
4043,6
4043,10
4043,16
4043,17
4043,18
4043,21
4043,24
4043,28
4043,31
4043,33
4043,35
4044,7
4044,8
4044,14
4044,23
4045,1
4045,19
4045,28
4045,29
4045,33
4045,34
4045,36
4045,38
4045,39
4045,40
4046,9
4046,12
4046,13
4046,15
4046,25
4046,27
4046,32
4046,35
4046,37
4047,2
4047,4
4047,6
4047,18
4047,20
4047,21
4047,24
4048,3
4048,5
4048,30
4048,31
4048,39
4048,40
4049,7
4049,8
4049,11
4049,12
4049,15
4049,19
4049,26
4049,28
4049,33
4049,34
4049,35
4049,36
4049,38
4050,4
4050,10
4050,16
4050,17
4050,23
4050,29
4050,37
4051,2
4051,9
4051,28
4051,39
4051,40
4052,20
4052,22
4052,33
4052,35
4052,36
4052,38
4053,7
4053,14
4053,29
4053,34
4054,1
4054,8
4054,19
4054,27
4055,13
4055,18
4055,38
4055,40
4056,33
4056,39
4057,4
4057,36
4057,37
4059,40
4060,38
4061,33
4061,39
4062,35
4063,40
4066,33
4066,40
4067,36
4069,38
4070,39
4070,40
4074,33
4075,40
4076,36
4078,33
4078,38
4080,40
4084,40
4085,33
4085,34
4085,38
4085,39
4086,36
4090,40
4092,33
4093,38
4094,39
4096,40
4097,36
4098,33
4100,40
4101,39
4103,34
4104,33
4104,40
4106,36
4108,40
4110,38
4110,39
4114,36
4114,40
4115,33
4115,34
4117,38
4118,40
4120,39
4121,36
4122,33
4122,40
4123,34
4124,38
4128,40
4129,34
4130,33
4131,38
4133,36
4134,28
4135,33
4135,40
4137,34
4139,37
4140,4
4141,38
4142,33
4143,29
4143,39
4144,21
4144,32
4144,40
4145,36
4147,33
4148,15
4148,34
4149,8
4149,40
4150,38
4151,4
4151,33
4151,39
4152,36
4153,35
4153,40
4155,28
4156,33
4156,40
4158,12
4159,3
4160,16
4160,22
4160,30
4160,33
4160,38
4160,40
4161,11
4161,34
4162,13
4162,19
4162,36
4162,39
4163,4
4163,6
4163,17
4163,23
4163,27
4163,37
4163,40
4164,5
4164,7
4164,24
4164,25
4164,31
4164,33
4165,2
4165,18
4165,28
4165,35
4165,38
4165,39
4165,40
4166,1
4166,8
4166,9
4166,14
4166,15
4166,34
4166,36
4167,4
4167,19
4167,20
4168,10
4168,26
4168,33
4168,40
4169,12
4169,21
4169,28
4169,29
4169,35
4169,38
4169,39
4170,6
4170,32
4170,36
4171,7
4171,16
4171,33
4171,37
4171,40
4172,34
4174,4
4175,36
4175,38
4175,39
4175,40
4176,33
4181,33
4181,40
4183,34
4184,36
4187,38
4187,40
4190,39
4191,33
4191,34
4192,36
4195,40
4196,33
4199,34
4200,38
4201,40
4202,33
4207,40
4208,36
4210,34
4210,37
4210,38
4210,39
4211,33
4217,33
4218,36
4219,38
4219,40
4224,35
4224,39
4226,33
4227,34
4231,29
4231,33
4233,40
4235,33
4235,34
4236,2
4236,36
4236,39
4237,28
4237,38
4240,13
4241,34
4242,4
4242,9
4242,33
4242,39
4242,40
4243,24
4243,35
4243,37
4245,36
4246,8
4246,18
4246,38
4247,30
4248,21
4248,27
4248,33
4248,34
4249,28
4250,22
4250,39
4250,40
4251,38
4252,4
4252,7
4252,23
4252,35
4253,15
4253,17
4254,1
4254,6
4254,33
4254,34
4255,11
4255,14
4255,28
4255,29
4255,36
4255,38
4255,39
4255,40
4256,2
4256,5
4256,12
4256,13
4256,19
4256,25
4256,35
4257,3
4257,20
4257,31
4257,37
4258,4
4258,16
4258,26
4258,34
4258,39
4259,7
4259,8
4259,10
4259,15
4259,19
4259,27
4259,33
4259,38
4259,40
4260,2
4260,6
4260,9
4260,18
4260,23
4260,28
4260,32
4260,35
4260,36
4261,1
4261,5
4261,39
4261,40
4262,4
4262,12
4262,33
4262,34
4262,37
4263,8
4263,20
4263,24
4263,25
4263,28
4263,29
4263,30
4263,36
4264,35
4265,7
4265,38
4265,39
4265,40
4266,31
4266,33
4267,34
4271,15
4272,40
4273,33
4273,39
4280,36
4280,40
4281,34
4282,39
4286,36
4287,39
4288,34
4288,40
4291,33
4292,38
4292,39
4293,34
4294,36
4295,40
4300,33
4300,34
4300,39
4301,36
4302,40
4306,33
4307,36
4307,40
4309,37
4310,34
4312,33
4313,40
4314,36
4315,34
4316,33
4316,39
4318,40
4319,36
4321,33
4321,39
4324,40
4325,33
4325,36
4328,38
4328,39
4330,33
4330,40
4333,36
4336,33
4336,40
4339,34
4339,38
4339,39
4341,22
4342,37
4344,36
4345,33
4345,34
4349,17
4349,40
4351,34
4352,4
4352,39
4353,28
4353,33
4354,8
4354,36
4354,38
4355,40
4356,2
4356,14
4357,24
4358,32
4358,35
4359,19
4359,29
4359,33
4360,5
4360,10
4360,13
4360,16
4360,21
4360,27
4360,34
4361,1
4361,6
4361,9
4361,15
4361,18
4361,25
4361,28
4361,36
4361,37
4361,38
4361,39
4362,3
4362,7
4362,11
4362,20
4362,26
4362,30
4362,35
4362,40
4363,4
4363,8
4363,12
4363,23
4363,29
4363,31
4363,33
4363,34
4364,19
4364,28
4364,32
4364,38
4364,39
4365,2
4365,5
4365,9
4365,13
4365,17
4365,21
4365,27
4365,36
4365,37
4365,40
4366,4
4366,6
4366,7
4366,35
4367,1
4367,14
4367,15
4367,16
4367,18
4367,24
4367,33
4368,8
4368,12
4368,22
4368,28
4368,29
4368,34
4368,39
4368,40
4369,3
4369,33
4369,36
4369,38
4370,2
4370,19
4370,20
4370,25
4370,31
4370,35
4370,37
4371,4
4371,10
4371,15
4371,39
4372,40
4373,23
4373,33
4373,38
4374,34
4374,39
4379,39
4379,40
4382,33
4383,36
4383,38
4386,40
4388,34
4389,39
4390,38
4391,40
4396,39
4396,40
4398,34
4399,33
4399,38
4401,40
4403,39
4404,40
4405,33
4408,39
4408,40
4411,33
4412,36
4412,37
4414,40
4415,39
4416,34
4419,33
4419,40
4420,38
4422,36
4425,33
4425,34
4425,40
4427,39
4429,40
4430,33
4430,36
4435,40
4436,33
4436,35
4437,38
4438,34
4439,40
4441,36
4443,33
4444,40
4445,39
4448,4
4448,35
4448,37
4449,40
4451,33
4452,40
4453,28
4453,38
4455,34
4455,40
4459,38
4459,40
4460,30
4462,39
4463,38
4464,33
4464,40
4465,15
4465,34
4467,27
4468,38
4468,40
4470,11
4470,29
4471,32
4472,18
4472,34
4472,39
4473,1
4473,7
4473,21
4473,26
4473,33
4473,38
4474,4
4474,8
4474,9
4474,28
4474,35
4474,36
4474,40
4475,2
4475,6
4475,12
4475,13
4475,14
4475,19
4475,23
4475,29
4475,37
4476,15
4476,16
4476,22
4476,33
4476,38
4476,39
4477,3
4477,4
4477,5
4477,7
4477,10
4477,17
4477,20
4477,24
4477,28
4477,31
4477,34
4477,35
4477,36
4477,40
4478,6
4478,8
4478,18
4478,19
4478,25
4478,27
4479,1
4479,9
4479,23
4479,28
4479,29
4479,30
4479,33
4479,37
4479,38
4479,39
4479,40
4480,2
4480,4
4480,7
4480,11
4480,12
4480,13
4480,16
4480,21
4480,24
4480,34
4480,35
4480,36
4481,15
4481,31
4481,32
4482,3
4482,5
4482,8
4482,17
4482,20
4482,26
4482,28
4482,33
4482,35
4482,38
4482,39
4482,40
4483,2
4483,14
4483,18
4483,19
4483,36
4484,4
4484,25
4484,27
4484,34
4484,37
4485,7
4485,22
4485,28
4485,33
4485,40
4486,6
4486,29
4486,38
4486,39
4487,9
4487,12
4487,34
4487,35
4487,36
4490,39
4491,40
4492,34
4493,33
4495,39
4497,34
4500,36
4500,39
4502,40
4503,34
4505,38
4507,34
4508,39
4508,40
4509,33
4513,40
4514,34
4518,33
4518,39
4519,34
4519,38
4519,40
4520,36
4523,40
4526,34
4526,39
4528,40
4531,34
4532,39
4534,36
4534,38
4535,34
4535,40
4540,34
4540,39
4541,36
4542,40
4545,35
4546,40
4547,34
4547,39
4548,33
4549,38
4550,36
4551,40
4555,37
4555,38
4556,34
4556,39
4557,40
4558,36
4562,38
4565,34
4565,39
4566,10
4566,40
4567,33
4568,36
4569,38
4570,34
4571,40
4574,34
4575,38
4576,28
4577,39
4577,40
4578,15
4580,4
4580,33
4580,34
4582,32
4582,38
4583,37
4583,40
4584,35
4585,34
4586,8
4586,13
4586,16
4586,28
4587,39
4588,21
4588,38
4589,1
4589,19
4589,34
4589,35
4589,36
4589,40
4590,18
4590,20
4591,4
4591,7
4591,14
4591,17
4591,24
4591,33
4592,3
4592,12
4592,31
4592,37
4592,38
4592,39
4593,22
4593,23
4593,27
4593,28
4593,29
4593,34
4593,36
4593,40
4594,2
4594,6
4594,8
4594,33
4595,5
4595,9
4595,15
4595,19
4595,25
4595,26
4595,39
4596,4
4596,11
4596,28
4596,30
4596,34
4596,35
4596,38
4596,40
4597,33
4597,37
4598,7
4598,13
4598,36
4598,39
4600,1
4600,31
4600,40
4601,2
4601,16
4602,10
4602,20
4602,36
4602,38
4603,29
4603,34
4603,39
4605,12
4605,33
4606,40
4607,39
4612,33
4612,36
4613,39
4615,34
4616,40
4618,33
4620,34
4620,39
4621,40
4624,33
4624,38
4626,40
4627,39
4628,34
4630,33
4632,39
4633,36
4633,40
4636,33
4637,39
4639,34
4640,40
4644,34
4644,36
4645,33
4645,39
4646,38
4648,35
4650,40
4651,33
4652,39
4653,34
4655,40
4657,33
4658,37
4658,39
4659,40
4662,33
4662,36
4663,34
4664,39
4665,40
4668,39
4669,40
4670,33
4671,34
4672,25
4672,40
4673,4
4673,38
4673,39
4676,40
4677,39
4678,33
4679,22
4679,28
4681,18
4681,39
4681,40
4682,12
4682,33
4682,34
4682,36
4682,38
4683,4
4683,30
4684,14
4684,24
4684,39
4685,23
4685,29
4685,35
4686,8
4686,11
4686,27
4686,40
4687,33
4687,39
4688,1
4688,2
4688,4
4688,9
4688,21
4688,28
4688,36
4689,6
4689,13
4689,16
4689,17
4689,19
4689,38
4690,5
4690,7
4690,26
4690,31
4690,32
4690,34
4690,37
4691,3
4691,8
4691,10
4691,15
4691,20
4691,28
4691,33
4691,35
4691,36
4691,39
4691,40
4692,2
4692,4
4692,12
4692,19
4692,23
4692,24
4692,29
4692,38
4693,1
4693,6
4693,9
4693,18
4693,25
4693,27
4693,33
4693,37
4694,7
4694,22
4694,28
4694,34
4694,36
4694,39
4694,40
4695,4
4695,13
4695,16
4695,35
4695,38
4696,5
4696,8
4696,14
4696,19
4696,21
4696,29
4696,30
4696,32
4696,33
4697,3
4697,12
4697,15
4697,17
4697,20
4697,36
4697,39
4697,40
4698,11
4698,31
4698,33
4699,4
4699,28
4699,34
4699,35
4699,37
4699,38
4699,39
4700,2
4700,7
4700,27
4701,29
4701,36
4701,40
4703,39
4704,33
4704,38
4704,40
4707,34
4707,36
4708,40
4711,38
4711,39
4712,40
4713,34
4716,39
4716,40
4717,38
4718,33
4719,36
4719,40
4723,39
4723,40
4724,38
4725,34
4726,36
4728,40
4729,39
4731,38
4732,36
4733,40
4734,39
4737,34
4737,36
4738,33
4738,40
4739,39
4741,38
4742,33
4744,36
4745,40
4748,39
4750,33
4750,36
4750,38
4755,40
4758,33
4758,38
4760,37
4760,40
4761,36
4765,40
4767,33
4767,39
4768,40
4770,35
4770,36
4771,34
4771,38
4772,40
4777,34
4777,40
4778,38
4781,39
4781,40
4782,33
4782,36
4786,34
4786,40
4787,39
4791,33
4791,34
4791,36
4792,39
4793,38
4794,40
4798,39
4799,33
4799,34
4801,40
4802,36
4803,38
4808,38
4808,39
4809,22
4810,34
4810,40
4811,36
4812,26
4814,15
4814,38
4815,33
4815,37
4815,39
4816,12
4816,30
4816,34
4817,9
4817,17
4817,32
4817,40
4818,1
4818,28
4819,4
4819,8
4819,35
4820,2
4820,5
4820,7
4820,13
4820,18
4820,19
4820,20
4820,21
4820,27
4820,33
4820,34
4820,38
4821,6
4821,10
4821,14
4821,23
4821,24
4821,25
4821,28
4821,29
4821,31
4821,36
4821,39
4822,3
4822,7
4822,11
4822,15
4822,16
4822,35
4822,40
4823,1
4823,2
4823,4
4823,8
4823,9
4823,12
4823,18
4823,20
4823,30
4823,33
4823,34
4823,36
4823,37
4823,38
4823,39
4824,5
4824,13
4824,17
4824,19
4824,23
4824,26
4824,27
4824,28
4824,29
4824,32
4825,4
4825,6
4825,21
4825,22
4825,40
4826,1
4826,7
4826,8
4826,12
4826,15
4826,16
4826,24
4826,25
4826,28
4826,29
4826,31
4826,33
4826,34
4826,35
4826,36
4826,38
4826,39
4827,2
4827,3
4827,10
4827,11
4827,13
4827,14
4827,19
4827,37
4828,9
4828,18
4828,39
4828,40
4829,4
4829,5
4829,20
4829,27
4829,28
4829,33
4829,34
4829,35
4829,36
4829,38
4830,6
4830,15
4831,8
4831,29
4831,37
4831,39
4831,40
4832,32
4833,28
4833,33
4833,38
4835,34
4835,39
4835,40
4839,33
4839,39
4840,36
4840,40
4842,34
4846,40
4847,38
4847,39
4849,33
4851,34
4851,40
4855,33
4856,40
4858,38
4859,36
4860,39
4862,40
4865,33
4866,39
4867,34
4869,40
4872,34
4872,39
4874,33
4874,38
4874,40
4877,34
4880,40
4881,34
4882,39
4883,33
4886,40
4887,34
4889,36
4891,37
4893,39
4893,40
4896,38
4897,33
4897,34
4897,36
4901,40
4904,33
4905,34
4905,36
4906,40
4907,39
4908,38
4912,34
4913,4
4913,39
4915,38
4916,28
4916,33
4916,35
4919,36
4920,40
4921,24
4921,34
4925,38
4925,39
4926,22
4926,34
4927,35
4927,36
4927,40
4930,30
4931,15
4931,33
4932,23
4933,34
4933,38
4933,40
4934,36
4934,37
4935,2
4935,27
4935,28
4935,35
4936,19
4936,33
4939,28
4940,4
4940,6
4940,16
4940,31
4940,34
4940,39
4941,1
4941,3
4941,5
4941,7
4941,8
4941,13
4941,14
4941,25
4941,33
4941,35
4941,36
4941,38
4941,40
4942,9
4942,12
4942,18
4943,4
4943,11
4943,20
4943,28
4943,29
4943,39
4943,40
4944,10
4944,15
4944,17
4944,19
4944,21
4944,26
4944,33
4944,37
4944,38
4945,2
4945,7
4945,23
4945,24
4945,32
4945,34
4945,36
4946,8
4946,27
4946,28
4946,33
4946,35
4946,39
4946,40
4947,1
4947,4
4947,6
4947,12
4947,22
4947,29
4947,30
4948,9
4948,13
4948,16
4948,25
4948,37
4948,38
4949,14
4949,18
4949,31
4949,33
4949,34
4949,36
4949,39
4949,40
4950,15
4951,3
4951,4
4951,5
4951,20
4951,21
4951,29
4951,35
4952,11
4952,12
4952,28
4952,33
4952,38
4953,19
4953,40
4954,2
4954,15
4954,17
4954,34
4954,36
4954,39
4955,33
4955,37
4956,40
4957,7
4959,39
4959,40
4960,33
4960,34
4962,38
4964,40
4967,33
4968,34
4968,39
4969,40
4972,36
4973,33
4975,34
4975,40
4977,39
4979,34
4979,40
4980,38
4982,33
4984,40
4985,34
4988,36
4988,40
4990,34
4990,38
4992,39
4993,33
4993,40
4998,34
4998,39
4998,40
