11,1
11,7
12,9
12,10
13,2
14,3
14,4
15,6
15,8
16,5
17,9
17,10
18,1
18,2
21,3
22,9
24,10
26,2
28,9
33,10
36,9
39,10
43,9
46,10
49,9
52,10
58,9
59,2
60,10
64,3
66,5
67,9
67,10
68,2
73,9
75,10
77,8
79,1
81,10
82,2
82,9
88,9
89,4
90,6
92,7
94,10
95,9
101,10
106,9
108,2
111,9
111,10
117,9
119,10
123,9
127,10
130,9
133,10
134,2
137,9
139,3
139,10
140,5
141,2
147,1
147,6
147,8
148,2
148,9
149,4
149,10
151,3
154,7
155,10
157,9
161,1
164,9
164,10
171,10
173,9
179,9
181,10
186,9
192,10
196,9
199,10
204,9
207,10
209,9
214,9
215,10
220,10
221,5
221,9
225,10
226,2
227,8
228,9
229,1
229,3
231,2
232,4
232,10
233,6
233,9
236,7
237,10
238,9
244,10
246,9
248,1
251,10
253,9
256,2
258,9
261,10
263,2
265,9
268,3
271,9
276,10
279,9
286,10
289,9
296,2
298,9
298,10
300,8
303,5
305,10
306,6
307,9
308,3
309,7
311,1
311,2
311,4
314,9
317,10
320,2
320,9
329,9
329,10
336,9
336,10
341,10
342,9
346,10
351,10
352,9
357,10
362,10
365,2
366,9
367,10
370,3
372,10
376,9
378,5
378,10
382,10
386,9
387,10
388,8
390,1
391,6
392,2
393,9
393,10
394,4
397,10
401,1
401,9
402,10
406,10
407,9
409,2
411,10
412,9
415,10
419,10
420,9
421,2
424,10
426,9
429,7
430,10
431,3
435,10
438,9
440,10
447,10
448,9
454,9
458,10
459,9
460,5
464,9
467,10
469,4
470,2
472,1
472,9
473,10
474,3
474,8
478,9
481,2
481,6
482,10
483,9
489,10
494,9
497,10
505,9
510,10
512,1
512,7
512,9
516,10
519,9
521,3
525,10
527,2
528,5
528,8
528,9
534,4
535,10
538,9
545,9
547,10
554,9
556,2
562,10
563,1
564,9
565,3
566,6
568,10
569,2
570,9
574,10
578,9
579,7
581,10
587,9
590,10
596,10
602,9
602,10
604,5
606,10
611,8
612,10
613,1
614,9
616,2
617,4
617,10
618,3
621,1
621,9
623,10
624,6
628,2
629,10
631,9
635,10
639,10
641,9
644,10
648,9
650,10
653,3
655,9
655,10
663,10
667,9
668,7
675,10
676,2
676,3
676,9
680,9
684,10
685,4
686,9
687,5
692,1
693,8
694,10
695,9
704,9
707,10
709,1
710,9
712,6
715,10
716,3
717,2
720,9
722,10
729,10
731,9
737,10
740,2
743,10
744,9
748,10
750,2
750,9
755,10
756,5
759,9
760,3
762,10
763,7
765,2
766,1
766,8
768,4
768,9
770,2
770,6
770,10
773,3
773,9
777,1
779,10
785,9
788,10
794,9
796,10
801,9
809,2
811,9
813,10
816,3
816,9
819,10
821,2
823,9
824,1
825,10
829,7
829,9
831,10
834,3
836,5
836,9
836,10
840,10
845,9
845,10
847,6
848,8
850,10
851,4
852,2
852,9
856,10
861,9
867,10
872,9
873,3
877,10
886,10
889,9
893,10
894,7
894,9
895,2
899,9
899,10
902,5
904,10
908,9
910,1
910,10
913,9
916,2
918,8
918,10
920,9
922,3
922,4
925,10
927,9
929,1
931,10
932,9
936,2
936,6
939,9
940,10
952,10
958,10
961,9
963,10
964,2
967,9
969,10
972,5
974,10
978,9
980,10
985,10
987,9
988,3
989,4
992,1
992,10
994,7
994,8
995,9
997,2
998,6
998,10
1000,9
1003,10
1006,3
1006,9
1009,2
1009,10
1013,9
1017,10
1020,9
1022,10
1026,9
1028,10
1034,9
1034,10
1037,5
1039,1
1041,2
1041,10
1042,9
1048,10
1052,9
1058,10
1063,9
1065,10
1069,8
1071,2
1071,9
1071,10
1075,10
1077,3
1079,9
1080,10
1083,7
1085,4
1085,9
1085,10
1087,6
1089,10
1090,9
1093,1
1093,10
1095,9
1098,10
1099,9
1102,2
1104,9
1104,10
1108,10
1110,9
1113,10
1114,2
1116,9
1118,5
1118,10
1123,10
1124,9
1127,3
1129,10
1133,9
1134,8
1137,10
1142,2
1143,9
1146,10
1148,1
1148,3
1149,7
1152,9
1153,6
1153,10
1154,2
1156,4
1157,1
1158,9
1158,10
1165,9
1169,9
1170,10
1176,9
1178,10
1183,9
1187,10
1191,2
1195,3
1195,9
1196,10
1198,5
1200,9
1202,8
1202,10
1204,9
1205,2
1208,9
1211,10
1212,9
1216,9
1216,10
1222,9
1222,10
1225,1
1228,10
1230,9
1235,4
1237,9
1237,10
1240,6
1242,7
1245,3
1245,9
1245,10
1250,8
1251,2
1253,10
1255,9
1262,10
1263,5
1266,1
1268,9
1269,10
1272,2
1273,9
1278,10
1281,9
1290,10
1291,9
1292,3
1296,10
1298,9
1299,2
1304,4
1304,9
1304,10
1308,2
1309,9
1310,10
1313,6
1316,9
1316,10
1317,7
1323,9
1328,10
1332,9
1333,2
1336,1
1338,10
1339,5
1340,9
1341,3
1341,8
1343,10
1344,2
1345,9
1348,4
1350,10
1351,9
1355,10
1356,9
1360,10
1361,9
1365,10
1369,9
1370,10
1374,9
1378,10
1379,9
1385,9
1385,10
1392,9
1392,10
1397,10
1399,9
1400,1
1400,3
1401,10
1402,8
1404,6
1405,2
1405,9
1406,10
1408,5
1411,3
1411,4
1411,10
1417,9
1419,10
1422,9
1424,7
1428,9
1429,10
1432,9
1434,10
1436,9
1441,9
1442,10
1444,2
1446,9
1448,1
1450,10
1452,9
1457,3
1461,10
1462,9
1465,2
1467,9
1469,10
1473,5
1474,9
1478,8
1479,6
1479,10
1480,9
1483,2
1484,3
1485,7
1486,9
1487,4
1488,10
1489,1
1495,9
1495,10
1501,9
1502,10
1508,9
1511,2
1511,10
1516,9
1522,10
1527,9
1532,10
1533,2
1535,9
1539,1
1540,10
1541,2
1542,9
1546,9
1550,5
1550,10
1552,3
1552,9
1556,8
1557,9
1559,4
1560,10
1561,6
1562,9
1565,10
1566,9
1568,2
1569,9
1572,10
1574,9
1580,9
1580,10
1586,9
1589,7
1590,9
1590,10
1595,9
1595,10
1601,9
1601,10
1602,3
1603,1
1606,9
1607,10
1609,2
1613,10
1614,9
1616,5
1619,6
1620,9
1620,10
1621,4
1626,9
1626,10
1631,8
1631,10
1632,3
1635,2
1636,9
1636,10
1642,10
1644,9
1648,10
1650,9
1653,10
1655,9
1660,10
1661,9
1667,2
1668,9
1668,10
1672,3
1675,10
1676,9
1677,1
1681,2
1681,7
1684,10
1685,9
1687,4
1687,6
1689,8
1690,9
1691,1
1691,5
1691,10
1695,9
1697,10
1702,9
1702,10
1707,10
1710,9
1715,10
1718,9
1722,3
1722,10
1726,2
1730,1
1730,9
1731,10
1739,9
1739,10
1747,9
1750,4
1750,10
1752,9
1758,9
1759,10
1760,2
1762,5
1762,8
1762,9
1765,3
1767,2
1767,9
1768,10
1769,6
1769,7
1771,1
1772,9
1773,10
1778,10
1779,9
1784,10
1788,9
1789,10
1797,10
1800,9
1806,10
1808,2
1810,9
1816,10
1823,3
1825,9
1825,10
1826,4
1827,7
1831,8
1831,10
1833,1
1834,9
1835,3
1838,2
1839,10
1840,6
1843,5
1843,9
1848,10
1856,9
1860,10
1862,2
1866,9
1866,10
1872,9
1876,10
1878,1
1878,2
1878,9
1884,9
1885,2
1886,10
1888,9
1890,4
1893,9
1893,10
1894,3
1894,5
1897,1
1897,9
1898,10
1900,8
1902,9
1904,2
1906,9
1907,10
1910,6
1910,9
1914,10
1915,9
1921,9
1922,10
1925,9
1928,10
1932,9
1933,10
1937,9
1940,3
1940,10
1942,9
1946,1
1946,10
1947,7
1948,9
1952,10
1956,9
1961,10
1962,2
1962,9
1968,9
1970,10
1972,4
1977,9
1977,10
1980,5
1981,8
1982,9
1983,2
1985,6
1985,10
1986,1
1986,3
1987,9
1989,10
1991,9
1995,2
1995,10
1996,9
2002,9
2002,10
2010,9
2011,10
2016,10
2018,9
2021,2
2021,10
2024,9
2025,10
2030,10
2031,8
2032,9
2035,4
2037,10
2040,9
2041,2
2043,10
2048,6
2049,3
2049,5
2049,10
2050,9
2054,10
2055,1
2057,9
2059,7
2060,10
2066,9
2068,10
2072,9
2076,10
2083,10
2084,9
2092,10
2094,2
2094,9
2096,3
2101,10
2102,1
2103,8
2103,9
2107,10
2108,2
2110,4
2112,10
2113,3
2113,9
2114,5
2119,10
2123,9
2126,10
2129,9
2131,6
2134,10
2136,9
2141,2
2145,10
2146,1
2146,9
2148,7
2152,9
2156,10
2160,9
2162,10
2169,9
2170,10
2174,9
2177,2
2178,10
2179,9
2180,3
2185,8
2186,1
2186,10
2188,9
2189,2
2190,4
2192,10
2193,5
2194,9
2200,10
2208,9
2208,10
2217,9
2219,10
2225,10
2227,2
2228,6
2228,9
2230,10
2231,3
2234,9
2236,1
2236,10
2238,7
2239,2
2240,9
2240,10
2245,10
2246,9
2250,10
2252,9
2256,10
2257,9
2260,8
2263,9
2267,2
2268,4
2268,10
2269,5
2270,9
2273,1
2273,10
2276,3
2276,9
2281,10
2282,9
2287,9
2295,9
2295,10
2298,2
2301,9
2303,3
2303,10
2307,2
2307,9
2311,9
2312,10
2319,9
2320,10
2325,1
2325,9
2329,10
2330,6
2331,7
2333,9
2335,5
2336,8
2337,4
2339,3
2340,10
2342,9
2348,9
2349,10
2355,10
2357,9
2359,2
2362,10
2365,9
2367,2
2371,9
2373,10
2374,2
2378,1
2379,3
2380,9
2383,10
2388,9
2396,9
2396,10
2398,7
2400,6
2401,9
2402,4
2404,10
2405,8
2407,9
2409,1
2409,5
2411,3
2412,2
2412,10
2413,9
2422,9
2422,10
2430,10
2432,9
2436,10
2440,9
2446,9
2447,10
2453,3
2454,9
2455,10
2459,2
2460,9
2465,9
2465,10
2466,1
2467,4
2469,9
2470,2
2470,10
2474,8
2474,9
2475,6
2477,5
2477,7
2478,9
2479,10
2484,9
2485,3
2489,2
2491,9
2491,10
2496,9
2499,10
2503,9
2505,10
2511,9
2513,10
2519,9
2521,10
2527,9
2531,10
2532,1
2534,9
2539,2
2539,10
2543,9
2547,5
2549,4
2549,9
2549,10
2551,8
2552,3
2554,9
2555,2
2559,9
2562,6
2563,10
2564,1
2565,7
2565,9
2569,10
2576,9
2577,10
2583,10
2587,9
2589,2
2592,10
2596,9
2598,10
2600,3
2604,10
2608,9
2611,10
2614,9
2618,8
2620,3
2621,2
2622,4
2622,5
2622,10
2623,9
2627,6
2628,10
2631,9
2636,7
2636,10
2638,3
2638,9
2640,1
2642,10
2643,2
2646,9
2648,10
2655,9
2656,10
2663,9
2663,10
2670,9
2671,10
2680,9
2682,10
2683,2
2688,8
2688,9
2690,10
2695,3
2696,2
2696,9
2696,10
2700,5
2702,10
2703,9
2705,1
2705,6
2707,10
2708,9
2709,7
2710,4
2714,3
2714,10
2715,1
2716,9
2717,2
2718,10
2724,9
2725,10
2729,9
2731,10
2735,9
2739,10
2742,9
2747,9
2748,10
2753,9
2754,2
2757,9
2759,10
2760,8
2764,9
2766,5
2767,4
2767,10
2768,2
2769,9
2771,3
2774,10
2778,6
2780,9
2781,10
2782,1
2786,9
2790,2
2791,7
2791,9
2792,10
2798,9
2800,10
2806,9
2807,10
2812,9
2816,8
2818,9
2818,10
2820,2
2823,9
2825,10
2826,1
2826,3
2827,9
2829,4
2829,10
2832,9
2834,10
2835,2
2837,6
2837,9
2840,10
2842,9
2844,5
2848,9
2848,10
2854,9
2859,9
2860,10
2864,9
2868,9
2873,9
2873,10
2878,2
2879,9
2882,10
2885,9
2887,3
2887,10
2891,8
2892,9
2893,1
2893,10
2895,2
2895,4
2897,9
2898,7
2900,5
2900,10
2903,2
2904,6
2904,9
2906,3
2907,9
2907,10
2912,9
2914,2
2917,9
2923,10
2928,9
2929,10
2935,9
2935,10
2944,10
2945,9
2952,3
2953,10
2955,2
2956,7
2957,9
2959,1
2963,8
2963,10
2964,4
2964,9
2966,2
2966,5
2968,9
2970,6
2971,10
2974,9
2978,10
2979,9
2984,9
2987,10
2990,9
2993,10
2996,9
3000,10
3001,9
3006,9
3006,10
3011,9
3014,10
3017,3
3018,9
3021,2
3022,9
3023,10
3027,9
3030,4
3031,7
3033,9
3033,10
3034,1
3034,8
3037,5
3038,9
3039,2
3040,10
3044,9
3047,6
3048,9
3049,10
3053,9
3057,10
3061,9
3066,9
3071,9
3071,10
3077,2
3077,9
3083,2
3083,9
3083,10
3088,1
3088,4
3090,9
3090,10
3096,2
3097,10
3098,9
3099,5
3100,3
3101,7
3103,10
3104,1
3104,9
3106,8
3108,9
3108,10
3109,2
3112,6
3113,9
3115,10
3118,9
3120,3
3123,9
3124,10
3130,9
3130,10
3133,2
3136,9
3136,10
3143,9
3144,10
3152,10
3154,4
3155,9
3158,10
3159,2
3162,1
3162,9
3167,2
3168,10
3169,9
3170,5
3175,3
3175,10
3179,9
3183,8
3187,9
3187,10
3191,2
3193,3
3194,9
3197,6
3197,7
3199,1
3203,9
3203,10
3204,4
3209,10
3213,9
3222,10
3225,9
3230,2
3230,9
3231,10
3236,9
3239,10
3242,9
3247,3
3247,10
3250,9
3251,8
3255,2
3257,5
3258,10
3259,6
3260,1
3260,9
3261,4
3265,10
3267,9
3271,9
3271,10
3277,9
3278,10
3283,9
3288,10
3289,9
3293,2
3294,9
3295,7
3295,10
3297,3
3298,9
3301,2
3303,8
3303,9
3303,10
3305,1
3309,2
3309,9
3310,5
3310,10
3314,9
3314,10
3317,3
3320,9
3320,10
3325,2
3326,10
3327,9
3329,1
3331,10
3333,9
3334,6
3335,10
3341,9
3341,10
3347,10
3351,9
3354,10
3362,9
3363,4
3364,10
3370,9
3371,2
3372,8
3372,10
3375,3
3377,9
3378,2
3379,5
3381,1
3381,10
3383,7
3383,9
3384,6
3388,10
3389,9
3392,3
3393,10
3400,10
3405,10
3409,9
3411,10
3415,9
3417,2
3417,10
3421,9
3422,10
3428,9
3428,10
3431,2
3433,9
3435,4
3436,1
3437,9
3437,10
3439,5
3442,10
3443,9
3449,10
3452,9
3454,3
3455,10
3461,2
3461,9
3463,8
3465,10
3466,9
3468,2
3471,9
3473,10
3476,9
3481,2
3481,10
3482,9
3486,6
3489,9
3489,10
3491,7
3493,9
3498,9
3498,10
3503,9
3505,1
3507,10
3508,9
3512,2
3516,9
3518,5
3520,4
3520,10
3521,3
3521,9
3525,8
3527,9
3533,9
3539,10
3542,9
3546,10
3552,2
3553,10
3555,9
3560,1
3560,10
3561,9
3564,2
3567,9
3567,10
3570,7
3571,6
3572,10
3573,3
3575,9
3575,10
3576,5
3578,8
3580,10
3582,3
3582,4
3583,2
3583,9
3585,10
3587,1
3589,10
3590,9
3594,10
3600,9
3600,10
3607,10
3608,9
3612,10
3616,2
3616,9
3618,10
3623,9
3625,10
3626,2
3630,9
3631,3
3631,10
3638,10
3640,9
3644,2
3646,5
3648,1
3648,9
3648,10
3649,4
3650,8
3651,6
3653,10
3655,9
3657,3
3660,7
3660,9
3664,10
3666,9
3670,10
3673,9
3679,2
3679,9
3680,10
3685,9
3686,10
3689,3
3693,10
3695,9
3700,10
3704,9
3707,10
3709,1
3710,9
3713,10
3714,2
3715,9
3718,5
3720,9
3722,3
3722,10
3725,9
3727,6
3727,8
3728,10
3730,4
3730,9
3735,9
3736,10
3740,9
3745,10
3746,9
3747,2
3751,10
3752,9
3759,1
3760,9
3762,10
3764,7
3766,2
3767,9
3769,10
3772,9
3778,9
3778,10
3786,9
3786,10
3789,3
3794,1
3794,8
3795,5
3795,10
3798,4
3798,6
3798,9
3800,10
3802,9
3803,2
3807,9
3811,10
3812,9
3817,9
3821,10
3825,9
3828,3
3830,10
3832,2
3834,9
3839,7
3841,9
3843,1
3843,10
3846,9
3851,10
3854,9
3859,9
3859,10
3864,9
3865,8
3869,2
3869,9
3869,10
3870,4
3875,9
3875,10
3878,3
3880,10
3883,9
3884,2
3884,5
3885,1
3885,6
3886,10
3887,9
3890,10
3893,9
3895,10
3898,9
3900,10
3904,9
3906,10
3908,9
3912,10
3913,9
3919,2
3919,9
3920,10
3924,9
3925,7
3928,10
3930,9
3931,8
3933,2
3935,3
3937,4
3937,10
3939,9
3941,1
3942,10
3945,5
3949,10
3950,9
3957,10
3959,6
3961,10
3962,9
3966,10
3969,9
3970,10
3975,10
3977,2
3980,3
3982,10
3983,9
3986,10
3989,2
3991,10
3993,9
3997,7
3998,9
3998,10
4002,9
4005,4
4005,10
4006,9
4007,1
4008,8
4010,9
4010,10
4013,2
4014,5
4014,9
4016,10
4019,9
4021,10
4024,6
4025,9
4028,10
4033,9
4034,10
4036,3
4038,9
4039,2
4040,10
4042,9
4046,10
4047,9
4052,9
4052,10
4058,10
4059,9
4062,2
4064,9
4066,10
4073,9
4074,4
4074,10
4078,9
4078,10
4079,1
4083,10
4085,5
4085,9
4087,7
4089,10
4091,3
4093,8
4094,9
4096,2
4098,10
4105,10
4107,9
4108,2
4110,6
4110,10
4112,9
4115,10
4118,9
4120,3
4122,10
4124,9
4129,9
4132,10
4133,9
4137,9
4139,10
4142,9
4149,9
4149,10
4154,1
4156,9
4158,8
4158,10
4161,4
4162,2
4164,10
4165,5
4165,9
4168,2
4171,3
4171,10
4174,9
4176,1
4179,7
4181,6
4181,9
4183,10
4190,9
4199,10
4201,2
4205,3
4205,9
4208,10
4214,9
4218,10
4224,9
4227,4
4228,8
4229,10
4230,1
4231,9
4232,2
4235,5
4236,10
4240,9
4241,10
4246,3
4247,10
4248,9
4256,10
4257,9
4262,9
4263,2
4266,9
4266,10
4269,1
4271,9
4275,9
4276,10
4280,9
4282,6
4284,10
4285,7
4285,9
4286,3
4290,1
4291,8
4291,9
4292,2
4292,10
4296,5
4297,9
4300,10
4301,4
4306,9
4313,9
4317,10
4320,9
4325,10
4328,9
4334,10
4336,2
4336,9
4344,3
4344,9
4345,2
4345,10
4347,8
4349,1
4349,9
4351,10
4353,2
4355,9
4357,5
4359,9
4360,6
4360,10
4363,4
4364,7
4364,9
4365,10
4368,9
4369,10
4373,9
4375,10
4378,9
4383,10
4386,9
4389,10
4394,9
4396,10
4402,3
4402,9
4405,2
4409,8
4410,9
4411,1
4413,10
4415,3
4416,9
4419,10
4424,10
4425,9
4433,10
4434,9
4435,2
4441,4
4441,10
4446,9
4448,5
4448,10
4452,9
4456,10
4459,9
4462,2
4463,10
4466,3
4466,6
4467,9
4468,7
4470,1
4471,10
4473,9
4474,8
4477,2
4477,10
4480,9
4482,10
4487,3
4487,9
4490,10
4492,2
4497,9
4502,10
4503,9
4505,4
4506,2
4508,9
4509,10
4514,1
4514,5
4515,9
4516,10
4520,9
4521,10
4526,9
4526,10
4532,10
4534,9
4537,10
4541,10
4542,9
4544,2
4545,10
4546,6
4549,9
4550,10
4551,3
4552,7
4555,10
4556,8
4556,9
4560,10
4562,2
4563,9
4565,10
4567,4
4571,9
4572,10
4576,1
4578,10
4579,3
4579,9
4584,10
4590,9
4590,10
4597,10
4598,2
4598,9
4606,9
4606,10
4607,5
4611,10
4612,9
4616,10
4621,9
4621,10
4624,8
4626,10
4629,4
4631,9
4633,10
4634,2
4636,1
4636,3
4636,9
4639,6
4640,10
4641,7
4641,9
4646,9
4649,10
4650,9
4656,10
4657,9
4658,2
4662,9
4662,10
4666,9
4670,9
4670,10
4676,9
4676,10
4682,10
4683,9
4687,5
4688,10
4691,3
4692,9
4695,10
4697,2
4698,8
4698,9
4704,9
4705,4
4707,2
4707,10
4709,9
4710,1
4714,6
4714,9
4716,10
4718,9
4721,10
4725,9
4727,10
4731,9
4732,3
4733,10
4736,2
4737,7
4737,10
4738,9
4743,10
4749,10
4751,9
4753,1
4756,10
4757,9
4759,2
4760,10
4765,3
4765,9
4766,5
4767,10
4769,4
4770,9
4773,10
4775,8
4777,9
4781,10
4783,2
4784,9
4787,1
4790,10
4792,9
4796,6
4800,9
4801,10
4802,3
4808,9
4809,7
4810,10
4816,9
4818,10
4819,2
4823,9
4829,10
4830,4
4831,9
4836,10
4840,9
4842,5
4845,9
4845,10
4847,8
4849,9
4851,2
4854,3
4854,9
4856,10
4858,2
4859,9
4864,6
4865,9
4867,1
4868,10
4870,9
4876,10
4879,9
4885,10
4887,9
4894,9
4894,10
4899,3
4901,9
4905,7
4907,10
4910,9
4911,2
4914,5
4915,1
4917,10
4918,9
4920,3
4922,8
4925,2
4926,4
4929,9
4929,10
4939,9
4940,10
4945,9
4946,10
4953,10
4959,9
4960,10
4966,10
4967,2
4968,9
4973,10
4974,9
4975,2
4975,6
4979,7
4979,9
4979,10
4982,3
4982,4
4983,1
4984,5
4985,9
4986,2
4986,10
4987,8
4994,9
4994,10
