7,14
8,20
8,24
8,26
9,1
9,4
9,12
9,15
9,22
9,29
9,38
10,3
10,5
10,9
10,10
10,17
10,27
10,32
10,34
10,36
10,37
10,40
11,6
11,11
11,13
11,16
11,21
11,28
11,30
11,33
12,2
12,18
12,19
12,23
12,31
12,39
13,8
13,35
13,38
14,7
14,22
14,25
14,40
15,20
15,36
15,37
17,33
18,16
20,39
21,38
21,40
22,35
23,33
23,34
23,37
25,40
28,37
29,38
31,33
31,34
31,35
31,40
32,36
35,39
36,38
37,40
38,33
38,34
38,37
41,35
42,37
42,40
46,22
46,39
47,34
48,37
48,40
49,2
49,33
49,36
49,38
51,35
52,40
53,30
53,37
56,33
57,36
57,40
58,35
58,37
60,26
61,18
61,39
61,40
63,33
63,35
64,37
65,22
65,36
66,32
66,40
68,34
69,37
70,7
70,35
71,40
73,33
74,34
75,8
75,38
76,25
76,35
76,37
78,4
78,40
79,11
80,36
80,38
81,30
81,33
81,34
81,35
81,37
82,19
82,39
84,2
84,17
84,40
85,13
85,33
86,5
86,16
86,21
86,35
87,37
88,9
88,38
89,3
89,15
89,24
89,40
90,1
90,14
90,33
90,34
91,12
91,36
93,22
93,23
93,25
93,29
93,33
94,28
94,31
94,35
94,37
94,40
95,21
96,36
96,38
98,33
98,34
99,26
99,39
100,40
101,22
101,35
101,38
103,37
104,33
106,36
106,38
106,40
109,27
109,35
110,6
110,38
111,33
111,40
112,37
113,35
115,36
116,33
116,40
117,38
118,30
118,35
118,37
120,33
122,36
122,37
123,35
123,38
123,40
124,33
126,37
127,40
128,33
129,35
130,37
131,20
131,33
131,38
132,40
134,33
135,37
136,35
136,36
137,38
138,40
139,33
140,17
140,37
141,22
142,38
143,33
144,32
144,35
144,40
145,36
146,33
146,34
147,22
147,37
148,38
148,39
149,33
150,40
152,35
153,30
153,37
154,33
154,36
155,8
155,38
157,11
157,40
158,2
158,33
158,39
159,18
159,37
160,25
162,1
162,34
162,35
162,38
162,40
163,33
164,9
164,26
167,7
167,22
167,33
167,36
168,12
168,16
168,35
169,14
169,24
169,29
169,38
169,40
170,27
170,37
171,34
172,3
172,33
173,21
173,25
173,28
173,35
173,38
174,23
175,36
176,33
176,40
177,35
177,37
177,39
178,22
179,38
180,4
181,35
182,2
182,26
183,33
183,40
185,37
186,34
186,35
187,36
189,38
190,33
190,35
191,34
191,39
192,5
192,31
192,40
193,6
193,35
194,37
197,35
198,33
201,13
201,34
201,35
201,40
203,19
203,36
204,37
205,30
205,35
205,40
207,18
207,22
207,33
208,40
209,35
210,32
211,15
211,34
211,36
211,39
212,40
215,26
215,35
215,40
216,8
216,12
216,17
216,38
217,33
219,40
220,34
220,35
221,21
221,25
222,24
222,33
222,38
223,11
223,36
224,40
225,37
226,33
226,34
226,38
227,35
229,36
229,40
230,22
230,33
231,38
232,30
232,39
233,35
233,37
233,40
235,36
237,28
237,33
237,40
238,20
238,34
238,38
239,2
239,26
239,35
241,40
242,16
242,33
243,34
245,35
245,40
246,33
246,38
248,21
249,35
249,36
249,40
250,14
250,34
250,37
251,33
252,1
252,40
254,7
254,35
254,38
254,39
255,36
256,40
257,34
259,18
259,40
260,4
260,33
260,37
261,35
262,36
263,40
264,33
265,22
265,23
265,38
266,3
266,32
266,35
266,39
267,37
267,40
268,25
268,29
268,33
269,36
271,33
271,40
272,22
272,34
272,35
272,38
275,33
276,40
278,33
278,36
279,34
279,38
279,39
280,2
280,35
280,40
281,6
281,19
281,33
281,37
283,40
284,33
285,37
287,11
287,35
287,38
287,40
288,17
288,33
289,24
289,26
291,5
291,36
291,40
292,34
292,35
292,37
293,33
296,21
296,35
297,9
297,38
297,40
298,33
299,15
300,34
301,35
301,37
301,38
302,12
302,36
304,27
304,33
305,8
305,14
306,35
306,38
307,30
307,37
307,39
307,40
308,36
310,33
310,35
311,28
312,34
312,37
313,25
313,40
314,16
315,38
316,35
316,36
317,31
318,37
319,33
319,34
319,40
322,35
322,36
322,37
322,39
323,1
324,30
325,33
325,37
326,35
327,36
327,40
328,11
329,32
330,33
330,37
332,35
332,36
333,10
334,22
334,33
334,37
335,4
335,40
336,38
336,39
337,36
338,33
338,37
339,35
340,40
341,34
342,23
342,33
343,37
344,2
344,36
344,40
345,22
345,35
346,3
347,13
347,26
347,33
348,40
349,37
350,25
351,7
352,8
352,33
352,35
352,36
353,18
353,19
353,22
354,17
354,20
354,40
355,12
355,26
355,37
356,24
356,30
357,16
357,29
357,33
357,34
358,36
359,15
359,22
359,35
359,40
360,21
361,25
362,37
363,34
363,38
364,5
364,6
364,36
364,40
365,28
366,33
367,35
368,40
370,37
371,33
372,38
372,40
373,34
374,35
374,39
375,36
377,33
377,40
378,34
381,37
382,35
383,33
383,36
383,40
384,34
384,38
388,40
389,37
390,34
390,35
393,33
393,40
395,22
395,37
397,34
397,36
397,39
399,33
399,35
399,40
402,32
404,9
404,33
404,40
405,34
405,37
406,2
408,31
408,35
408,39
409,38
410,33
410,36
410,40
411,4
411,27
411,37
414,40
415,3
415,29
415,34
415,37
416,11
416,35
417,33
417,36
418,23
419,26
419,37
420,1
420,35
421,38
421,40
422,14
422,24
422,33
422,34
422,36
423,22
424,30
424,37
425,16
426,35
426,40
427,17
428,36
428,39
429,18
429,34
429,37
430,40
433,12
433,33
433,38
434,40
435,7
435,21
435,35
435,37
436,25
437,20
437,33
438,8
438,19
438,36
438,40
440,34
440,37
441,33
442,35
443,38
443,40
444,13
444,30
445,37
446,33
447,36
448,35
448,40
450,5
450,33
451,15
451,37
451,38
454,33
455,37
455,40
456,36
457,35
459,33
460,37
461,40
462,33
466,33
466,35
466,37
467,28
468,40
469,26
471,33
471,36
474,34
474,37
474,38
475,35
476,22
476,33
476,39
476,40
479,2
479,37
480,11
480,32
481,35
483,40
484,10
484,21
484,33
484,39
485,4
485,9
485,16
485,24
485,27
485,34
485,36
485,38
486,25
486,30
486,35
486,37
487,14
488,33
488,40
489,22
490,6
490,36
490,38
491,1
491,35
493,37
494,33
494,34
494,40
496,35
497,38
499,3
499,22
499,33
501,35
501,36
501,37
501,40
502,8
503,38
505,23
505,30
506,35
507,29
507,33
507,39
507,40
508,12
508,13
508,34
509,18
509,38
511,35
511,37
512,22
512,40
513,25
513,36
514,33
515,35
517,7
518,33
518,38
519,35
519,36
520,32
520,39
520,40
521,26
521,37
523,33
524,35
524,38
525,17
525,40
526,34
527,20
528,33
529,36
529,37
529,40
530,31
530,35
532,34
532,38
533,33
533,40
534,37
535,2
535,22
536,36
537,35
538,39
538,40
540,33
541,36
542,38
543,28
543,34
543,35
543,40
545,19
547,36
547,38
548,16
548,37
549,11
549,33
549,35
550,6
550,21
550,40
551,34
551,36
553,38
554,35
556,34
557,33
557,40
558,18
558,36
558,39
559,38
560,35
563,25
563,34
564,4
564,35
565,1
565,33
565,38
565,40
566,36
566,37
567,8
570,5
570,35
571,36
572,22
572,34
572,40
573,7
574,35
575,30
575,33
575,38
576,24
577,35
577,36
579,37
580,34
580,40
581,22
582,35
583,33
583,38
583,39
584,36
585,21
585,40
586,35
587,15
587,34
588,33
588,38
589,37
590,32
590,36
591,35
594,33
595,26
595,35
595,37
595,40
596,36
597,14
597,34
599,35
600,23
600,27
601,3
601,9
601,37
601,39
601,40
602,35
602,36
603,33
605,2
605,17
605,29
605,34
605,35
607,37
608,11
608,35
609,33
609,36
610,38
611,10
611,40
612,37
612,39
613,35
614,34
617,33
617,35
617,37
617,38
618,26
618,36
618,40
620,34
620,35
621,30
622,16
623,22
623,35
624,33
625,37
626,40
627,6
627,28
627,34
627,35
628,8
628,12
628,18
629,22
630,13
630,24
631,4
631,25
631,35
631,36
632,7
632,30
632,33
632,37
632,38
633,34
633,40
635,19
636,35
637,36
638,20
638,34
639,31
639,38
639,40
640,35
641,33
642,37
644,40
645,5
645,26
645,35
645,39
646,33
646,34
647,21
648,37
649,38
649,40
650,33
650,35
651,34
651,36
654,33
655,2
655,38
655,40
656,35
658,33
659,14
659,32
660,1
660,34
660,36
660,40
662,33
662,37
663,22
663,38
663,39
664,40
665,35
667,33
668,40
669,30
669,37
669,38
671,35
671,36
672,33
672,40
673,34
676,33
676,40
677,38
678,35
678,37
680,40
681,33
682,35
685,34
685,40
686,33
686,38
688,37
690,35
690,38
691,40
692,11
692,17
694,25
694,33
695,3
695,36
695,38
695,40
696,9
696,22
696,39
697,24
697,35
698,12
698,15
698,33
698,37
699,23
700,2
700,26
701,21
701,34
701,38
701,40
702,33
702,35
703,22
703,28
704,31
704,32
705,30
705,33
705,36
705,37
706,8
707,27
707,38
708,16
708,29
709,33
709,35
709,37
709,40
710,4
710,34
710,39
712,20
713,33
714,37
714,38
715,18
716,7
716,40
717,5
717,34
718,33
718,37
719,36
720,38
721,25
721,35
722,34
724,33
724,37
724,38
724,40
725,36
727,35
728,34
728,38
730,37
731,33
733,34
733,35
733,38
734,37
735,40
738,36
738,38
739,35
740,34
740,37
742,33
743,39
743,40
744,1
744,6
744,38
746,35
747,37
748,22
748,36
749,33
750,26
750,34
750,38
752,11
753,19
753,25
753,37
753,40
755,39
756,38
757,9
757,33
757,35
757,36
758,13
758,22
758,40
759,17
759,24
760,38
761,10
761,35
761,37
761,40
762,15
762,33
764,2
764,34
765,38
765,40
766,12
767,33
767,35
767,36
768,40
769,28
769,37
770,34
770,38
773,33
773,35
773,40
774,39
775,37
776,32
777,33
777,40
778,38
779,16
779,34
779,36
781,14
781,35
781,40
782,38
783,18
783,30
783,33
783,37
784,34
784,36
784,40
787,35
788,4
788,34
788,38
788,40
790,8
790,33
790,39
791,36
793,22
793,35
793,40
794,33
794,37
795,25
797,34
798,7
798,33
798,36
798,40
800,3
800,21
800,35
801,37
802,29
803,26
803,33
803,38
804,19
805,34
805,36
806,31
806,40
807,35
808,1
808,5
808,22
808,27
808,37
808,38
810,20
810,33
811,23
811,36
812,40
813,11
813,34
813,35
814,30
814,37
814,38
815,32
815,33
816,36
817,16
817,17
818,39
819,2
819,35
819,40
820,37
821,34
821,38
822,33
826,33
826,36
827,35
827,38
827,40
828,25
829,34
830,18
830,37
832,33
832,38
834,14
835,36
835,40
837,22
837,33
837,37
837,39
838,24
838,38
840,35
842,34
842,40
843,33
843,36
843,37
846,40
847,33
847,35
851,33
851,36
851,40
852,34
852,37
852,38
853,26
855,40
857,33
858,36
858,39
858,40
860,9
860,34
860,35
862,40
864,37
865,28
865,38
866,33
866,40
867,34
868,30
868,35
868,36
869,8
870,12
870,40
873,35
874,34
875,6
875,22
875,38
875,39
876,4
876,37
876,40
877,25
877,33
879,7
879,35
879,36
880,33
881,11
882,24
882,40
883,21
883,38
884,26
884,34
884,37
885,17
885,33
886,35
886,36
887,39
887,40
888,2
889,1
889,22
889,32
890,20
890,33
890,38
891,3
891,19
891,23
892,35
893,33
893,34
893,37
893,40
894,18
895,16
895,36
896,14
896,29
896,38
897,22
897,27
898,25
898,33
899,13
899,35
899,40
900,5
900,37
900,38
901,30
902,15
902,39
903,36
904,31
904,33
905,35
905,40
907,38
908,33
908,37
909,2
911,40
912,35
913,33
914,34
916,39
917,35
917,36
917,37
918,40
919,21
919,38
920,33
921,35
926,33
926,35
926,36
926,40
927,37
928,22
929,34
932,33
932,35
932,39
933,28
933,37
935,33
936,26
936,30
937,35
938,37
938,40
939,33
939,36
942,7
942,12
943,33
943,40
944,35
945,37
948,22
948,36
948,40
949,39
950,33
950,34
951,16
952,8
952,35
952,40
953,38
954,32
954,33
954,36
955,37
957,35
957,40
958,1
958,4
958,30
958,33
959,36
960,23
961,2
961,18
961,25
961,35
962,33
963,11
963,17
963,40
964,9
964,36
964,37
965,38
966,35
967,22
967,40
968,29
969,12
969,19
969,24
970,34
971,20
971,37
972,6
972,13
972,21
972,33
972,38
972,40
973,10
974,5
974,22
974,35
976,3
976,37
976,38
977,33
978,26
978,40
979,39
980,14
980,22
980,34
980,35
980,36
982,2
983,33
983,37
983,38
984,31
984,35
985,40
987,36
988,35
989,33
991,34
992,37
993,35
993,40
994,33
994,38
997,40
999,33
999,34
999,36
1000,35
1000,39
1002,38
1002,40
1003,37
1005,33
1006,40
1010,35
1011,34
1011,40
1012,27
1012,37
1013,36
1014,33
1015,40
1016,35
1016,38
1018,36
1018,37
1021,25
1021,40
1023,26
1023,33
1023,38
1024,34
1025,35
1025,36
1026,8
1026,15
1026,37
1026,40
1027,16
1027,22
1027,30
1027,38
1029,17
1030,34
1030,36
1031,11
1031,28
1031,35
1031,38
1031,40
1032,30
1032,33
1033,32
1035,39
1035,40
1037,2
1037,3
1037,35
1037,36
1038,1
1038,34
1038,38
1039,4
1039,7
1039,37
1040,33
1040,40
1044,18
1044,22
1044,35
1045,24
1045,40
1047,12
1047,37
1048,25
1049,36
1049,38
1050,22
1050,33
1051,23
1051,39
1053,5
1053,21
1053,29
1053,40
1054,13
1054,35
1055,14
1055,33
1055,34
1057,37
1057,40
1058,19
1058,36
1058,38
1061,33
1061,39
1063,35
1064,20
1064,38
1065,33
1065,37
1065,40
1066,34
1068,32
1068,36
1070,33
1070,35
1070,40
1071,38
1072,9
1072,37
1076,34
1076,36
1076,37
1076,40
1077,2
1077,33
1077,38
1081,35
1081,37
1081,39
1081,40
1083,36
1084,33
1085,26
1087,24
1087,38
1087,40
1088,37
1089,22
1090,31
1090,34
1092,6
1093,30
1093,35
1094,23
1094,37
1094,40
1095,33
1095,39
1096,11
1097,34
1097,36
1098,17
1098,35
1099,8
1099,25
1101,18
1101,33
1101,38
1101,40
1102,21
1102,22
1102,37
1103,16
1103,34
1103,36
1105,28
1106,40
1107,1
1108,36
1108,37
1109,7
1109,35
1110,33
1110,40
1111,34
1111,38
1112,10
1113,36
1114,35
1114,40
1117,34
1117,37
1117,38
1117,39
1117,40
1120,3
1120,35
1120,36
1121,40
1122,37
1123,33
1123,34
1123,38
1125,40
1126,35
1126,36
1126,37
1129,26
1129,34
1130,30
1130,32
1130,37
1132,33
1132,35
1132,38
1132,40
1133,4
1133,22
1133,36
1133,39
1134,20
1134,34
1136,2
1136,37
1138,5
1138,40
1139,35
1139,38
1141,15
1141,37
1142,18
1143,22
1143,27
1143,34
1143,35
1144,40
1145,13
1145,24
1146,36
1146,38
1147,33
1147,34
1147,35
1148,8
1148,37
1149,19
1150,25
1152,35
1152,40
1153,16
1153,34
1154,38
1155,36
1156,31
1157,9
1157,26
1158,33
1158,35
1158,37
1159,34
1159,40
1161,6
1161,29
1162,12
1163,33
1163,39
1164,37
1164,38
1166,34
1167,14
1167,33
1167,35
1167,36
1167,40
1171,33
1172,34
1173,37
1174,35
1174,40
1176,17
1177,33
1178,34
1179,36
1179,40
1181,11
1183,37
1183,38
1183,40
1184,34
1185,2
1185,21
1185,25
1186,33
1186,35
1188,22
1188,36
1188,40
1189,28
1190,32
1191,34
1192,7
1192,30
1192,33
1193,35
1193,37
1194,39
1194,40
1198,34
1198,38
1199,3
1199,22
1199,33
1200,36
1200,40
1201,4
1201,35
1202,37
1204,1
1205,22
1205,23
1205,35
1205,40
1206,8
1206,33
1206,39
1209,25
1209,34
1209,36
1210,16
1210,35
1211,29
1211,30
1211,40
1212,18
1212,37
1213,38
1214,24
1214,33
1214,34
1215,26
1215,40
1216,35
1217,19
1218,34
1220,5
1220,20
1220,37
1221,33
1221,40
1223,34
1223,35
1224,36
1225,39
1226,37
1226,40
1227,34
1227,35
1228,33
1228,38
1231,40
1233,34
1233,35
1235,37
1235,40
1236,33
1236,38
1238,35
1239,40
1240,33
1240,34
1241,36
1243,11
1243,35
1244,27
1244,33
1244,40
1245,38
1246,22
1247,36
1247,39
1248,34
1248,35
1249,21
1249,33
1250,2
1250,37
1250,40
1253,35
1254,33
1256,40
1257,12
1257,15
1257,33
1258,36
1258,37
1259,10
1259,14
1259,34
1260,31
1260,33
1260,35
1262,24
1262,40
1263,17
1264,3
1264,9
1264,22
1264,23
1265,33
1265,39
1266,26
1266,36
1266,37
1267,25
1267,32
1267,34
1267,35
1268,2
1268,22
1268,38
1269,33
1270,1
1270,8
1270,30
1271,7
1271,40
1272,35
1273,4
1273,28
1273,33
1274,16
1274,37
1275,36
1276,21
1276,34
1277,25
1277,38
1278,33
1280,35
1280,40
1281,36
1285,13
1285,34
1286,33
1287,35
1287,40
1288,6
1288,38
1290,36
1290,37
1292,19
1294,40
1295,18
1295,33
1295,35
1297,36
1297,37
1299,33
1299,34
1301,26
1302,35
1303,38
1303,39
1304,33
1304,37
1306,40
1308,22
1309,33
1309,36
1311,34
1311,35
1312,14
1312,40
1313,37
1314,33
1316,40
1318,37
1319,39
1320,33
1320,35
1320,36
1322,20
1322,37
1322,38
1322,40
1324,30
1326,11
1326,33
1327,29
1327,37
1327,38
1327,40
1328,5
1328,35
1328,36
1329,34
1331,37
1331,40
1333,38
1334,32
1335,35
1336,17
1336,37
1336,40
1338,38
1339,33
1341,12
1341,40
1342,38
1343,33
1343,35
1343,37
1345,21
1345,24
1345,27
1345,34
1345,36
1346,22
1348,8
1348,28
1348,33
1348,38
1348,40
1349,35
1349,37
1351,30
1352,9
1352,16
1353,4
1353,26
1354,33
1354,40
1355,37
1356,2
1356,3
1356,15
1356,23
1356,25
1356,38
1357,20
1357,35
1358,7
1358,22
1358,31
1358,36
1359,18
1359,33
1359,40
1360,1
1360,6
1360,37
1361,25
1361,34
1362,39
1363,35
1363,36
1363,40
1365,11
1365,33
1366,13
1367,38
1367,40
1368,26
1368,34
1368,37
1369,35
1370,36
1371,40
1376,33
1376,34
1377,35
1377,40
1378,38
1381,36
1381,40
1382,37
1383,38
1384,40
1386,33
1388,40
1389,36
1390,33
1390,38
1390,39
1391,19
1391,35
1391,37
1392,22
1392,40
1393,34
1395,36
1396,33
1396,35
1397,38
1397,40
1398,2
1398,37
1401,35
1401,40
1403,17
1403,32
1404,33
1404,36
1404,37
1406,40
1407,34
1408,33
1408,35
1409,38
1410,22
1411,33
1411,36
1413,30
1413,40
1414,37
1415,33
1415,34
1415,35
1415,36
1416,21
1417,38
1419,33
1419,40
1420,39
1421,35
1421,37
1422,34
1422,36
1423,29
1424,5
1424,40
1426,24
1426,33
1427,34
1427,35
1428,8
1430,33
1430,40
1431,25
1431,37
1431,38
1432,10
1432,36
1433,22
1434,16
1434,40
1435,26
1435,28
1436,7
1436,33
1436,34
1437,23
1437,35
1437,36
1437,38
1438,40
1439,11
1439,20
1439,37
1440,3
1441,9
1441,33
1441,39
1442,22
1442,36
1443,18
1443,30
1443,34
1443,35
1443,40
1444,37
1445,1
1445,2
1448,32
1448,35
1448,40
1449,12
1449,33
1449,36
1450,34
1452,4
1452,27
1452,31
1454,22
1454,34
1455,33
1455,40
1456,21
1456,35
1456,38
1458,37
1459,14
1459,34
1460,6
1460,33
1460,36
1461,30
1462,15
1462,37
1463,40
1464,35
1465,22
1466,33
1466,34
1466,36
1468,19
1470,37
1472,33
1472,40
1473,35
1475,34
1477,37
1477,39
1478,33
1478,35
1479,18
1479,38
1480,13
1480,40
1483,36
1483,37
1484,26
1484,35
1485,25
1485,40
1487,8
1488,17
1488,34
1489,33
1489,35
1490,37
1490,38
1491,40
1493,33
1494,36
1495,40
1497,25
1497,33
1497,35
1500,33
1500,40
1501,24
1502,29
1502,36
1502,37
1503,2
1503,11
1504,7
1504,35
1505,33
1505,40
1507,16
1507,21
1508,3
1508,22
1508,39
1509,34
1509,35
1510,33
1510,37
1511,1
1511,32
1511,36
1512,12
1512,14
1512,30
1513,38
1513,40
1514,23
1514,33
1515,36
1516,31
1516,35
1517,22
1517,28
1518,34
1518,37
1519,33
1519,38
1521,35
1522,39
1522,40
1523,4
1524,5
1524,33
1524,36
1526,38
1527,37
1528,34
1529,25
1530,9
1530,35
1531,33
1531,39
1532,40
1533,37
1534,17
1534,36
1536,33
1538,26
1538,35
1539,33
1539,37
1539,38
1539,40
1543,35
1544,33
1544,40
1545,38
1547,35
1547,36
1547,37
1548,40
1550,33
1550,39
1551,6
1551,35
1552,40
1553,36
1555,33
1556,35
1556,37
1556,40
1557,34
1561,18
1561,33
1561,35
1561,36
1561,37
1561,40
1564,22
1564,34
1565,37
1567,33
1567,36
1567,40
1568,30
1568,35
1569,8
1569,39
1570,37
1571,32
1572,15
1572,35
1573,11
1573,40
1574,2
1574,24
1574,33
1574,34
1574,36
1575,16
1575,25
1575,37
1575,38
1576,35
1577,4
1578,20
1578,21
1579,33
1579,35
1580,37
1581,14
1581,39
1581,40
1582,1
1582,7
1582,36
1583,27
1583,34
1583,35
1585,29
1586,37
1587,33
1587,40
1588,35
1589,22
1589,36
1589,38
1590,3
1590,13
1591,34
1592,35
1593,40
1594,33
1594,37
1595,19
1595,26
1595,38
1597,36
1598,35
1600,30
1601,28
1601,33
1601,34
1601,40
1602,38
1603,10
1603,35
1604,37
1605,36
1605,40
1606,33
1606,38
1610,40
1611,33
1612,38
1613,35
1614,40
1616,33
1616,36
1617,12
1617,38
1617,39
1618,40
1620,35
1621,38
1622,17
1622,25
1622,33
1623,2
1623,40
1624,22
1624,34
1625,38
1626,35
1626,37
1628,11
1628,26
1628,31
1628,40
1629,36
1629,39
1630,38
1631,23
1631,33
1632,40
1634,38
1635,5
1635,9
1635,25
1635,33
1635,35
1636,21
1636,37
1637,36
1637,40
1638,34
1640,33
1640,38
1642,35
1643,33
1643,36
1643,39
1643,40
1644,18
1646,24
1646,32
1647,33
1649,8
1649,40
1650,37
1650,38
1651,6
1651,20
1651,33
1651,34
1651,35
1652,22
1652,36
1653,16
1653,30
1655,29
1656,33
1656,40
1657,1
1657,7
1657,34
1657,35
1658,4
1658,37
1659,39
1660,14
1660,27
1660,38
1661,36
1662,40
1663,33
1663,34
1663,37
1664,35
1665,3
1665,25
1665,38
1669,38
1669,40
1670,33
1671,37
1672,28
1672,35
1673,26
1674,30
1674,33
1674,38
1674,40
1676,36
1677,39
1678,15
1678,35
1678,40
1679,33
1679,38
1681,2
1682,22
1682,34
1682,40
1683,17
1683,33
1683,35
1684,36
1684,38
1687,33
1687,40
1688,34
1689,11
1689,35
1691,37
1692,34
1693,33
1693,36
1693,39
1693,40
1695,38
1696,19
1696,37
1697,35
1698,34
1699,40
1700,33
1702,5
1702,16
1702,18
1702,35
1702,36
1703,37
1704,33
1704,38
1707,12
1707,23
1707,35
1708,22
1708,26
1708,34
1708,40
1709,33
1710,37
1710,39
1711,13
1712,35
1713,24
1714,8
1714,36
1714,40
1715,21
1715,25
1715,33
1716,34
1717,30
1717,32
1717,37
1717,38
1720,7
1720,9
1720,31
1720,35
1720,40
1721,36
1722,20
1722,22
1722,37
1723,33
1724,38
1725,26
1725,34
1725,35
1726,2
1726,4
1726,39
1728,33
1728,37
1730,1
1730,34
1730,35
1730,40
1731,36
1731,38
1732,27
1732,28
1733,11
1735,34
1735,35
1735,37
1736,33
1736,38
1737,39
1737,40
1738,21
1741,34
1743,35
1743,36
1744,38
1745,29
1745,40
1746,14
1746,37
1747,33
1749,36
1750,22
1751,3
1751,34
1752,40
1753,25
1753,33
1755,35
1755,37
1755,38
1756,36
1757,10
1757,15
1758,22
1759,40
1760,37
1760,39
1761,19
1761,34
1762,16
1762,17
1762,33
1762,38
1764,35
1764,36
1765,37
1768,18
1768,38
1768,40
1770,34
1770,35
1771,37
1772,12
1772,33
1775,30
1776,26
1776,38
1777,33
1777,35
1777,40
1778,8
1778,36
1778,37
1782,34
1783,33
1783,35
1783,38
1786,6
1787,5
1787,40
1788,25
1788,33
1789,35
1789,37
1789,38
1790,34
1793,11
1793,35
1794,33
1794,36
1794,39
1795,40
1796,34
1796,38
1797,35
1798,2
1799,20
1799,23
1801,34
1801,37
1802,33
1802,35
1802,38
1803,40
1806,32
1806,36
1807,9
1807,22
1808,35
1808,38
1809,33
1809,34
1809,39
1809,40
1810,7
1812,31
1812,35
1813,30
1814,36
1815,2
1816,24
1816,28
1816,35
1816,37
1816,38
1816,40
1817,13
1818,33
1818,34
1818,39
1819,29
1819,35
1820,21
1820,40
1821,16
1822,36
1823,38
1824,1
1824,35
1825,25
1825,33
1825,40
1827,34
1828,14
1828,18
1828,36
1829,33
1829,35
1830,40
1831,26
1832,37
1833,22
1833,35
1833,39
1836,4
1836,33
1836,40
1837,34
1838,35
1839,37
1841,8
1841,32
1841,36
1843,33
1843,38
1844,35
1844,40
1846,34
1847,37
1849,35
1850,25
1850,33
1850,40
1853,35
1854,34
1854,36
1856,33
1857,35
1859,17
1859,38
1860,27
1860,33
1860,34
1860,37
1861,5
1861,35
1861,40
1864,33
1864,37
1865,19
1866,11
1866,21
1866,35
1867,30
1868,36
1868,40
1869,12
1869,34
1869,37
1869,39
1870,33
1871,35
1872,3
1873,20
1874,22
1874,33
1876,14
1876,35
1876,37
1877,15
1878,18
1878,24
1878,26
1878,30
1878,33
1878,40
1879,36
1880,1
1880,22
1880,28
1881,23
1882,2
1882,9
1882,35
1882,37
1882,40
1883,33
1884,16
1884,25
1884,34
1886,21
1886,36
1887,10
1887,33
1887,40
1888,35
1889,6
1889,7
1889,29
1889,38
1892,8
1892,34
1892,40
1893,37
1893,38
1894,33
1897,35
1897,40
1898,25
1899,34
1900,38
1902,35
1902,37
1903,33
1903,36
1905,40
1906,31
1906,34
1906,38
1907,37
1908,35
1910,33
1910,38
1911,34
1912,39
1913,35
1914,37
1915,34
1915,40
1916,33
1916,38
1917,32
1919,35
1919,36
1919,37
1921,34
1923,37
1923,38
1924,34
1925,33
1925,40
1927,35
1927,37
1928,4
1928,39
1929,30
1929,33
1929,36
1930,34
1930,38
1931,37
1933,33
1933,40
1934,35
1936,34
1937,37
1939,13
1939,33
1939,36
1939,40
1940,38
1941,24
1942,37
1943,19
1943,22
1944,26
1944,39
1945,35
1945,36
1945,40
1947,37
1948,2
1948,17
1948,33
1948,34
1949,5
1949,15
1949,30
1949,40
1950,35
1951,37
1952,11
1952,18
1952,22
1952,36
1952,38
1953,16
1953,23
1953,34
1954,21
1954,28
1954,40
1955,35
1955,37
1956,33
1956,36
1956,38
1957,20
1957,22
1957,25
1958,32
1958,40
1959,1
1959,34
1959,37
1960,33
1961,3
1962,8
1962,36
1962,40
1963,35
1964,34
1964,37
1964,38
1967,9
1967,33
1967,40
1968,37
1969,22
1969,34
1970,38
1971,35
1971,40
1972,33
1972,37
1974,36
1976,22
1976,38
1976,40
1977,33
1977,37
1978,34
1979,35
1980,26
1981,33
1981,36
1982,38
1983,35
1983,37
1983,40
1984,30
1984,33
1986,34
1986,40
1987,12
1987,33
1987,36
1987,38
1988,35
1988,39
1990,37
1990,40
1991,33
1992,35
1994,33
1995,36
1995,38
1995,40
1996,35
1996,37
1998,33
1999,7
1999,34
1999,35
2000,27
2001,38
2002,22
2002,33
2002,35
2002,37
2003,39
2003,40
2005,16
2005,36
2006,4
2006,35
2007,33
2008,25
2008,38
2009,37
2009,40
2010,34
2010,35
2011,29
2012,36
2013,6
2013,33
2015,35
2015,38
2015,40
2016,34
2018,39
2019,2
2020,35
2020,40
2021,36
2022,11
2022,34
2022,38
2023,33
2023,37
2025,18
2025,31
2026,35
2026,40
2027,39
2028,33
2030,8
2030,22
2030,36
2031,34
2031,40
2032,30
2032,32
2032,33
2033,25
2034,37
2035,35
2035,38
2036,3
2036,15
2036,34
2036,40
2037,33
2038,19
2038,20
2038,23
2039,17
2039,36
2040,26
2040,33
2041,34
2041,37
2041,40
2042,24
2042,35
2042,38
2043,1
2043,22
2044,21
2045,33
2045,39
2046,5
2047,16
2047,34
2047,36
2047,40
2049,28
2049,33
2049,35
2049,38
2050,37
2052,14
2053,33
2054,2
2054,35
2054,40
2055,36
2056,30
2057,34
2058,12
2058,37
2059,33
2059,35
2060,40
2061,36
2063,4
2064,39
2065,37
2066,24
2066,33
2066,38
2066,40
2068,7
2068,35
2069,36
2071,34
2073,33
2073,40
2074,9
2075,22
2077,34
2078,38
2079,2
2080,18
2080,33
2080,37
2081,35
2081,36
2083,27
2083,40
2085,26
2086,34
2086,37
2087,35
2088,40
2089,11
2089,32
2089,38
2091,31
2091,37
2092,13
2092,33
2092,35
2093,36
2094,22
2094,40
2095,1
2095,39
2096,37
2098,25
2098,33
2099,35
2100,40
2101,30
2102,36
2103,29
2105,12
2105,15
2105,17
2105,35
2105,38
2105,40
2106,8
2106,34
2108,14
2109,33
2109,37
2110,36
2110,38
2111,6
2111,21
2111,40
2112,3
2112,35
2114,37
2115,16
2116,4
2116,39
2117,33
2118,22
2118,37
2119,23
2119,40
2120,34
2120,35
2121,28
2121,36
2122,33
2123,37
2123,38
2125,20
2125,35
2126,34
2127,33
2127,36
2128,37
2129,40
2131,35
2134,24
2135,34
2135,35
2136,36
2136,40
2137,11
2137,39
2138,25
2138,37
2139,30
2139,38
2140,35
2142,5
2142,34
2142,36
2143,40
2144,33
2145,9
2146,35
2146,37
2147,13
2148,7
2148,18
2148,34
2148,40
2149,26
2150,10
2150,35
2151,37
2152,33
2153,22
2153,34
2153,40
2154,35
2154,36
2155,19
2155,32
2157,2
2157,33
2157,37
2157,39
2159,35
2159,40
2160,34
2160,36
2162,33
2163,40
2164,37
2165,38
2166,27
2166,35
2168,36
2168,37
2168,40
2171,8
2171,17
2171,33
2171,39
2172,34
2173,35
2174,37
2175,33
2175,40
2176,1
2176,25
2176,36
2177,21
2177,30
2179,33
2180,29
2180,35
2180,38
2181,31
2181,34
2181,36
2181,40
2182,16
2182,37
2183,14
2184,39
2185,3
2185,26
2185,33
2186,40
2187,22
2187,37
2189,38
2191,33
2191,35
2192,23
2193,37
2194,40
2195,33
2195,34
2195,35
2197,30
2199,40
2200,24
2200,33
2200,35
2200,36
2201,37
2203,22
2203,38
2204,12
2204,15
2204,35
2204,40
2205,20
2206,34
2207,33
2208,37
2208,40
2209,2
2209,28
2209,35
2210,36
2212,33
2212,35
2212,40
2213,11
2214,37
2214,39
2215,38
2217,35
2217,40
2219,36
2219,37
2221,4
2221,33
2221,34
2221,35
2222,18
2223,37
2224,35
2224,40
2225,22
2226,32
2226,33
2227,35
2228,7
2228,37
2229,36
2230,17
2230,33
2231,25
2231,35
2232,40
2233,37
2234,8
2234,26
2236,34
2236,35
2237,33
2237,36
2238,30
2238,39
2239,40
2240,37
2241,35
2244,36
2245,1
2245,37
2245,40
2247,9
2247,13
2248,5
2248,26
2248,35
2249,33
2250,16
2250,40
2251,19
2251,21
2251,34
2251,36
2251,37
2252,23
2253,22
2255,6
2255,35
2256,14
2256,36
2256,38
2257,29
2257,33
2257,40
2258,34
2258,37
2259,39
2261,22
2263,40
2264,34
2265,36
2265,38
2267,24
2267,25
2269,35
2270,2
2270,31
2270,37
2271,33
2271,36
2271,40
2272,34
2274,26
2276,35
2276,40
2277,38
2278,36
2278,37
2279,27
2279,33
2281,35
2282,34
2282,37
2282,40
2285,38
2285,39
2286,36
2287,35
2288,34
2288,37
2288,40
2289,33
2289,38
2291,11
2293,36
2293,40
2294,35
2295,34
2295,38
2296,4
2296,30
2296,37
2297,3
2298,33
2298,39
2298,40
2299,35
2300,36
2300,37
2302,15
2303,28
2303,38
2304,18
2304,35
2305,33
2305,36
2306,24
2306,37
2306,40
2307,8
2307,34
2309,17
2309,22
2310,12
2310,38
2311,21
2311,33
2311,37
2312,30
2312,32
2313,16
2313,34
2313,35
2313,36
2313,38
2313,40
2314,20
2315,33
2318,37
2318,38
2319,33
2319,34
2319,35
2319,39
2319,40
2322,33
2324,40
2325,36
2325,37
2325,38
2326,33
2326,35
2327,7
2327,25
2329,33
2330,35
2330,39
2331,36
2332,34
2332,40
2333,33
2334,38
2335,1
2335,22
2335,37
2336,35
2337,29
2337,33
2340,37
2340,40
2341,26
2342,5
2342,35
2343,9
2343,33
2343,36
2344,34
2344,38
2345,13
2345,30
2345,37
2346,35
2349,40
2350,2
2350,14
2350,36
2351,6
2351,25
2351,26
2351,33
2351,35
2352,11
2352,22
2353,37
2354,19
2354,23
2354,40
2355,31
2356,27
2356,36
2356,39
2357,35
2357,38
2358,22
2358,33
2358,34
2358,40
2359,4
2359,17
2360,21
2360,37
2362,33
2362,40
2363,35
2364,38
2365,32
2366,8
2366,34
2366,36
2367,40
2368,24
2368,33
2369,35
2369,37
2370,38
2372,40
2373,33
2374,18
2374,35
2374,36
2376,16
2376,33
2378,35
2378,37
2378,40
2381,28
2381,33
2381,35
2381,39
2382,36
2382,40
2384,30
2385,33
2385,35
2386,40
2388,33
2389,12
2389,37
2390,34
2390,35
2391,3
2391,33
2391,40
2393,36
2394,22
2394,35
2396,33
2396,34
2397,37
2397,40
2398,2
2398,38
2398,39
2399,35
2401,40
2402,34
2403,33
2403,35
2404,25
2407,33
2407,40
2408,36
2408,37
2409,35
2410,7
2410,15
2411,1
2411,38
2412,33
2413,26
2413,35
2414,34
2414,36
2414,37
2414,40
2416,20
2416,33
2417,18
2417,22
2418,16
2420,8
2420,34
2420,35
2421,33
2421,37
2421,40
2422,5
2423,36
2424,30
2424,35
2424,38
2426,23
2426,32
2426,33
2427,37
2428,14
2428,35
2428,40
2429,38
2430,33
2430,34
2431,22
2431,36
2432,17
2432,37
2433,4
2435,33
2435,35
2435,38
2435,40
2437,29
2438,37
2438,39
2439,34
2440,11
2440,40
2441,33
2442,35
2442,36
2443,10
2444,2
2444,38
2444,40
2445,21
2445,33
2445,34
2447,9
2448,40
2449,35
2450,33
2450,37
2450,38
2451,34
2452,36
2453,19
2455,33
2455,40
2457,38
2458,35
2458,37
2459,25
2460,34
2461,40
2462,33
2463,6
2463,37
2464,26
2464,28
2464,36
2465,7
2465,35
2466,38
2467,40
2468,31
2469,37
2470,33
2470,34
2470,39
2472,40
2473,35
2474,24
2474,38
2475,12
2476,34
2477,37
2478,33
2479,22
2479,30
2479,35
2479,36
2479,40
2482,35
2482,38
2482,40
2485,29
2486,35
2487,34
2487,36
2487,37
2487,40
2488,13
2488,14
2488,39
2489,3
2489,27
2490,33
2490,38
2491,18
2491,35
2491,40
2492,1
2492,2
2492,37
2494,22
2494,32
2495,4
2495,8
2495,25
2495,35
2495,40
2498,11
2498,26
2498,33
2499,36
2499,37
2499,40
2500,38
2502,16
2502,20
2502,35
2503,30
2504,37
2504,38
2505,34
2505,40
2506,33
2507,35
2509,37
2510,5
2510,38
2510,40
2512,23
2513,34
2514,37
2515,35
2515,36
2515,38
2516,33
2516,40
2518,17
2519,37
2521,34
2522,21
2522,35
2522,40
2523,33
2523,37
2524,36
2525,38
2526,15
2527,22
2527,37
2529,35
2530,33
2530,34
2531,37
2531,39
2532,38
2534,36
2534,40
2535,37
2537,34
2539,33
2539,37
2540,40
2541,34
2541,35
2542,7
2543,38
2544,39
2545,33
2545,37
2546,34
2546,40
2547,9
2548,28
2548,35
2551,34
2551,37
2552,40
2553,2
2554,18
2554,24
2554,33
2554,35
2554,36
2557,16
2558,30
2558,34
2558,40
2559,11
2559,22
2559,32
2559,38
2560,19
2560,36
2560,37
2561,8
2561,25
2561,33
2561,35
2562,20
2562,39
2563,6
2563,31
2564,4
2564,12
2564,40
2565,23
2565,34
2565,37
2566,1
2566,33
2566,35
2568,40
2569,21
2569,36
2569,37
2572,22
2572,40
2573,33
2573,35
2573,37
2574,36
2576,13
2576,34
2577,33
2577,38
2577,40
2578,26
2578,37
2581,36
2582,29
2582,37
2583,33
2583,35
2584,40
2587,3
2588,35
2588,37
2589,25
2589,27
2589,33
2589,34
2589,36
2589,38
2589,40
2591,17
2593,33
2593,35
2595,34
2595,37
2595,40
2598,33
2598,35
2598,38
2600,36
2601,34
2601,40
2602,37
2604,33
2604,35
2605,22
2606,36
2606,39
2607,37
2607,40
2608,14
2608,30
2609,34
2610,22
2611,32
2611,35
2611,40
2612,7
2612,28
2612,36
2613,33
2614,34
2614,38
2616,8
2616,35
2617,40
2618,10
2618,34
2618,37
2618,39
2619,2
2620,35
2621,36
2622,22
2622,40
2623,34
2624,11
2625,24
2625,35
2627,38
2628,4
2628,16
2628,34
2628,37
2629,33
2629,36
2629,39
2630,35
2631,5
2631,26
2633,33
2633,40
2634,21
2636,35
2636,37
2638,33
2638,34
2638,36
2640,1
2640,15
2641,23
2641,35
2641,37
2642,33
2643,18
2643,25
2644,9
2644,31
2644,36
2644,40
2645,35
2646,29
2646,34
2647,33
2647,38
2647,39
2648,37
2649,12
2649,35
2649,36
2650,2
2650,19
2651,33
2651,34
2652,40
2653,35
2656,33
2656,37
2657,35
2658,22
2658,34
2658,36
2659,40
2660,3
2660,35
2661,37
2662,24
2662,33
2664,26
2664,35
2665,30
2665,36
2667,22
2667,37
2668,33
2668,34
2668,35
2668,40
2672,36
2673,8
2673,32
2673,37
2674,35
2675,34
2677,33
2678,17
2678,36
2679,4
2680,25
2680,34
2680,37
2681,35
2682,6
2682,7
2682,21
2682,27
2683,39
2683,40
2685,16
2685,36
2685,37
2685,38
2686,33
2686,34
2686,35
2689,11
2690,34
2691,38
2692,35
2692,36
2693,37
2693,39
2693,40
2694,22
2694,28
2696,34
2697,18
2697,35
2697,38
2698,40
2699,30
2699,37
2700,33
2701,34
2701,36
2703,20
2704,5
2704,39
2704,40
2705,35
2705,38
2706,13
2707,34
2707,37
2708,2
2709,33
2710,25
2710,40
2711,38
2712,35
2712,37
2714,36
2716,26
2716,40
2717,35
2717,37
2718,3
2718,33
2718,38
2719,34
2721,37
2722,22
2722,35
2723,1
2723,30
2723,40
2725,33
2725,38
2726,37
2727,34
2727,36
2727,39
2728,35
2730,32
2731,40
2732,33
2732,34
2732,37
2733,38
2734,12
2735,23
2735,36
2736,35
2737,37
2738,14
2738,24
2738,33
2738,40
2739,26
2739,34
2740,36
2741,37
2742,21
2742,22
2742,35
2743,16
2745,33
2745,38
2745,40
2746,8
2746,31
2746,37
2747,19
2747,39
2748,35
2749,36
2750,34
2750,38
2750,40
2751,30
2751,37
2752,4
2752,29
2752,33
2753,35
2755,40
2756,7
2756,37
2756,38
2759,5
2760,36
2760,39
2761,25
2761,38
2762,18
2762,33
2762,40
2763,35
2763,37
2764,11
2764,14
2765,15
2765,36
2766,9
2766,17
2767,20
2767,26
2768,22
2768,34
2769,21
2769,33
2770,2
2770,10
2770,38
2770,40
2771,35
2771,36
2771,37
2773,33
2773,39
2774,32
2775,26
2775,40
2776,27
2777,37
2778,33
2778,38
2779,34
2779,36
2780,35
2780,40
2784,33
2784,39
2785,34
2785,37
2787,6
2787,35
2787,40
2788,38
2790,25
2790,36
2791,33
2792,28
2794,37
2794,38
2794,40
2795,30
2795,34
2796,16
2796,36
2797,35
2798,33
2800,38
2800,40
2803,35
2804,37
2804,38
2806,34
2807,12
2807,33
2807,40
2808,35
2808,38
2809,36
2811,37
2814,38
2814,40
2815,33
2815,37
2816,39
2817,35
2818,22
2818,26
2819,37
2819,38
2821,36
2822,1
2822,35
2823,33
2824,37
2824,40
2826,11
2826,17
2826,34
2827,38
2828,35
2828,36
2829,3
2829,37
2829,40
2830,22
2830,23
2830,33
2832,4
2833,35
2834,40
2835,24
2835,31
2836,8
2836,25
2836,38
2837,30
2837,37
2837,39
2838,7
2838,33
2838,34
2839,13
2839,26
2839,29
2839,35
2840,2
2840,6
2840,36
2840,40
2841,37
2842,5
2842,21
2842,33
2843,34
2843,35
2844,32
2845,37
2845,40
2846,19
2848,34
2849,33
2850,35
2851,18
2851,37
2851,38
2852,34
2852,39
2852,40
2854,9
2855,20
2856,34
2856,37
2857,22
2857,30
2858,24
2858,33
2858,35
2859,16
2860,40
2861,37
2861,38
2862,28
2862,36
2864,15
2864,33
2864,34
2865,27
2865,35
2865,40
2866,38
2867,10
2867,37
2868,34
2868,36
2869,40
2870,33
2870,38
2871,35
2872,39
2873,36
2875,26
2875,33
2875,34
2875,37
2875,38
2876,40
2879,22
2880,36
2880,38
2882,33
2882,34
2882,35
2884,37
2884,39
2884,40
2886,38
2887,17
2889,25
2889,34
2889,36
2890,2
2890,37
2890,38
2890,40
2894,31
2894,33
2895,35
2895,37
2895,38
2895,40
2896,14
2897,1
2898,36
2899,33
2899,39
2899,40
2900,38
2901,32
2901,34
2901,37
2902,4
2903,40
2904,11
2904,35
2905,33
2905,37
2906,39
2907,8
2907,38
2909,35
2909,36
2909,37
2910,33
2910,40
2911,38
2912,34
2913,37
2914,40
2915,33
2916,38
2917,35
2918,22
2918,36
2918,37
2919,30
2919,33
2919,40
2921,34
2922,35
2924,33
2924,37
2926,34
2926,35
2926,40
2927,3
2927,38
2928,2
2928,12
2928,37
2929,5
2929,35
2930,33
2930,36
2931,23
2931,40
2933,24
2933,35
2933,37
2934,7
2934,17
2934,34
2935,26
2935,33
2936,18
2936,22
2936,25
2936,29
2937,28
2937,35
2937,38
2938,16
2938,20
2938,39
2939,34
2939,37
2940,21
2940,33
2941,14
2941,32
2941,35
2941,40
2942,30
2942,36
2943,22
2945,15
2946,1
2946,35
2947,4
2947,37
2947,40
2950,33
2950,34
2950,38
2951,35
2951,36
2951,40
2954,19
2954,37
2955,25
2955,35
2956,38
2957,34
2957,40
2958,11
2958,33
2959,36
2960,35
2960,38
2960,39
2963,9
2963,33
2963,34
2963,37
2963,40
2964,35
2966,38
2968,35
2969,37
2970,40
2971,33
2971,38
2972,34
2973,35
2976,26
2976,37
2976,40
2977,13
2977,36
2977,38
2978,35
2982,6
2982,12
2982,39
2982,40
2983,34
2984,33
2984,35
2984,37
2984,38
2986,24
2988,22
2990,33
2990,37
2991,8
2991,35
2991,36
2991,40
2992,27
2992,38
2992,39
2993,2
2996,16
2996,30
2996,35
2996,40
2997,33
2998,37
2999,38
3000,14
3000,32
3000,35
3000,36
3001,33
3001,39
3002,34
3002,37
3002,40
3004,3
3005,28
3007,22
3007,33
3007,35
3007,37
3008,18
3009,36
3010,31
3011,21
3011,33
3012,17
3012,37
3013,25
3013,35
3013,40
3015,29
3015,33
3015,34
3017,26
3017,36
3018,1
3018,7
3019,33
3019,37
3019,39
3020,19
3020,35
3021,34
3023,11
3023,25
3023,36
3024,33
3024,40
3025,5
3025,23
3025,38
3026,35
3027,9
3027,34
3027,36
3027,37
3028,33
3030,15
3030,20
3031,4
3031,22
3031,39
3032,33
3032,34
3032,36
3032,40
3033,2
3033,35
3035,37
3035,38
3037,40
3038,21
3039,34
3040,33
3040,36
3041,37
3042,35
3043,22
3043,40
3045,38
3046,30
3046,33
3047,36
3048,34
3048,37
3050,35
3050,40
3053,33
3055,40
3056,35
3056,39
3057,26
3057,33
3058,30
3059,37
3059,38
3061,35
3061,36
3061,40
3063,12
3063,33
3064,34
3067,8
3067,35
3068,24
3069,33
3069,38
3070,32
3070,36
3071,25
3071,37
3072,40
3073,33
3073,35
3074,16
3074,22
3075,34
3076,17
3077,38
3078,33
3079,35
3079,40
3080,28
3080,36
3082,37
3084,6
3084,35
3085,33
3085,34
3088,7
3089,11
3089,27
3089,33
3089,37
3090,35
3090,40
3091,34
3091,39
3092,10
3092,18
3092,29
3094,36
3095,3
3095,37
3096,35
3096,38
3097,2
3097,22
3097,23
3097,33
3098,14
3098,40
3099,5
3099,34
3099,35
3100,36
3101,33
3102,39
3103,1
3103,35
3103,37
3104,4
3104,22
3105,40
3106,33
3107,37
3108,30
3108,32
3108,36
3109,34
3109,35
3111,13
3111,40
3112,33
3113,37
3114,35
3115,40
3116,38
3116,39
3117,26
3117,37
3119,35
3119,36
3120,33
3120,40
3121,34
3121,37
3122,21
3123,35
3124,8
3125,31
3126,33
3126,36
3126,37
3126,38
3127,19
3127,24
3127,40
3128,35
3129,34
3131,39
3132,16
3133,22
3133,37
3133,40
3135,33
3135,35
3136,36
3136,38
3137,34
3138,20
3140,18
3140,35
3141,30
3141,37
3141,40
3142,33
3144,2
3145,35
3145,40
3146,12
3146,14
3146,36
3147,37
3148,29
3148,33
3149,25
3149,34
3150,11
3150,35
3150,40
3151,37
3151,39
3152,36
3152,38
3153,7
3153,33
3153,40
3156,35
3157,37
3157,40
3162,26
3162,36
3162,40
3165,23
3165,34
3165,35
3165,37
3166,15
3166,28
3166,33
3166,38
3167,17
3167,40
3169,35
3169,36
3170,32
3171,21
3171,22
3174,34
3174,37
3175,3
3175,33
3175,40
3176,2
3176,8
3176,9
3176,38
3177,35
3178,36
3180,5
3180,37
3181,1
3181,30
3182,22
3183,4
3183,33
3183,35
3183,40
3184,36
3184,37
3185,13
3185,25
3186,16
3186,34
3187,35
3188,6
3188,37
3188,40
3191,20
3191,33
3192,36
3192,39
3192,40
3193,35
3193,37
3194,24
3194,38
3195,40
3197,35
3198,22
3199,40
3200,34
3201,35
3202,37
3202,40
3203,36
3204,33
3205,40
3206,35
3206,38
3209,40
3210,35
3211,37
3212,33
3212,34
3213,26
3213,35
3214,39
3214,40
3216,37
3217,35
3218,22
3218,34
3219,40
3221,35
3222,27
3222,33
3222,34
3222,37
3223,40
3224,30
3225,11
3225,36
3226,18
3226,35
3227,34
3228,37
3228,40
3229,31
3231,33
3232,34
3232,35
3233,39
3234,2
3234,19
3234,22
3234,40
3235,37
3236,33
3237,35
3238,8
3238,34
3239,25
3239,32
3240,37
3240,38
3240,40
3241,33
3242,35
3243,7
3243,34
3244,1
3244,16
3244,33
3244,36
3245,29
3245,40
3246,37
3246,38
3247,35
3248,33
3248,34
3250,40
3251,36
3252,33
3253,35
3254,37
3255,34
3255,38
3256,33
3258,26
3258,40
3259,35
3260,17
3260,23
3260,28
3260,36
3262,3
3262,14
3262,33
3262,34
3263,21
3263,35
3264,22
3264,37
3264,38
3264,39
3265,25
3265,36
3265,40
3268,35
3269,38
3270,33
3270,34
3273,36
3274,2
3274,39
3275,37
3275,38
3276,40
3277,35
3278,9
3279,33
3279,36
3280,15
3282,11
3282,35
3283,34
3283,38
3284,12
3284,33
3284,36
3286,40
3287,35
3288,4
3290,33
3291,37
3292,5
3292,36
3292,38
3293,6
3293,24
3293,30
3293,40
3294,35
3297,13
3298,22
3298,40
3299,18
3299,33
3299,36
3300,20
3300,26
3300,34
3301,35
3301,37
3303,25
3304,8
3304,38
3304,40
3305,1
3305,32
3305,33
3305,35
3307,36
3308,40
3309,37
3310,16
3310,35
3310,39
3311,7
3312,33
3312,34
3313,25
3313,40
3314,36
3315,35
3318,17
3318,40
3319,34
3319,37
3321,19
3322,35
3322,38
3323,10
3323,40
3324,33
3325,30
3325,34
3326,36
3326,39
3327,27
3328,35
3328,40
3329,22
3329,38
3330,33
3332,21
3332,31
3332,37
3333,12
3334,34
3334,38
3336,29
3336,35
3337,40
3338,2
3338,39
3339,28
3339,33
3339,37
3340,38
3342,24
3342,35
3343,3
3343,11
3343,34
3343,36
3343,37
3345,14
3345,33
3346,22
3346,38
3346,40
3347,37
3349,23
3349,26
3349,39
3351,33
3351,36
3353,34
3353,35
3353,37
3354,9
3354,40
3355,38
3356,32
3356,33
3359,40
3361,33
3361,34
3362,40
3363,35
3363,39
3364,25
3365,37
3366,40
3367,33
3367,38
3369,35
3370,34
3370,36
3371,17
3371,40
3373,16
3373,33
3375,37
3375,40
3376,18
3377,35
3377,38
3378,15
3379,33
3381,8
3381,22
3381,34
3382,6
3382,30
3382,36
3383,37
3383,40
3384,25
3385,4
3385,33
3386,35
3387,7
3387,11
3387,20
3387,21
3389,34
3389,36
3389,37
3390,33
3391,40
3393,39
3394,29
3395,33
3395,38
3397,2
3397,34
3397,35
3398,36
3399,12
3399,40
3400,1
3400,33
3401,37
3402,14
3404,33
3404,36
3404,40
3407,35
3408,24
3409,33
3409,38
3410,40
3412,37
3413,5
3413,33
3413,35
3414,28
3415,22
3415,26
3415,34
3418,33
3418,36
3419,32
3419,35
3420,23
3421,3
3421,34
3421,37
3421,40
3422,13
3422,19
3422,31
3422,38
3423,8
3423,21
3423,33
3423,36
3424,22
3424,30
3424,35
3425,25
3427,36
3428,33
3428,34
3428,38
3428,40
3429,37
3429,39
3430,1
3432,16
3432,35
3433,33
3434,36
3434,37
3434,40
3437,34
3438,37
3439,35
3441,33
3441,38
3442,37
3442,40
3443,18
3444,35
3445,27
3446,33
3446,36
3447,30
3447,37
3448,40
3450,33
3450,35
3451,25
3451,34
3454,39
3455,17
3455,33
3455,37
3455,40
3456,26
3456,34
3456,35
3456,36
3458,9
3458,22
3458,38
3460,37
3460,40
3461,34
3463,33
3464,38
3465,2
3465,37
3466,4
3466,10
3467,20
3467,35
3468,34
3468,36
3468,40
3469,11
3469,37
3470,38
3472,6
3472,33
3473,37
3474,38
3475,39
3476,35
3476,40
3477,7
3477,36
3478,32
3478,38
3479,34
3479,37
3480,40
3481,33
3485,38
3486,33
3486,37
3486,40
3487,30
3487,35
3488,15
3488,34
3489,22
3490,12
3491,36
3491,38
3491,40
3492,37
3493,28
3493,33
3494,8
3495,23
3495,34
3495,35
3496,22
3496,37
3497,25
3497,33
3497,40
3499,36
3500,16
3500,29
3501,35
3501,38
3502,24
3502,33
3503,1
3503,14
3503,19
3503,30
3503,37
3505,18
3505,26
3505,33
3505,40
3506,5
3506,37
3507,3
3508,36
3508,39
3509,33
3509,35
3510,22
3510,37
3511,34
3513,33
3514,2
3515,35
3515,40
3516,31
3516,37
3519,33
3520,37
3520,38
3520,40
3521,27
3522,35
3523,36
3523,39
3524,40
3525,33
3525,37
3526,38
3529,17
3529,37
3529,40
3530,36
3531,33
3531,35
3533,37
3533,40
3536,11
3536,35
3537,37
3538,21
3538,40
3539,36
3540,24
3540,39
3541,4
3541,35
3542,9
3542,33
3542,37
3545,40
3546,34
3546,35
3546,36
3547,13
3547,37
3548,22
3548,26
3548,32
3548,33
3549,7
3549,40
3550,35
3551,20
3552,34
3553,12
3553,33
3553,37
3553,40
3554,25
3555,8
3555,30
3555,35
3556,40
3557,33
3558,28
3558,36
3558,39
3560,34
3560,35
3560,37
3560,40
3562,16
3562,33
3563,29
3565,35
3565,40
3568,33
3568,34
3568,38
3569,36
3569,37
3570,2
3570,18
3570,40
3571,30
3571,35
3573,22
3574,34
3575,40
3576,33
3577,35
3579,34
3579,36
3579,39
3581,37
3582,40
3584,34
3584,35
3585,19
3586,21
3586,33
3587,40
3588,1
3589,36
3590,34
3590,38
3591,6
3591,33
3591,37
3592,5
3592,35
3593,25
3594,40
3595,3
3595,37
3596,22
3596,33
3596,34
3598,17
3598,31
3598,36
3598,39
3599,33
3599,35
3599,40
3600,9
3600,23
3600,37
3601,24
3602,11
3602,32
3602,34
3603,15
3603,33
3604,40
3605,7
3605,36
3605,37
3605,38
3606,22
3607,20
3607,35
3608,33
3608,40
3609,26
3609,34
3609,37
3610,4
3611,36
3611,39
3612,2
3614,33
3614,37
3614,40
3617,36
3618,27
3618,35
3619,37
3620,33
3620,34
3621,18
3621,40
3623,36
3623,37
3624,35
3625,8
3625,33
3627,37
3628,16
3628,40
3629,33
3629,36
3631,22
3633,35
3633,37
3634,33
3634,40
3635,38
3638,25
3639,30
3639,36
3639,40
3640,37
3640,39
3641,22
3641,26
3641,33
3641,38
3643,34
3643,35
3645,14
3645,40
3646,33
3646,36
3646,37
3647,1
3647,21
3649,22
3649,28
3649,38
3649,39
3650,33
3650,40
3651,34
3651,36
3654,35
3654,37
3654,40
3655,32
3656,30
3657,33
3658,2
3658,34
3658,35
3658,36
3659,13
3659,40
3660,12
3660,38
3660,39
3661,10
3661,37
3662,35
3663,29
3665,24
3665,31
3665,33
3665,36
3665,40
3667,34
3667,38
3668,11
3669,3
3670,35
3671,37
3671,40
3672,22
3672,36
3673,5
3674,33
3674,34
3675,40
3676,25
3678,4
3678,33
3678,35
3678,37
3678,40
3679,17
3679,18
3679,36
3680,34
3680,38
3681,15
3681,19
3681,23
3682,40
3683,6
3683,33
3683,35
3683,39
3685,7
3685,34
3685,37
3686,40
3687,16
3688,33
3688,35
3688,36
3689,22
3689,37
3690,34
3690,38
3691,40
3693,35
3694,33
3694,34
3694,36
3695,37
3696,40
3697,39
3698,35
3699,37
3700,8
3700,34
3700,40
3701,33
3702,38
3703,35
3705,37
3707,30
3707,36
3707,40
3708,34
3709,33
3709,35
3711,20
3711,40
3712,37
3713,2
3715,40
3716,35
3717,25
3717,34
3719,33
3719,36
3719,37
3719,38
3720,26
3720,40
3721,27
3724,12
3724,33
3724,35
3725,9
3725,22
3726,1
3726,40
3727,28
3727,36
3728,23
3728,37
3729,32
3729,34
3729,38
3730,25
3730,33
3731,21
3731,24
3731,35
3732,36
3734,11
3734,22
3734,40
3735,33
3736,34
3736,38
3737,17
3737,39
3738,14
3739,35
3739,36
3740,37
3740,38
3740,40
3741,29
3741,34
3745,36
3745,38
3747,3
3747,16
3747,33
3747,34
3747,37
3747,39
3748,35
3748,40
3750,31
3750,38
3751,5
3751,30
3751,36
3753,33
3754,18
3754,34
3754,40
3755,35
3755,37
3756,15
3756,38
3758,36
3759,39
3760,20
3760,38
3761,26
3761,37
3762,33
3762,40
3763,35
3765,36
3766,33
3768,4
3768,38
3768,40
3769,33
3769,37
3770,2
3770,22
3770,35
3773,33
3773,37
3774,40
3775,19
3775,36
3777,7
3778,35
3779,33
3780,34
3780,37
3780,38
3780,39
3781,25
3782,40
3783,36
3784,33
3785,16
3786,38
3787,35
3788,33
3788,37
3789,8
3792,30
3792,36
3792,38
3792,40
3794,33
3795,35
3795,37
3795,38
3797,6
3798,13
3798,26
3798,33
3798,40
3799,34
3799,38
3801,1
3801,11
3802,14
3803,12
3803,33
3803,35
3803,36
3804,22
3804,32
3804,38
3804,40
3805,10
3806,37
3807,21
3807,24
3808,9
3808,38
3809,34
3809,40
3810,28
3810,33
3810,35
3810,39
3812,22
3813,36
3815,2
3815,27
3815,38
3816,33
3816,35
3817,37
3817,40
3820,3
3820,17
3821,35
3823,23
3823,30
3823,33
3823,37
3823,40
3825,34
3825,35
3826,40
3827,18
3827,25
3827,29
3828,33
3828,36
3830,38
3830,40
3832,35
3833,33
3833,34
3835,22
3835,38
3835,40
3837,35
3837,36
3840,33
3840,37
3841,34
3841,38
3841,40
3843,35
3844,36
3845,39
3847,35
3848,33
3848,34
3848,37
3848,40
3849,20
3852,35
3853,33
3854,31
3855,16
3855,37
3855,40
3857,5
3857,18
3857,34
3858,4
3858,14
3858,33
3858,35
3859,8
3859,30
3860,36
3861,7
3861,26
3861,37
3862,12
3862,35
3862,38
3862,40
3863,33
3864,1
3864,11
3864,25
3864,39
3865,34
3867,21
3867,33
3867,38
3868,35
3868,37
3869,40
3870,36
3873,32
3873,38
3874,19
3874,33
3875,35
3876,34
3876,40
3878,2
3878,36
3878,37
3881,38
3882,35
3883,34
3883,40
3886,33
3887,9
3887,28
3887,38
3887,40
3888,35
3888,37
3889,6
3889,27
3890,34
3890,36
3892,40
3893,15
3894,13
3894,22
3894,37
3895,30
3895,33
3895,34
3895,35
3895,38
3895,39
3896,17
3896,21
3896,24
3897,40
3898,36
3899,26
3900,33
3901,34
3901,38
3902,22
3903,35
3903,36
3904,33
3904,40
3908,37
3909,34
3910,33
3911,36
3912,35
3913,37
3913,38
3913,40
3914,23
3914,33
3914,34
3918,33
3918,35
3918,36
3920,16
3920,34
3921,37
3921,40
3922,33
3924,35
3925,38
3926,33
3926,37
3926,40
3928,8
3928,34
3929,3
3929,36
3930,37
3931,20
3931,22
3931,25
3932,35
3933,4
3933,33
3933,34
3933,39
3934,40
3935,1
3935,11
3935,37
3936,14
3936,26
3936,36
3937,32
3938,2
3938,18
3938,22
3938,33
3939,5
3939,31
3939,34
3939,35
3939,39
3940,9
3940,40
3941,21
3941,24
3941,29
3942,19
3942,37
3943,10
3943,22
3943,34
3944,33
3944,36
3944,38
3946,7
3947,35
3947,37
3947,39
3948,40
3949,30
3950,33
3951,34
3952,35
3952,36
3955,37
3955,40
3958,33
3958,34
3959,35
3959,38
3962,36
3963,37
3964,38
3964,40
3966,34
3966,35
3969,38
3970,26
3970,36
3971,17
3971,33
3972,37
3973,38
3973,39
3973,40
3974,22
3974,34
3975,35
3976,28
3977,12
3978,38
3979,34
3979,35
3979,36
3980,2
3980,33
3980,37
3982,30
3982,35
3983,27
3983,40
3985,35
3985,36
3986,32
3986,33
3986,34
3987,38
3988,6
3988,25
3989,11
3989,16
3989,37
3990,35
3990,40
3992,23
3993,33
3993,38
3995,35
3995,36
3996,4
3996,34
3996,39
4000,1
4000,37
4000,40
4001,35
4003,36
4004,14
4004,33
4004,34
4004,38
4005,40
4006,15
4006,24
4006,37
4007,18
4008,35
4009,36
4010,22
4010,38
4010,39
4011,8
4012,33
4012,34
4012,37
4012,40
4014,3
4016,25
4016,35
4016,40
4017,33
4017,36
4018,30
4019,37
4020,38
4020,40
4021,7
4021,26
4021,34
4022,35
4023,31
4024,29
4024,37
4025,40
4026,33
4027,13
4028,20
4028,22
4028,34
4028,36
4029,38
4029,40
4030,35
4031,33
4031,37
4032,2
4034,38
4034,40
4035,34
4035,36
4036,39
4037,35
4037,37
4040,18
4040,33
4040,38
4040,40
4041,36
4043,5
4044,37
4044,40
4045,33
4045,35
4045,38
4046,21
4047,34
4048,32
4048,40
4049,17
4049,37
4050,33
4050,38
4051,36
4053,35
4053,37
4053,40
4054,19
4054,39
4055,9
4057,33
4057,34
4057,37
4057,40
4058,11
4058,16
4059,35
4059,36
4059,38
4061,37
4062,40
4063,33
4065,35
4066,28
4066,38
4067,4
4067,36
4067,37
4067,40
4068,14
4070,33
4070,38
4071,12
4071,30
4071,35
4071,37
4072,22
4072,39
4072,40
4073,24
4073,36
4073,38
4074,34
4076,37
4076,38
4077,33
4079,35
4080,37
4080,38
4080,40
4084,36
4085,38
4087,26
4087,37
4087,40
4088,34
4089,35
4089,39
4090,33
4094,1
4094,33
4094,35
4094,37
4095,25
4095,36
4096,40
4098,3
4098,33
4099,37
4099,38
4100,7
4100,35
4101,22
4101,40
4102,15
4103,23
4103,25
4104,30
4104,35
4104,36
4105,8
4105,33
4105,34
4105,38
4106,16
4106,27
4107,21
4107,37
4107,40
4108,17
4108,26
4109,38
4110,12
4110,32
4110,35
4111,6
4111,20
4112,29
4112,33
4112,40
4113,22
4113,34
4114,13
4114,37
4114,38
4115,11
4115,35
4116,2
4116,28
4117,36
4117,39
4118,40
4119,35
4119,37
4120,31
4120,38
4121,33
4124,37
4124,40
4125,34
4126,35
4127,18
4128,33
4128,40
4130,37
4130,38
4131,35
4133,22
4133,40
4134,36
4135,33
4136,35
4137,30
4137,38
4137,40
4140,35
4140,37
4141,40
4142,34
4142,36
4144,39
4145,33
4145,35
4145,38
4145,40
4147,34
4148,40
4149,35
4149,37
4149,38
4150,22
4151,40
4152,36
4153,33
4153,34
4155,35
4155,40
4156,38
4159,33
4160,34
4160,35
4160,38
4160,40
4161,5
4161,37
4162,36
4163,33
4164,9
4165,39
4165,40
4166,35
4167,37
4167,38
4168,33
4170,3
4170,35
4171,1
4171,36
4171,40
4172,34
4174,26
4174,33
4174,35
4175,14
4175,22
4175,25
4175,38
4176,37
4176,40
4177,32
4178,35
4178,36
4179,16
4180,33
4180,40
4182,4
4182,8
4182,37
4182,39
4184,18
4184,24
4184,29
4184,30
4184,33
4184,38
4185,19
4185,22
4185,35
4186,36
4186,37
4186,40
4187,7
4188,2
4188,26
4188,34
4189,5
4189,28
4190,21
4190,23
4190,35
4191,15
4191,33
4192,36
4192,37
4192,38
4193,11
4193,27
4193,40
4194,20
4195,33
4195,34
4195,35
4196,17
4197,37
4198,33
4199,38
4199,40
4201,36
4202,33
4202,35
4204,38
4207,33
4208,34
4208,35
4208,37
4210,25
4211,12
4211,33
4212,40
4213,36
4214,33
4214,38
4215,10
4215,26
4215,35
4215,37
4218,33
4219,38
4219,39
4219,40
4220,30
4220,31
4221,33
4221,34
4222,35
4223,37
4224,33
4224,36
4225,2
4225,22
4225,38
4226,24
4227,40
4229,33
4229,38
4231,6
4232,35
4233,33
4233,37
4235,40
4236,39
4237,33
4237,35
4238,13
4238,38
4241,14
4241,40
4242,33
4242,35
4243,34
4243,37
4245,1
4245,32
4245,36
4245,40
4247,35
4247,37
4248,33
4248,39
4248,40
4250,34
4251,4
4252,8
4252,18
4252,22
4252,25
4252,38
4252,40
4253,35
4253,37
4254,11
4255,33
4256,16
4256,40
4257,36
4258,35
4258,37
4259,34
4260,22
4261,3
4261,7
4261,30
4261,40
4262,33
4263,35
4264,23
4264,34
4265,17
4265,40
4267,2
4267,36
4267,37
4268,33
4268,35
4268,38
4268,40
4269,39
4270,34
4271,28
4272,40
4274,35
4275,21
4276,34
4277,38
4278,26
4278,37
4278,40
4281,19
4281,33
4282,32
4282,36
4283,34
4284,20
4284,35
4284,40
4286,22
4286,38
4287,37
4288,33
4289,34
4291,9
4291,27
4291,40
4292,35
4293,37
4294,39
4295,29
4295,40
4296,36
4298,33
4298,34
4299,24
4299,30
4299,40
4301,35
4301,38
4303,40
4304,12
4304,33
4304,37
4306,5
4306,35
4306,36
4307,40
4308,33
4308,34
4309,37
4310,16
4311,8
4313,33
4313,35
4314,40
4315,25
4317,1
4317,34
4317,37
4318,33
4318,38
4318,40
4319,26
4319,35
4320,13
4320,15
4320,18
4321,36
4323,6
4323,31
4323,38
4324,25
4324,33
4324,35
4324,40
4325,21
4325,22
4325,37
4326,14
4327,34
4328,7
4329,36
4329,40
4330,33
4330,35
4330,39
4331,4
4331,38
4333,17
4333,34
4333,37
4336,11
4336,30
4336,33
4336,40
4337,35
4339,36
4341,40
4342,23
4342,38
4343,33
4344,34
4344,35
4345,2
4345,37
4347,40
4348,33
4349,35
4350,32
4352,36
4353,40
4354,33
4354,34
4354,35
4355,37
4357,9
4357,28
4357,40
4359,33
4360,20
4360,35
4360,36
4360,39
4361,38
4362,19
4362,40
4363,29
4363,30
4363,33
4364,22
4365,34
4365,37
4366,35
4367,36
4368,33
4369,40
4370,12
4370,35
4371,34
4372,38
4373,33
4374,36
4375,3
4375,5
4375,22
4375,24
4376,8
4376,33
4376,40
4377,35
4377,37
4378,14
4379,25
4379,34
4380,21
4380,22
4380,33
4380,39
4381,26
4382,36
4383,40
4384,35
4385,33
4385,34
4385,37
4386,31
4386,38
4388,1
4390,33
4390,37
4391,36
4393,38
4395,39
4395,40
4396,16
4396,33
4396,35
4396,37
4397,34
4398,18
4399,38
4400,35
4402,25
4402,27
4403,36
4403,40
4404,33
4404,35
4404,37
4405,11
4406,17
4407,2
4407,26
4407,38
4409,15
4409,35
4409,40
4410,33
4410,37
4411,4
4411,39
4412,36
4414,7
4414,30
4414,37
4415,22
4416,35
4416,38
4417,40
4418,33
4419,32
4419,34
4419,36
4420,37
4421,10
4422,33
4423,28
4424,35
4424,38
4425,40
4426,33
4426,37
4427,23
4427,36
4430,35
4431,33
4431,40
4433,37
4434,38
4435,33
4435,39
4437,35
4437,40
4438,36
4438,37
4439,38
4440,33
4441,40
4443,34
4443,35
4444,33
4444,37
4446,38
4447,29
4447,40
4448,22
4448,33
4448,35
4449,36
4451,37
4451,40
4452,34
4452,35
4453,3
4453,13
4453,33
4455,35
4455,38
4455,40
4456,37
4457,2
4457,8
4457,22
4458,12
4458,25
4458,33
4458,35
4459,30
4459,38
4460,5
4460,40
4461,26
4461,35
4461,36
4462,37
4463,9
4463,24
4463,33
4464,38
4464,40
4465,6
4465,16
4465,35
4467,17
4467,34
4468,20
4468,40
4469,38
4470,35
4470,37
4471,1
4472,33
4472,39
4473,11
4473,21
4473,38
4473,40
4474,18
4474,36
4475,35
4475,37
4477,38
4478,33
4480,40
4482,35
4482,37
4482,38
4483,33
4485,26
4486,19
4486,39
4487,33
4488,35
4488,37
4489,31
4489,36
4489,40
4490,14
4491,4
4492,22
4492,33
4492,35
4492,38
4493,7
4495,34
4495,37
4495,40
4496,30
4496,33
4496,35
4497,32
4498,22
4499,33
4500,16
4500,36
4501,37
4501,39
4502,40
4503,2
4503,33
4503,35
4504,27
4504,28
4505,8
4506,33
4506,37
4507,15
4507,35
4507,36
4508,40
4509,33
4510,38
4512,25
4512,29
4512,35
4512,37
4513,33
4513,36
4514,23
4515,38
4515,40
4516,33
4517,3
4518,37
4519,34
4519,35
4520,26
4520,33
4522,39
4522,40
4524,22
4524,33
4524,36
4525,35
4527,37
4528,40
4529,33
4529,35
4530,38
4531,24
4533,34
4533,36
4534,33
4534,39
4534,40
4536,35
4537,11
4538,37
4539,38
4539,40
4540,33
4541,36
4543,34
4543,35
4543,37
4545,10
4545,40
4547,33
4547,37
4548,35
4548,36
4548,38
4550,40
4553,33
4553,35
4554,18
4555,1
4555,37
4557,34
4558,33
4558,35
4558,40
4560,12
4560,22
4560,30
4560,36
4560,38
4561,35
4561,37
4562,25
4563,5
4564,21
4564,33
4564,39
4565,17
4565,35
4565,37
4565,38
4565,40
4566,32
4567,36
4568,13
4569,34
4569,38
4570,35
4571,7
4571,37
4571,40
4573,8
4574,20
4574,26
4575,35
4575,38
4576,36
4576,37
4577,33
4577,34
4577,40
4579,2
4579,16
4580,4
4580,25
4580,28
4580,35
4581,37
4582,6
4582,9
4582,38
4583,18
4583,40
4584,33
4584,36
4585,37
4586,14
4586,34
4586,35
4586,39
4587,19
4588,22
4589,37
4589,38
4589,40
4590,36
4591,31
4593,35
4594,37
4595,34
4595,39
4595,40
4596,33
4597,24
4597,36
4598,23
4599,35
4600,37
4601,38
4602,3
4602,33
4602,40
4604,29
4604,34
4605,35
4606,37
4607,36
4608,22
4608,30
4608,38
4608,40
4609,34
4609,35
4611,33
4612,11
4612,37
4612,40
4615,30
4615,34
4615,36
4617,35
4617,38
4617,40
4618,33
4618,37
4620,34
4621,21
4622,27
4622,35
4622,40
4623,37
4624,33
4625,34
4625,36
4626,32
4626,38
4627,39
4628,26
4628,33
4628,40
4629,34
4629,37
4631,35
4633,22
4633,33
4633,36
4634,37
4634,38
4635,34
4635,40
4636,2
4636,35
4638,33
4639,34
4640,1
4640,35
4640,37
4640,40
4643,33
4643,38
4644,36
4644,37
4645,34
4645,35
4645,39
4647,16
4647,40
4649,33
4650,34
4650,37
4651,18
4651,35
4651,36
4652,17
4652,38
4653,40
4654,20
4655,12
4656,25
4656,33
4656,37
4657,22
4657,34
4657,35
4658,38
4660,15
4660,36
4661,7
4661,8
4661,33
4661,40
4662,24
4662,34
4663,37
4664,35
4665,28
4665,38
4665,40
4666,3
4666,11
4666,21
4668,30
4669,4
4669,34
4669,35
4669,38
4669,40
4670,31
4670,36
4671,26
4671,37
4671,39
4672,33
4673,13
4674,6
4674,14
4674,35
4674,40
4675,5
4678,22
4678,34
4678,35
4678,37
4679,19
4679,38
4679,40
4681,29
4683,35
4684,32
4684,34
4685,40
4686,38
4687,37
4689,25
4689,35
4690,33
4691,34
4693,36
4694,40
4695,9
4695,35
4695,38
4696,33
4696,37
4697,24
4698,34
4699,40
4702,35
4702,39
4703,38
4704,33
4704,40
4705,10
4705,36
4705,37
4706,34
4707,2
4707,22
4708,35
4709,38
4709,40
4710,23
4713,33
4713,38
4714,11
4714,35
4715,34
4715,36
4715,37
4717,27
4717,40
4719,33
4720,14
4720,39
4721,17
4721,21
4721,35
4722,38
4723,1
4723,37
4723,40
4724,22
4725,33
4725,36
4726,4
4727,30
4727,38
4728,32
4728,35
4729,8
4729,25
4730,36
4730,37
4731,16
4731,40
4732,33
4734,7
4734,38
4735,18
4735,26
4735,35
4737,36
4738,30
4738,33
4740,12
4740,22
4741,34
4741,35
4741,40
4742,36
4742,37
4743,28
4743,33
4744,38
4746,40
4747,2
4748,20
4748,39
4749,35
4751,33
4751,34
4751,36
4751,37
4752,38
4753,40
4757,35
4757,38
4758,3
4759,36
4760,26
4760,37
4761,34
4762,33
4763,31
4763,38
4763,40
4764,13
4766,34
4767,35
4767,40
4768,36
4770,5
4770,37
4771,33
4772,25
4772,38
4773,40
4774,6
4774,34
4775,37
4776,17
4776,19
4776,36
4777,33
4777,35
4777,38
4779,11
4779,37
4779,40
4781,36
4782,4
4782,16
4782,35
4783,22
4783,33
4784,37
4784,40
4786,23
4786,24
4788,30
4788,34
4788,36
4788,39
4789,33
4789,35
4790,29
4790,37
4790,40
4791,25
4791,38
4792,21
4793,34
4794,22
4794,36
4795,33
4796,35
4796,38
4796,40
4797,8
4797,15
4797,32
4798,9
4798,37
4799,33
4800,34
4800,36
4800,40
4801,2
4802,26
4802,39
4804,33
4804,35
4804,38
4804,40
4806,37
4808,36
4809,40
4810,1
4811,35
4812,38
4813,33
4814,18
4814,34
4814,36
4815,40
4816,37
4817,39
4818,33
4818,35
4819,7
4820,40
4821,22
4822,38
4825,36
4826,28
4826,34
4826,37
4826,40
4828,16
4828,30
4828,33
4828,35
4830,38
4832,33
4832,40
4833,37
4833,39
4834,26
4835,12
4835,36
4836,20
4837,27
4837,35
4838,33
4838,40
4839,37
4840,21
4840,34
4840,38
4842,24
4843,3
4843,33
4844,38
4845,37
4845,40
4846,31
4847,14
4847,35
4848,33
4849,22
4849,34
4849,36
4850,39
4850,40
4851,37
4853,33
4854,11
4855,2
4855,40
4856,35
4857,10
4857,33
4857,38
4858,40
4859,37
4860,23
4860,36
4862,35
4863,33
4863,34
4863,38
4863,40
4864,17
4865,22
4866,25
4866,29
4866,36
4867,33
4867,40
4868,35
4868,38
4869,13
4870,32
4871,34
4871,37
4871,40
4872,30
4873,8
4873,33
4873,36
4874,35
4875,26
4875,40
4876,9
4876,18
4876,37
4876,38
4877,6
4877,34
4878,33
4881,4
4881,40
4882,37
4883,5
4884,19
4884,33
4885,34
4885,35
4885,36
4885,38
4886,37
4888,40
4891,1
4891,16
4891,34
4891,37
4892,40
4893,38
4893,39
4894,25
4894,33
4895,37
4897,15
4897,35
4897,40
4898,33
4898,34
4899,36
4899,37
4901,3
4902,28
4903,38
4903,40
4904,7
4904,35
4904,37
4906,22
4906,39
4907,30
4907,33
4908,2
4908,26
4908,37
4910,35
4910,38
4911,40
4912,24
4912,36
4913,27
4913,33
4913,34
4914,22
4914,35
4914,37
4915,32
4916,38
4917,21
4918,20
4919,34
4919,40
4920,33
4920,35
4921,37
4921,38
4922,11
4922,36
4923,8
4924,35
4925,34
4926,40
4927,37
4928,35
4928,39
4930,4
4930,14
4930,38
4931,22
4931,33
4931,34
4931,37
4933,36
4933,40
4934,35
4935,33
4937,34
4937,37
4938,35
4940,18
4940,33
4941,38
4941,40
4942,23
4942,34
4942,35
4943,25
4943,30
4945,12
4945,37
4946,33
4946,35
4946,36
4946,40
4948,34
4950,16
4951,17
4951,38
4952,40
4953,33
4953,35
4953,37
4954,39
4956,34
4957,29
4960,31
4960,33
4960,35
4960,36
4960,37
4961,38
4962,2
4963,40
4965,34
4965,35
4965,37
4966,5
4967,36
4968,3
4968,33
4968,40
4971,19
4971,35
4972,37
4973,33
4974,21
4974,25
4974,40
4975,15
4975,36
4976,26
4977,6
4977,35
4977,39
4978,22
4978,37
4979,1
4979,9
4979,24
4979,33
4979,40
4980,14
4980,36
4980,38
4981,34
4982,7
4982,32
4983,33
4983,37
4983,40
4984,35
4986,8
4986,22
4986,38
4987,33
4988,40
4990,11
4990,30
4991,36
4991,37
4992,35
4992,38
4993,33
4994,13
4994,28
4995,40
4996,20
4997,35
4999,25
4999,34
4999,38
5000,12
5000,33
5000,37
