8,7
8,38
9,36
10,19
10,26
10,28
10,37
11,8
11,14
11,15
12,9
12,10
12,13
12,17
12,18
12,21
12,27
12,34
12,40
13,1
13,2
13,3
13,5
13,6
13,12
13,16
13,24
13,29
13,31
13,32
13,33
13,35
13,38
13,39
14,4
14,11
14,20
14,22
14,23
14,25
14,26
14,27
14,30
14,36
14,37
15,3
15,7
15,8
15,10
15,13
15,14
15,15
15,17
15,18
15,28
15,33
15,34
15,35
15,40
16,2
16,9
16,12
16,19
16,21
16,24
16,27
16,29
16,31
16,32
16,38
16,39
17,1
17,5
17,6
17,17
17,20
17,23
17,25
17,30
17,33
17,36
17,37
18,8
18,12
18,13
18,16
18,18
18,26
18,27
18,34
18,35
18,40
19,2
19,4
19,7
19,10
19,14
19,15
19,22
19,28
19,31
19,32
19,38
19,39
20,3
20,9
20,11
20,13
20,24
20,25
20,29
20,33
20,36
20,37
21,12
21,17
21,21
21,27
21,38
21,40
22,5
22,22
22,23
22,35
22,39
23,13
23,18
23,30
23,32
23,33
23,34
23,36
23,37
24,25
24,26
25,38
26,15
26,36
26,37
26,40
27,33
29,6
29,34
29,37
30,38
32,35
32,37
33,33
36,37
40,33
40,37
40,38
41,36
41,40
45,37
46,36
49,39
50,37
51,38
51,40
54,33
54,36
56,37
57,38
61,35
62,37
62,38
62,40
64,36
65,33
69,36
69,37
69,38
74,35
74,36
77,37
79,38
81,36
82,33
82,40
85,34
86,39
91,25
91,40
92,33
92,34
92,36
93,38
94,37
99,35
99,37
100,34
101,40
102,36
103,37
106,38
107,33
108,40
109,37
110,17
110,39
114,36
114,37
115,13
116,30
116,33
116,39
118,35
118,40
119,38
120,36
122,25
124,36
125,37
125,39
127,34
127,38
129,12
129,27
129,36
130,8
131,39
133,13
133,36
133,38
134,18
134,40
135,7
136,5
136,27
136,33
136,39
137,31
137,36
137,38
138,32
138,37
138,40
139,1
140,2
140,13
140,35
141,15
141,20
141,33
141,36
142,17
142,21
142,25
142,34
142,37
142,38
142,39
143,24
143,29
143,40
144,3
144,10
144,28
145,35
146,11
146,17
146,26
146,33
146,36
146,37
146,39
147,6
147,14
147,16
147,18
147,22
147,23
147,25
147,27
147,30
147,40
148,12
148,32
148,38
149,7
149,9
149,15
149,31
149,33
149,35
149,36
150,10
150,13
150,18
150,23
150,25
150,27
150,34
150,39
150,40
151,2
151,4
151,19
151,24
152,8
152,20
152,29
152,33
152,38
153,5
153,6
153,12
153,17
153,25
153,27
153,28
153,30
153,36
153,37
153,39
153,40
154,13
154,21
154,32
154,34
154,35
155,1
155,14
155,18
155,22
155,26
155,33
156,12
156,31
156,38
156,39
157,3
157,15
157,17
157,27
157,36
157,37
158,19
158,33
158,40
159,16
160,25
160,35
161,34
161,37
161,39
162,33
162,38
165,30
167,36
167,37
168,38
169,33
173,36
173,38
174,33
174,37
175,35
178,33
180,37
181,36
182,34
182,38
182,40
183,33
188,33
188,35
188,37
188,38
189,36
190,39
191,40
196,36
196,38
197,33
198,39
204,36
204,40
205,38
205,39
209,34
209,38
212,33
212,36
212,37
213,39
216,38
217,36
222,37
222,38
223,36
224,39
228,33
228,35
231,36
231,38
232,39
236,40
237,36
240,33
240,36
241,17
242,37
242,39
243,13
243,38
244,35
245,36
249,38
249,40
250,27
250,36
251,37
252,35
253,33
255,10
257,8
257,40
258,33
258,38
259,2
259,36
259,37
260,21
261,39
262,18
262,26
262,35
264,12
264,13
265,30
265,33
265,37
266,1
266,25
266,31
266,34
266,38
266,39
267,3
267,7
267,11
267,15
267,17
267,19
267,36
268,24
268,29
269,6
269,9
269,14
269,22
269,23
269,27
269,28
269,32
269,38
269,40
270,4
270,5
270,10
270,13
270,16
270,25
270,26
270,33
270,35
270,36
270,37
271,2
271,8
271,12
271,17
271,18
271,27
271,30
271,34
271,39
272,1
272,7
272,15
272,20
272,24
272,31
272,38
272,40
273,3
273,9
273,13
273,23
273,25
273,28
273,32
273,33
273,35
274,6
274,12
274,14
274,17
274,18
274,21
274,26
274,27
274,29
274,36
274,37
274,39
275,10
275,19
275,30
275,33
275,34
275,38
275,40
276,2
276,5
276,8
276,22
276,25
276,32
276,35
277,4
277,11
277,12
277,13
277,17
277,18
277,31
277,36
277,37
277,39
278,7
278,15
278,16
278,24
278,27
278,33
278,38
279,23
279,40
280,13
280,25
280,34
280,35
280,36
280,39
281,20
281,22
282,26
282,33
282,38
283,36
283,37
285,27
285,39
288,36
290,38
291,33
291,39
292,40
294,36
299,36
299,37
299,39
299,40
302,34
302,38
308,33
308,40
309,36
309,38
310,37
314,33
316,35
317,34
318,37
318,40
321,33
321,36
321,38
324,39
326,35
327,33
328,37
329,36
332,40
333,33
334,37
336,35
336,39
338,33
338,38
338,40
339,37
341,34
341,36
343,38
348,38
348,40
349,34
349,37
351,33
351,36
351,39
353,38
355,40
359,38
360,39
360,40
361,33
361,34
361,37
363,35
363,38
366,33
367,36
368,37
368,40
369,38
370,33
373,33
373,38
375,36
376,40
378,33
378,38
380,13
381,26
381,35
381,37
383,33
383,36
383,38
383,40
384,39
385,34
388,17
389,33
390,25
391,38
392,27
392,35
393,6
393,16
393,33
393,36
393,39
394,32
395,2
395,34
396,18
396,21
396,40
397,8
397,13
397,33
397,38
398,1
398,35
399,7
399,10
399,12
399,15
399,29
399,37
400,5
400,9
400,14
400,24
400,25
400,27
400,31
400,33
401,3
401,17
401,19
401,26
401,28
401,34
401,36
401,38
401,39
401,40
402,4
402,12
402,22
402,23
402,27
402,30
402,33
402,37
403,2
403,6
403,7
403,8
403,11
403,13
403,18
403,20
403,24
403,25
403,32
403,35
404,1
404,15
404,16
404,21
404,31
404,33
404,36
405,9
405,10
405,12
405,13
405,14
405,17
405,25
405,27
405,29
405,34
405,35
405,37
405,38
405,39
405,40
406,3
406,4
406,5
406,8
406,18
406,19
406,22
406,23
406,26
406,28
406,30
406,32
407,2
407,6
407,7
407,17
407,20
407,24
407,27
407,33
407,36
407,37
407,38
407,40
408,9
408,12
408,13
408,15
408,25
408,26
408,31
408,34
408,39
409,1
409,10
409,11
409,18
409,23
409,29
409,30
409,32
409,33
409,35
410,17
410,21
410,28
410,36
410,38
411,3
411,8
411,13
411,14
411,27
411,33
411,34
411,35
411,37
411,39
411,40
412,12
412,16
413,19
413,25
413,31
414,38
415,33
415,36
415,37
415,39
416,34
416,40
420,36
420,37
421,40
422,33
423,39
426,36
426,38
428,33
429,37
432,36
432,38
432,40
434,33
436,39
437,38
438,37
440,36
441,38
442,37
444,40
445,35
445,38
446,36
447,33
447,37
451,33
452,38
454,40
455,37
456,33
456,36
460,38
460,39
461,33
463,35
463,36
465,40
470,33
470,37
470,38
471,36
472,35
474,39
475,37
478,33
480,37
480,40
481,36
481,38
482,39
485,33
487,35
487,39
489,37
491,33
495,38
496,35
496,37
496,39
498,34
498,36
498,40
499,33
502,37
505,37
506,35
507,33
507,34
509,37
510,36
513,37
514,35
515,17
515,38
516,33
516,36
517,26
517,40
519,37
521,35
521,36
521,38
523,17
524,33
526,18
526,37
526,38
527,27
527,40
528,15
528,36
531,13
531,33
531,38
532,2
532,30
533,5
533,20
533,35
534,12
534,32
534,38
534,39
535,6
535,7
535,8
535,10
535,21
535,25
535,34
535,36
535,37
536,3
536,13
536,19
536,24
536,26
536,27
536,31
537,4
537,9
537,12
537,14
537,17
537,28
537,29
537,33
538,1
538,16
538,18
538,22
538,23
538,25
538,27
538,30
538,32
538,34
538,35
538,36
538,38
538,39
538,40
539,2
539,5
539,8
539,10
539,11
539,13
539,15
539,24
539,26
539,33
539,37
540,3
540,6
540,7
540,17
540,20
540,31
541,9
541,12
541,14
541,18
541,19
541,21
541,25
541,27
541,28
541,32
541,33
541,34
541,35
541,38
541,39
541,40
542,13
542,15
542,23
542,24
542,26
542,36
542,37
543,1
543,8
543,10
543,16
543,22
543,29
543,30
543,31
544,11
544,12
544,17
544,25
544,27
544,33
544,38
545,2
545,4
545,13
545,18
545,32
545,34
545,35
545,36
545,37
545,39
545,40
546,3
546,7
547,20
547,30
547,33
547,38
548,15
548,36
549,25
551,33
551,38
552,34
552,37
553,36
558,33
558,36
559,37
560,34
562,38
562,40
567,37
568,34
569,40
570,33
571,37
571,38
574,37
575,40
577,35
578,36
578,37
580,34
580,40
582,37
585,40
586,33
586,37
587,36
588,38
593,37
594,33
594,40
596,36
600,33
600,36
601,35
602,34
602,38
603,37
603,39
604,40
607,36
610,38
610,40
611,33
612,36
612,37
616,13
616,39
617,38
618,36
618,40
620,33
621,37
624,40
625,33
625,36
627,35
629,36
630,37
630,40
631,33
634,35
635,36
636,33
636,37
637,40
642,33
642,36
642,37
643,38
644,39
646,34
646,35
646,40
648,37
649,36
651,33
653,17
653,36
654,37
656,35
656,40
657,33
658,36
660,38
661,37
662,26
662,27
665,33
665,36
666,16
666,18
666,30
667,27
667,38
667,40
668,13
668,34
669,2
669,20
669,21
669,25
669,31
669,35
669,39
670,7
670,9
670,10
670,12
670,15
670,24
670,28
670,33
670,36
671,3
671,4
671,5
671,6
671,8
671,17
671,27
671,32
671,38
672,1
672,14
672,18
672,23
672,25
672,29
672,31
672,33
672,35
672,37
672,40
673,2
673,12
673,13
673,19
673,21
673,22
673,26
673,27
673,34
673,36
673,39
674,7
674,9
674,10
674,11
674,15
674,16
674,17
674,20
674,24
674,28
674,30
674,32
674,33
674,38
675,8
675,13
675,25
675,27
675,35
675,37
675,39
675,40
676,1
676,3
676,5
676,6
676,14
676,17
676,18
676,23
676,29
676,31
676,32
676,33
676,34
676,36
676,38
677,2
677,10
677,12
677,15
677,26
678,9
678,13
678,22
678,24
678,27
678,28
678,30
678,33
678,35
678,36
678,37
678,39
678,40
679,17
679,25
679,34
679,38
680,7
680,23
681,3
681,8
681,18
681,31
681,32
682,33
682,36
682,38
682,40
684,12
684,13
685,35
685,37
687,33
687,36
687,38
688,40
691,36
692,33
693,39
694,38
694,40
696,37
699,33
700,35
700,36
701,38
701,40
705,36
706,33
706,38
709,40
710,36
714,36
714,39
715,38
716,33
720,35
721,33
721,40
722,36
722,38
725,33
726,36
729,33
731,35
731,36
733,33
735,38
736,36
738,33
741,36
742,37
742,39
742,40
744,38
745,33
745,35
746,36
750,33
750,36
755,33
755,35
755,38
757,36
758,37
759,40
762,33
762,37
766,34
767,33
767,37
768,36
771,35
773,33
774,26
775,37
775,39
777,33
777,35
777,38
778,36
781,40
783,33
784,13
785,37
786,36
787,25
788,33
788,35
789,38
790,15
791,37
793,4
793,18
793,19
793,33
793,40
794,17
795,27
796,36
796,37
796,38
797,11
797,33
797,34
797,40
798,8
798,13
798,22
798,30
798,35
798,39
799,10
799,12
799,24
799,25
800,14
800,20
800,21
800,33
801,2
801,7
801,32
801,37
801,38
802,1
802,3
802,5
802,6
802,16
802,17
802,23
802,27
802,28
802,31
802,34
802,35
802,36
802,40
803,9
803,12
803,13
803,18
803,22
803,25
803,26
803,29
803,30
803,39
804,2
804,8
804,15
804,19
804,24
804,27
804,31
804,33
804,37
804,40
805,3
805,4
805,7
805,10
805,12
805,13
805,17
805,21
805,23
805,32
805,34
805,35
805,36
805,38
806,1
806,5
806,9
806,14
806,18
806,25
806,28
806,29
806,30
806,33
806,39
807,6
807,11
807,16
807,20
807,26
807,27
807,37
807,40
808,8
808,12
808,13
808,15
808,17
808,24
808,31
808,32
808,33
808,34
808,35
808,36
808,38
809,3
809,10
809,22
809,23
809,25
809,30
809,39
810,2
810,18
810,27
810,36
810,40
811,7
811,21
811,33
811,38
812,13
812,17
812,35
812,37
813,25
813,32
814,28
814,36
815,33
815,38
815,40
816,39
817,34
817,37
818,35
822,38
823,36
824,33
828,37
829,33
829,38
830,40
834,38
835,33
835,35
835,36
836,37
842,33
842,36
842,37
844,34
844,38
846,35
849,33
851,35
852,36
853,37
854,38
854,39
855,33
860,37
861,35
862,33
862,38
862,40
867,37
868,33
868,35
870,36
872,40
873,33
874,35
874,36
875,37
879,35
880,36
881,33
881,37
886,33
886,35
886,40
887,36
889,37
890,38
890,39
892,33
895,37
897,35
897,38
899,33
899,36
899,40
901,34
902,37
903,39
909,37
910,15
910,26
910,33
911,36
911,38
912,30
912,35
913,12
913,25
913,27
913,34
914,39
915,18
915,37
916,7
916,17
916,31
916,33
916,38
916,40
917,2
917,13
918,8
918,27
918,32
918,36
919,6
919,12
919,14
919,34
919,38
920,10
920,11
920,19
920,25
920,29
920,35
921,1
921,3
921,5
921,9
921,13
921,16
921,17
921,27
921,33
921,37
921,39
922,18
922,21
922,22
922,24
922,26
922,28
922,36
922,38
922,40
923,4
923,8
923,13
923,15
923,20
923,23
923,25
923,31
923,32
923,34
924,12
924,27
924,30
924,35
924,37
924,39
925,2
925,7
925,9
925,10
925,14
925,17
925,24
925,29
925,33
925,36
925,38
925,40
926,1
926,6
926,18
926,25
926,28
926,34
927,3
927,5
927,8
927,13
927,16
927,32
927,33
927,37
928,12
928,17
928,19
928,22
928,23
928,27
928,31
928,35
928,36
928,38
928,39
929,26
929,34
929,40
930,15
930,21
930,24
930,25
930,37
931,2
931,10
931,13
931,27
931,30
931,33
931,36
931,39
932,17
932,38
933,32
933,35
933,37
934,20
934,40
935,33
935,34
935,36
936,39
937,37
938,38
939,33
939,35
940,40
942,37
943,33
944,38
945,40
948,33
948,37
949,35
950,36
950,40
951,38
952,33
954,37
957,40
958,33
960,37
961,36
961,38
962,35
963,33
966,39
967,40
968,33
969,37
971,33
971,35
975,33
979,33
980,38
981,35
981,39
981,40
982,36
982,37
984,33
988,33
990,40
991,35
993,33
993,37
994,38
995,40
996,36
997,34
1000,37
1003,33
1003,40
1004,38
1010,37
1011,39
1011,40
1012,36
1013,33
1016,37
1017,13
1018,36
1019,40
1020,34
1021,33
1023,38
1025,39
1026,35
1026,36
1027,27
1027,37
1030,40
1031,38
1032,35
1032,36
1032,39
1033,33
1035,25
1038,33
1039,35
1039,36
1039,37
1039,38
1040,17
1041,18
1041,39
1044,6
1044,12
1044,38
1045,33
1045,35
1046,21
1046,39
1046,40
1047,19
1048,7
1048,8
1048,13
1048,36
1048,37
1049,33
1050,22
1050,25
1050,38
1051,1
1051,34
1051,39
1052,26
1052,29
1052,30
1052,36
1052,40
1053,3
1053,5
1053,10
1053,11
1053,15
1053,27
1053,33
1054,2
1054,12
1054,32
1054,35
1055,13
1055,14
1055,28
1055,31
1055,36
1055,37
1055,38
1055,39
1056,9
1056,16
1056,18
1056,20
1056,24
1056,25
1056,27
1056,33
1056,40
1057,7
1057,8
1057,17
1057,34
1058,4
1058,23
1058,25
1058,35
1058,36
1058,38
1059,13
1059,26
1059,27
1059,30
1059,32
1059,33
1059,40
1060,2
1060,6
1060,10
1060,12
1060,21
1060,24
1060,39
1061,20
1061,31
1061,36
1062,13
1062,15
1062,17
1062,18
1062,28
1062,29
1062,33
1062,35
1062,37
1062,38
1063,3
1063,5
1063,14
1063,25
1063,27
1063,30
1063,32
1063,34
1063,39
1063,40
1064,9
1064,12
1064,23
1064,33
1064,36
1065,1
1065,7
1065,19
1065,22
1065,37
1065,38
1066,35
1066,40
1067,13
1067,17
1067,27
1067,33
1067,36
1067,39
1068,18
1070,36
1070,40
1071,38
1072,33
1072,35
1076,36
1077,40
1078,38
1079,37
1082,33
1082,36
1083,39
1083,40
1086,35
1089,36
1090,38
1091,39
1091,40
1092,33
1093,37
1095,38
1100,35
1100,38
1101,33
1102,40
1103,37
1104,36
1107,38
1108,37
1109,35
1110,33
1110,36
1111,40
1112,37
1112,38
1117,37
1118,38
1118,40
1121,37
1122,34
1122,38
1124,37
1125,36
1125,39
1128,37
1129,38
1133,37
1134,38
1134,40
1135,36
1136,33
1141,35
1141,37
1141,38
1146,26
1146,33
1146,37
1146,40
1147,17
1147,36
1149,38
1150,15
1150,37
1151,39
1152,35
1153,16
1153,33
1154,36
1155,2
1155,18
1155,37
1157,11
1157,13
1158,32
1158,33
1158,38
1159,25
1159,35
1159,37
1160,30
1161,4
1161,24
1161,36
1162,29
1162,34
1162,39
1162,40
1163,8
1163,21
1164,3
1164,7
1164,9
1164,13
1164,17
1164,27
1164,33
1165,5
1165,6
1165,10
1165,28
1165,37
1166,1
1166,12
1166,14
1166,25
1166,33
1166,38
1166,39
1166,40
1167,15
1167,16
1167,18
1167,23
1167,26
1167,27
1167,30
1167,31
1167,32
1167,34
1167,36
1168,8
1168,13
1168,17
1168,24
1168,35
1169,2
1169,7
1169,19
1169,20
1169,22
1169,27
1169,31
1169,33
1169,37
1169,38
1170,4
1170,9
1170,10
1170,12
1170,25
1170,29
1170,32
1170,34
1170,36
1170,39
1170,40
1171,3
1171,6
1171,15
1171,17
1171,18
1171,21
1171,23
1171,33
1172,11
1172,13
1172,14
1172,26
1172,27
1172,28
1172,35
1172,37
1172,38
1173,5
1173,12
1173,30
1173,33
1173,36
1173,39
1173,40
1174,8
1174,22
1174,24
1175,15
1175,23
1175,25
1175,31
1175,32
1175,34
1175,38
1176,1
1176,36
1176,37
1177,13
1177,27
1177,33
1179,7
1179,38
1180,40
1181,20
1181,34
1181,36
1181,39
1182,33
1184,37
1185,33
1186,35
1188,38
1189,33
1191,36
1192,37
1193,33
1193,38
1197,33
1198,37
1199,38
1199,40
1201,33
1205,33
1206,37
1207,38
1207,40
1210,33
1211,36
1211,37
1214,40
1215,33
1215,37
1219,33
1219,38
1220,36
1220,37
1224,33
1225,40
1226,37
1228,35
1230,33
1231,37
1232,40
1235,35
1235,36
1235,38
1238,33
1238,39
1238,40
1240,36
1240,37
1245,33
1245,35
1246,36
1248,40
1250,38
1251,34
1251,36
1252,33
1252,35
1253,40
1255,39
1258,33
1258,35
1260,40
1261,36
1264,33
1265,35
1265,37
1267,36
1270,38
1272,19
1273,35
1273,39
1273,40
1274,36
1276,2
1276,33
1277,27
1277,37
1280,38
1280,40
1281,25
1281,35
1282,12
1282,18
1282,33
1283,17
1283,36
1284,13
1286,8
1286,16
1286,22
1286,33
1286,40
1287,20
1287,35
1287,38
1287,39
1288,3
1288,15
1288,26
1288,30
1288,31
1288,34
1288,36
1289,1
1289,5
1289,7
1289,13
1289,25
1289,27
1290,6
1290,10
1290,21
1290,24
1290,32
1291,4
1291,9
1291,11
1291,14
1291,17
1291,18
1291,27
1291,28
1291,29
1291,31
1291,33
1291,34
1291,36
1291,37
1291,38
1291,39
1291,40
1292,2
1292,8
1292,12
1292,13
1292,15
1292,23
1292,25
1292,30
1292,35
1293,3
1293,7
1293,16
1293,19
1293,20
1293,22
1293,26
1293,32
1293,40
1294,10
1294,17
1294,18
1294,24
1294,27
1294,29
1294,33
1294,36
1294,37
1294,38
1294,39
1295,5
1295,6
1295,9
1295,12
1295,13
1295,14
1295,21
1295,25
1295,28
1295,30
1295,34
1295,35
1296,1
1296,8
1296,15
1296,23
1296,31
1296,40
1297,12
1297,17
1297,18
1297,26
1297,27
1297,32
1297,33
1297,39
1298,2
1298,4
1298,7
1298,24
1298,25
1298,29
1298,34
1298,35
1298,36
1298,37
1298,38
1299,3
1299,10
1299,13
1299,33
1299,40
1300,11
1300,22
1300,39
1301,16
1302,17
1302,38
1302,40
1303,33
1303,36
1303,37
1308,33
1308,37
1308,38
1308,39
1311,40
1313,33
1316,33
1316,35
1316,37
1316,38
1317,39
1321,33
1321,40
1324,37
1325,33
1326,38
1328,36
1328,40
1331,35
1334,33
1334,36
1334,38
1336,39
1339,36
1341,40
1343,39
1345,38
1346,36
1347,35
1348,40
1350,36
1351,33
1353,38
1356,33
1356,36
1356,37
1357,35
1358,38
1358,40
1360,36
1364,33
1364,36
1365,37
1365,38
1370,33
1371,36
1371,38
1371,40
1372,39
1373,34
1373,35
1373,37
1379,37
1379,38
1380,39
1381,33
1382,36
1386,37
1387,39
1388,36
1389,33
1390,21
1392,36
1393,35
1394,38
1397,27
1397,33
1397,37
1398,36
1399,40
1401,33
1402,13
1402,17
1403,36
1404,37
1404,39
1405,33
1405,38
1406,35
1407,36
1408,18
1408,26
1408,40
1410,33
1410,36
1413,39
1413,40
1414,35
1414,37
1415,13
1415,36
1415,38
1416,25
1419,2
1419,20
1419,33
1419,36
1421,8
1421,17
1421,38
1422,27
1422,28
1422,32
1422,35
1422,39
1422,40
1423,5
1423,6
1423,10
1423,19
1423,31
1423,34
1423,36
1424,16
1424,25
1424,33
1425,12
1425,14
1425,24
1425,37
1425,39
1426,1
1426,7
1426,9
1426,13
1426,15
1426,17
1426,18
1426,22
1426,23
1426,27
1426,38
1427,2
1427,3
1427,26
1427,32
1427,35
1427,36
1427,40
1428,4
1428,10
1428,11
1428,25
1428,27
1428,29
1428,30
1428,31
1428,33
1428,34
1428,37
1428,38
1429,5
1429,6
1429,7
1429,8
1429,9
1429,12
1429,13
1429,16
1429,17
1429,18
1429,20
1429,21
1429,24
1429,28
1429,39
1430,1
1430,14
1430,15
1430,22
1430,23
1430,25
1430,33
1430,35
1430,36
1430,38
1431,3
1431,10
1431,12
1431,13
1431,18
1431,19
1431,24
1431,26
1431,27
1431,30
1431,31
1431,32
1431,34
1431,37
1431,39
1431,40
1432,2
1432,4
1432,5
1432,8
1432,9
1432,16
1432,17
1432,20
1432,21
1432,28
1432,29
1432,33
1433,6
1433,7
1433,12
1433,13
1433,25
1433,27
1433,34
1433,35
1433,36
1433,37
1433,38
1433,39
1433,40
1434,3
1434,15
1434,17
1434,18
1434,23
1434,24
1434,26
1434,30
1434,31
1434,32
1435,11
1435,14
1435,33
1436,8
1436,27
1436,34
1436,36
1436,38
1437,1
1437,13
1437,25
1437,35
1437,39
1437,40
1438,10
1438,20
1438,30
1438,32
1438,33
1438,37
1440,38
1441,33
1441,36
1442,35
1442,40
1445,36
1446,33
1449,36
1450,37
1450,38
1452,33
1453,40
1454,36
1458,36
1460,37
1461,38
1462,34
1462,39
1462,40
1465,36
1469,33
1471,36
1473,37
1474,38
1477,33
1477,36
1479,37
1482,35
1482,39
1483,37
1484,33
1486,40
1487,37
1489,36
1490,33
1490,37
1494,33
1494,37
1496,38
1497,33
1497,35
1498,37
1501,33
1503,37
1504,40
1505,33
1506,37
1508,36
1509,35
1510,37
1512,33
1512,38
1513,36
1513,40
1514,37
1517,35
1517,37
1519,33
1520,36
1521,37
1524,37
1527,35
1527,38
1527,40
1528,34
1528,37
1530,17
1530,33
1531,37
1535,35
1535,37
1537,34
1537,36
1538,33
1539,40
1542,37
1544,39
1545,33
1545,34
1545,35
1547,37
1552,37
1554,38
1554,40
1555,3
1555,19
1555,33
1556,36
1557,25
1557,26
1558,2
1558,37
1559,12
1559,13
1559,40
1560,7
1560,27
1560,33
1560,35
1560,39
1561,17
1561,18
1561,29
1561,30
1561,37
1561,38
1562,10
1562,15
1562,34
1563,8
1563,11
1563,16
1563,21
1563,33
1563,40
1564,9
1564,12
1564,13
1564,24
1564,25
1564,31
1564,36
1564,37
1565,1
1565,5
1565,6
1565,17
1565,28
1565,38
1565,39
1566,14
1566,18
1566,22
1566,23
1566,27
1566,32
1566,33
1566,35
1567,3
1567,4
1567,10
1567,13
1567,20
1567,34
1567,36
1567,37
1567,40
1568,2
1568,8
1568,15
1568,24
1568,26
1568,30
1568,39
1569,7
1569,12
1569,17
1569,25
1569,27
1569,31
1569,33
1569,38
1570,35
1571,5
1571,9
1571,13
1571,18
1571,19
1571,21
1571,28
1571,29
1571,32
1571,36
1571,37
1571,39
1572,6
1572,14
1572,17
1572,27
1572,30
1572,33
1572,34
1572,38
1572,40
1573,16
1573,25
1574,12
1574,13
1574,18
1574,36
1574,37
1575,15
1575,23
1575,32
1575,35
1575,38
1575,39
1577,22
1577,33
1577,40
1578,27
1578,34
1578,37
1579,36
1581,33
1581,38
1583,36
1583,40
1586,33
1587,38
1589,36
1594,33
1594,37
1594,40
1595,36
1600,36
1601,33
1602,39
1603,37
1605,40
1607,33
1609,35
1609,36
1609,37
1610,38
1612,33
1614,37
1617,40
1619,37
1620,33
1621,34
1621,36
1624,40
1627,33
1627,36
1627,37
1631,35
1631,38
1632,36
1635,40
1636,36
1637,39
1638,37
1640,33
1642,36
1645,33
1645,37
1647,40
1648,36
1649,35
1649,38
1650,34
1653,33
1654,30
1656,38
1657,37
1658,33
1658,36
1658,40
1660,25
1660,34
1661,1
1663,37
1664,38
1666,40
1667,34
1668,33
1669,10
1671,26
1671,36
1671,38
1672,37
1672,39
1673,35
1674,13
1675,17
1676,8
1676,27
1676,40
1677,33
1678,18
1678,36
1678,37
1678,38
1679,7
1679,20
1679,28
1679,30
1679,39
1680,2
1680,13
1681,24
1681,32
1681,36
1682,5
1682,15
1682,16
1682,17
1682,25
1682,30
1682,31
1682,33
1682,34
1683,3
1683,4
1683,12
1683,29
1683,35
1683,38
1683,39
1683,40
1684,6
1684,9
1684,11
1684,13
1684,14
1684,18
1684,19
1684,21
1684,22
1684,27
1684,33
1684,36
1684,37
1685,8
1685,10
1685,23
1685,25
1685,26
1686,2
1686,7
1686,15
1686,17
1686,24
1686,31
1686,32
1686,33
1686,34
1686,38
1686,40
1687,1
1687,9
1687,12
1687,13
1687,18
1687,27
1687,28
1687,35
1687,36
1687,37
1687,39
1688,6
1688,14
1688,16
1688,20
1688,25
1688,29
1688,30
1688,33
1689,3
1689,17
1689,22
1689,40
1690,4
1690,5
1690,8
1690,10
1690,12
1690,13
1690,21
1690,27
1690,31
1690,32
1690,33
1690,34
1690,35
1690,36
1690,38
1691,2
1691,15
1691,18
1691,19
1691,23
1691,26
1691,37
1691,39
1692,25
1692,27
1692,40
1693,7
1693,12
1693,13
1693,17
1693,24
1693,33
1693,36
1693,38
1694,34
1694,35
1695,37
1695,39
1699,33
1699,36
1699,38
1700,37
1704,38
1705,33
1705,35
1706,37
1708,36
1710,33
1710,39
1711,38
1713,37
1714,35
1714,36
1716,33
1716,38
1719,35
1720,36
1721,37
1722,38
1723,33
1725,40
1726,38
1727,36
1728,35
1730,33
1730,38
1731,36
1734,38
1736,36
1737,39
1738,38
1738,40
1741,36
1742,38
1747,36
1747,38
1748,35
1748,40
1753,33
1753,39
1754,38
1755,37
1759,36
1759,40
1760,33
1760,38
1761,37
1765,38
1766,33
1767,37
1768,40
1769,36
1770,35
1770,39
1772,1
1772,34
1774,37
1775,33
1778,38
1780,33
1780,40
1781,37
1782,34
1784,3
1785,37
1786,26
1786,33
1787,39
1788,35
1789,21
1790,30
1791,25
1791,37
1791,38
1792,17
1792,33
1792,34
1792,40
1793,15
1793,32
1794,39
1796,18
1796,35
1796,37
1797,8
1797,12
1797,27
1797,33
1797,36
1797,38
1798,11
1799,13
1799,28
1800,2
1800,5
1801,6
1801,7
1801,36
1801,37
1801,39
1801,40
1802,27
1802,34
1802,38
1803,9
1803,16
1803,19
1803,20
1803,29
1803,31
1803,33
1804,17
1804,24
1804,26
1805,4
1805,10
1805,12
1805,22
1805,23
1805,25
1805,32
1805,35
1805,36
1805,37
1805,39
1806,1
1806,13
1806,14
1806,15
1806,18
1806,27
1806,30
1806,33
1806,34
1806,38
1806,40
1807,8
1807,28
1808,2
1808,6
1808,7
1808,20
1808,31
1808,37
1808,38
1809,3
1809,12
1809,17
1809,33
1809,36
1809,39
1810,5
1810,9
1810,10
1810,13
1810,21
1810,25
1810,27
1810,29
1810,35
1811,26
1811,34
1812,23
1812,24
1812,27
1812,30
1812,32
1812,33
1812,37
1812,38
1812,40
1813,13
1813,15
1813,16
1813,18
1813,39
1814,12
1814,14
1814,17
1814,22
1814,25
1814,35
1814,36
1815,33
1816,38
1817,37
1817,40
1818,36
1818,39
1820,31
1821,13
1821,35
1824,36
1824,39
1824,40
1825,37
1827,33
1830,37
1831,38
1833,33
1833,40
1834,35
1834,39
1838,37
1840,33
1841,38
1842,36
1843,35
1847,36
1848,40
1849,35
1852,37
1854,36
1854,39
1855,40
1856,33
1856,35
1861,37
1862,35
1863,33
1865,37
1868,35
1868,40
1869,37
1869,38
1873,33
1874,36
1874,38
1876,37
1879,35
1882,33
1882,37
1882,38
1884,40
1885,35
1885,36
1886,37
1890,37
1891,35
1894,33
1894,40
1895,37
1896,39
1898,33
1898,35
1898,38
1903,33
1903,37
1903,38
1904,40
1905,35
1909,37
1909,38
1910,33
1913,13
1913,36
1914,33
1914,35
1914,38
1916,37
1916,39
1918,34
1919,36
1920,15
1923,33
1923,35
1925,8
1925,27
1925,32
1925,37
1925,38
1926,11
1926,36
1927,17
1927,20
1928,2
1928,34
1929,12
1929,18
1929,25
1929,26
1929,28
1929,38
1929,39
1930,10
1930,13
1930,14
1930,27
1930,31
1930,33
1930,35
1930,36
1931,3
1931,6
1931,7
1931,9
1931,16
1931,21
1931,24
1931,29
1931,37
1931,40
1932,1
1932,4
1932,5
1932,17
1932,25
1932,30
1932,34
1933,8
1933,12
1933,13
1933,15
1933,18
1933,19
1933,22
1933,23
1933,27
1933,32
1933,33
1933,35
1933,36
1933,38
1933,39
1934,2
1934,3
1934,10
1934,28
1934,31
1934,37
1934,40
1935,7
1935,9
1935,14
1935,17
1935,20
1935,21
1935,24
1935,25
1935,26
1935,27
1935,29
1936,12
1936,13
1936,16
1936,18
1936,30
1936,33
1936,34
1936,35
1936,36
1936,38
1936,39
1937,1
1937,5
1937,6
1937,11
1937,17
1937,23
1937,25
1937,27
1937,32
1937,37
1937,40
1938,3
1938,4
1938,8
1938,10
1938,15
1938,22
1938,24
1938,28
1938,31
1939,7
1939,13
1939,14
1939,19
1939,26
1939,27
1939,33
1939,34
1939,38
1939,39
1939,40
1940,2
1940,9
1940,12
1940,17
1940,18
1940,20
1940,23
1940,25
1940,32
1940,35
1940,36
1940,37
1941,29
1941,30
1942,13
1942,33
1942,35
1942,36
1942,38
1943,1
1943,21
1943,27
1943,31
1943,37
1943,39
1943,40
1944,15
1944,34
1947,40
1948,37
1950,33
1950,38
1952,36
1954,40
1955,35
1956,34
1958,36
1958,37
1961,33
1963,34
1965,36
1965,40
1966,37
1966,38
1971,37
1972,33
1972,40
1973,36
1973,38
1975,34
1978,37
1980,38
1983,36
1984,33
1984,38
1986,37
1989,33
1990,38
1991,37
1991,39
1992,34
1993,40
1994,33
1997,33
1997,35
1999,37
2000,38
2001,33
2002,36
2006,33
2006,35
2011,33
2011,37
2012,38
2015,40
2016,33
2017,36
2020,35
2020,38
2023,33
2026,37
2027,36
2028,33
2029,35
2029,38
2033,13
2033,33
2033,36
2035,40
2037,39
2038,33
2038,35
2039,27
2039,34
2039,38
2040,36
2046,30
2046,36
2048,33
2048,37
2048,38
2049,39
2051,25
2053,26
2053,33
2053,34
2055,4
2055,15
2055,18
2056,19
2056,35
2056,39
2057,6
2057,8
2057,12
2057,20
2058,2
2058,10
2058,17
2058,21
2058,24
2058,33
2058,36
2058,38
2059,9
2059,11
2059,13
2059,14
2059,22
2059,25
2059,27
2059,31
2059,32
2060,1
2060,3
2060,5
2060,7
2060,16
2060,18
2060,23
2060,28
2060,29
2060,34
2060,35
2060,39
2060,40
2061,8
2061,10
2061,12
2061,15
2061,17
2061,25
2061,26
2061,27
2061,30
2061,32
2061,33
2061,36
2061,37
2061,38
2062,2
2062,4
2062,6
2062,9
2062,13
2062,24
2062,31
2063,14
2063,17
2063,18
2063,20
2063,21
2063,27
2063,33
2063,34
2063,36
2063,37
2063,38
2063,39
2063,40
2064,3
2064,5
2064,7
2064,12
2064,19
2064,22
2064,23
2064,28
2064,29
2064,35
2065,1
2065,8
2065,10
2065,13
2065,15
2065,25
2065,32
2066,16
2066,17
2066,23
2066,24
2066,26
2066,27
2066,30
2066,33
2066,36
2066,37
2066,38
2066,40
2067,2
2067,12
2067,18
2067,29
2067,31
2067,34
2067,35
2067,39
2068,7
2068,9
2068,11
2068,13
2069,3
2069,20
2069,25
2069,33
2069,36
2069,40
2070,28
2070,37
2071,35
2071,38
2071,39
2072,6
2072,27
2073,36
2077,34
2077,40
2078,33
2078,37
2078,38
2083,36
2085,37
2087,33
2088,38
2089,34
2090,36
2095,35
2095,37
2096,40
2097,33
2097,36
2102,33
2104,36
2109,38
2110,33
2111,36
2111,39
2112,40
2117,33
2117,34
2118,38
2120,37
2121,40
2122,38
2124,39
2126,36
2127,35
2128,13
2128,38
2128,40
2129,33
2130,36
2131,38
2135,36
2135,38
2137,40
2138,35
2140,36
2141,38
2143,37
2144,36
2145,40
2146,38
2148,33
2148,36
2151,35
2152,38
2153,36
2154,33
2156,38
2156,39
2158,33
2160,35
2160,40
2161,36
2163,33
2163,38
2166,25
2167,39
2168,33
2169,34
2169,35
2169,36
2169,38
2171,30
2173,17
2174,39
2175,13
2176,27
2176,32
2176,33
2176,34
2176,36
2176,38
2177,18
2177,26
2177,37
2177,40
2178,3
2178,20
2178,30
2178,35
2179,15
2179,25
2179,39
2180,2
2181,5
2181,7
2181,14
2181,19
2181,27
2181,31
2181,33
2181,36
2181,37
2181,38
2182,12
2182,40
2183,8
2183,17
2183,21
2183,22
2183,24
2183,28
2183,34
2184,13
2184,23
2184,29
2184,33
2184,38
2184,39
2185,1
2185,9
2185,10
2185,11
2185,16
2185,18
2185,25
2185,27
2185,35
2185,36
2185,37
2186,4
2186,6
2186,12
2186,26
2186,32
2186,40
2187,15
2187,17
2187,33
2187,38
2188,2
2188,8
2188,13
2188,27
2188,31
2188,34
2188,35
2188,36
2188,39
2189,3
2189,7
2189,10
2189,14
2189,20
2189,24
2189,25
2189,37
2190,18
2190,23
2190,28
2191,17
2191,21
2191,27
2191,33
2191,38
2191,39
2191,40
2192,9
2192,12
2192,25
2192,32
2192,34
2192,35
2192,37
2193,13
2193,29
2193,36
2194,30
2194,31
2195,33
2195,37
2196,27
2196,36
2196,40
2197,35
2198,38
2198,39
2199,22
2199,33
2202,33
2202,36
2206,36
2207,33
2207,38
2207,40
2208,35
2209,37
2212,33
2213,36
2213,37
2218,38
2219,33
2219,37
2221,35
2221,39
2223,36
2223,38
2224,37
2225,40
2229,37
2229,38
2230,33
2230,35
2231,39
2235,36
2236,39
2237,40
2238,35
2238,37
2239,38
2241,36
2242,33
2242,40
2244,38
2245,36
2246,13
2249,36
2250,38
2251,33
2252,37
2252,39
2252,40
2256,36
2257,38
2259,33
2261,35
2261,40
2264,27
2264,34
2265,33
2266,37
2267,38
2270,33
2270,40
2271,35
2271,36
2275,38
2276,33
2278,37
2278,40
2280,39
2281,36
2282,26
2283,33
2285,1
2286,36
2286,40
2287,33
2287,38
2288,34
2289,20
2289,35
2290,13
2290,39
2292,2
2292,37
2293,16
2293,33
2294,25
2295,8
2295,32
2295,35
2295,38
2296,15
2296,24
2296,27
2296,33
2296,40
2297,5
2297,6
2297,17
2297,18
2297,21
2297,36
2297,39
2298,3
2298,12
2298,26
2298,31
2299,7
2299,13
2299,19
2299,29
2299,33
2299,37
2300,4
2300,9
2300,10
2300,14
2300,22
2300,23
2300,25
2300,27
2300,28
2300,30
2300,34
2300,36
2300,38
2300,39
2301,1
2301,8
2301,11
2301,15
2301,17
2301,18
2301,32
2301,35
2301,40
2302,2
2302,12
2302,24
2302,27
2302,33
2302,38
2303,6
2303,7
2303,10
2303,13
2303,14
2303,25
2303,28
2303,31
2303,36
2303,37
2303,39
2304,3
2304,5
2304,16
2304,17
2304,20
2304,21
2304,35
2304,40
2305,9
2305,12
2305,18
2305,23
2305,26
2305,29
2305,30
2305,32
2305,33
2305,36
2305,38
2306,15
2306,22
2306,25
2306,27
2306,34
2306,37
2306,39
2307,4
2307,13
2307,24
2307,31
2307,33
2307,35
2307,36
2307,40
2308,8
2308,17
2309,12
2309,38
2310,36
2311,27
2311,33
2312,7
2312,25
2313,39
2314,36
2314,37
2315,33
2315,35
2315,38
2319,33
2319,34
2322,38
2324,36
2324,39
2324,40
2325,33
2330,33
2331,36
2331,38
2333,35
2333,39
2334,40
2335,33
2335,36
2339,37
2340,33
2340,36
2344,35
2345,33
2346,36
2347,37
2349,33
2350,40
2352,35
2352,37
2353,39
2354,33
2359,36
2360,35
2360,37
2361,33
2361,38
2365,33
2365,37
2367,34
2369,35
2369,40
2370,33
2370,37
2373,39
2374,38
2375,17
2376,33
2376,37
2379,39
2380,37
2381,35
2382,38
2383,33
2384,40
2386,37
2389,38
2390,33
2390,40
2393,34
2393,37
2393,39
2397,38
2398,37
2400,2
2400,40
2402,34
2403,33
2403,35
2403,36
2405,17
2405,37
2405,38
2405,39
2406,25
2406,30
2407,33
2409,13
2409,36
2411,37
2412,3
2412,18
2412,19
2412,33
2412,36
2412,38
2412,39
2412,40
2416,36
2417,33
2419,37
2420,21
2420,36
2421,11
2421,33
2422,35
2423,39
2425,15
2425,22
2425,26
2425,36
2426,12
2426,32
2426,33
2427,1
2427,27
2427,31
2428,10
2428,25
2429,5
2429,7
2429,13
2429,14
2429,16
2429,17
2429,20
2429,28
2429,35
2429,36
2429,37
2430,8
2430,23
2430,24
2430,27
2430,29
2430,33
2430,34
2430,38
2430,39
2430,40
2431,2
2431,4
2431,6
2431,9
2431,12
2431,15
2431,18
2431,25
2431,26
2431,31
2432,3
2432,13
2432,17
2432,21
2432,32
2432,33
2432,36
2433,8
2433,10
2433,14
2433,19
2433,22
2433,24
2433,27
2433,30
2433,35
2433,37
2433,38
2433,39
2434,1
2434,5
2434,6
2434,7
2434,9
2434,11
2434,12
2434,15
2434,18
2434,23
2434,25
2434,26
2434,28
2434,29
2434,31
2434,34
2434,40
2435,4
2435,13
2435,16
2435,20
2435,27
2435,32
2435,33
2435,36
2436,2
2436,3
2436,7
2436,8
2436,10
2436,12
2436,17
2436,18
2436,23
2436,24
2436,30
2436,31
2436,34
2436,35
2436,37
2436,38
2436,39
2436,40
2437,6
2437,9
2437,14
2437,15
2437,19
2437,21
2437,25
2437,26
2437,27
2437,28
2437,29
2438,12
2438,13
2438,17
2438,22
2438,33
2438,36
2438,37
2438,38
2439,1
2439,3
2439,18
2439,23
2439,27
2439,30
2439,32
2439,34
2439,35
2439,39
2439,40
2440,5
2440,10
2440,16
2440,24
2441,8
2441,20
2441,28
2441,31
2441,33
2441,36
2441,38
2442,2
2442,4
2442,13
2442,25
2442,37
2442,40
2443,27
2443,39
2444,15
2444,36
2445,17
2445,33
2445,34
2445,35
2445,37
2445,38
2445,40
2449,33
2449,37
2450,40
2451,36
2454,33
2455,38
2456,37
2456,40
2458,39
2459,33
2460,37
2461,36
2465,33
2466,37
2467,36
2468,40
2470,37
2471,36
2472,39
2474,33
2474,37
2476,36
2478,37
2479,40
2482,36
2482,37
2484,38
2485,33
2488,35
2488,37
2490,36
2490,39
2491,38
2492,33
2494,37
2497,40
2498,33
2499,37
2500,35
2500,39
2501,36
2507,37
2508,33
2508,36
2508,39
2510,34
2512,38
2514,33
2516,35
2518,33
2518,40
2521,36
2521,38
2522,33
2523,37
2524,39
2525,40
2527,33
2530,33
2530,40
2531,35
2532,38
2533,25
2534,33
2534,36
2534,39
2535,13
2535,37
2535,40
2539,33
2539,35
2539,36
2539,40
2544,40
2545,33
2546,36
2546,37
2550,33
2550,40
2551,36
2552,35
2553,38
2553,39
2554,33
2555,17
2557,40
2558,33
2558,36
2560,38
2562,37
2563,33
2566,26
2566,36
2568,33
2569,38
2570,7
2570,35
2570,36
2570,40
2572,16
2575,5
2575,18
2575,34
2575,36
2576,2
2576,15
2576,27
2576,33
2576,40
2577,3
2577,10
2577,38
2577,39
2578,13
2578,20
2578,23
2578,37
2579,8
2579,12
2579,17
2579,25
2579,31
2579,36
2580,1
2580,6
2580,24
2580,32
2580,33
2580,40
2581,9
2581,18
2581,21
2581,27
2581,29
2581,35
2581,38
2581,39
2582,7
2582,11
2582,13
2582,14
2582,17
2582,19
2582,22
2582,25
2582,28
2582,33
2582,34
2582,36
2582,37
2583,2
2583,4
2583,10
2583,12
2583,26
2583,30
2583,31
2583,40
2584,8
2584,15
2584,25
2584,27
2584,32
2584,33
2584,36
2584,37
2584,38
2585,3
2585,17
2585,18
2585,24
2585,39
2586,1
2586,6
2586,9
2586,13
2586,16
2586,22
2586,23
2586,28
2586,29
2586,34
2586,35
2587,5
2587,7
2587,12
2587,14
2587,21
2587,27
2587,33
2587,36
2587,37
2587,38
2587,40
2588,20
2588,25
2588,30
2588,31
2588,32
2589,15
2589,26
2589,34
2589,39
2590,10
2590,13
2590,17
2590,23
2590,24
2590,33
2590,35
2590,36
2590,38
2591,2
2591,12
2591,27
2591,37
2592,18
2593,3
2593,4
2593,8
2593,25
2593,39
2593,40
2594,33
2594,35
2594,36
2595,34
2595,37
2595,38
2596,13
2599,37
2600,33
2600,38
2601,36
2601,40
2606,37
2607,33
2607,34
2607,38
2610,39
2612,33
2612,36
2614,38
2618,37
2619,33
2619,38
2619,40
2620,34
2623,35
2623,36
2624,37
2624,38
2627,34
2629,37
2630,33
2630,40
2631,38
2634,34
2637,36
2637,37
2638,38
2639,39
2640,33
2641,35
2643,38
2645,37
2647,33
2649,37
2649,38
2650,33
2651,36
2654,33
2656,37
2656,38
2659,33
2660,34
2660,35
2660,40
2663,38
2665,37
2666,33
2667,34
2667,36
2672,38
2673,33
2673,36
2675,37
2677,33
2677,35
2678,36
2679,37
2682,36
2683,33
2684,37
2684,38
2685,36
2686,35
2689,36
2690,13
2690,33
2691,37
2691,38
2693,17
2693,36
2695,27
2695,34
2695,37
2695,39
2697,36
2697,38
2698,40
2699,35
2700,22
2701,30
2701,38
2702,2
2702,33
2702,36
2702,37
2703,25
2704,5
2705,38
2705,40
2706,18
2706,32
2707,1
2707,34
2708,10
2708,21
2708,35
2708,36
2709,7
2709,9
2709,12
2709,13
2709,31
2709,33
2709,37
2710,8
2710,14
2710,17
2710,25
2710,27
2710,38
2710,39
2711,3
2711,19
2711,26
2711,29
2711,40
2712,6
2712,12
2712,15
2712,16
2712,24
2712,28
2712,33
2712,36
2712,37
2713,4
2713,11
2713,13
2713,17
2713,18
2713,27
2713,32
2713,34
2713,35
2713,38
2713,39
2714,2
2714,10
2714,20
2714,23
2714,25
2714,30
2715,5
2715,26
2715,31
2715,33
2715,40
2716,1
2716,6
2716,7
2716,8
2716,9
2716,12
2716,13
2716,14
2716,15
2716,24
2716,27
2716,36
2716,37
2716,38
2716,39
2717,3
2717,17
2717,25
2717,28
2717,32
2717,34
2717,35
2718,13
2718,18
2718,19
2718,21
2718,22
2718,23
2718,27
2718,29
2718,30
2718,33
2718,38
2718,40
2719,10
2719,12
2719,16
2719,31
2719,36
2719,37
2720,4
2720,20
2720,25
2720,38
2720,39
2720,40
2721,2
2721,7
2721,13
2721,15
2721,18
2721,24
2721,26
2721,27
2721,32
2721,33
2721,34
2721,35
2722,17
2722,36
2723,33
2723,37
2723,38
2724,5
2724,8
2724,27
2724,35
2725,13
2725,25
2726,40
2727,37
2727,38
2727,39
2728,33
2728,34
2728,36
2731,35
2733,38
2735,37
2736,33
2736,36
2737,38
2737,40
2740,33
2741,38
2744,36
2745,33
2745,35
2745,40
2746,38
2747,37
2752,33
2752,38
2753,35
2753,40
2755,37
2759,33
2759,35
2759,38
2762,37
2762,39
2766,33
2767,34
2768,36
2769,40
2771,35
2772,38
2775,33
2776,25
2778,35
2778,40
2779,36
2779,38
2783,37
2783,40
2786,33
2788,35
2788,40
2789,39
2791,37
2794,33
2796,40
2797,38
2800,35
2801,40
2803,36
2804,21
2804,37
2805,33
2806,39
2806,40
2809,35
2811,40
2813,38
2815,33
2815,35
2816,37
2816,40
2817,11
2819,13
2820,33
2820,40
2821,35
2822,37
2822,38
2822,39
2826,17
2826,27
2826,40
2827,33
2827,36
2828,3
2829,38
2830,40
2831,12
2831,37
2832,13
2832,25
2832,26
2832,36
2832,39
2833,2
2834,18
2834,32
2834,40
2835,33
2835,36
2836,8
2836,28
2836,29
2836,30
2836,34
2836,35
2837,7
2837,22
2837,37
2838,10
2838,13
2838,25
2838,31
2839,5
2839,9
2839,12
2839,38
2839,39
2839,40
2840,1
2840,14
2840,17
2840,24
2840,27
2840,33
2840,34
2841,6
2841,15
2841,16
2841,23
2841,26
2841,36
2842,3
2842,13
2842,18
2842,19
2842,20
2842,21
2842,25
2842,30
2842,32
2842,35
2842,37
2843,2
2843,4
2843,7
2843,8
2843,10
2843,27
2843,31
2843,33
2843,36
2843,38
2843,39
2843,40
2844,9
2844,12
2844,15
2844,17
2844,24
2844,25
2844,28
2844,29
2844,34
2845,14
2845,23
2845,32
2845,35
2846,1
2846,5
2846,6
2846,13
2846,18
2846,22
2846,27
2846,30
2846,33
2846,36
2846,37
2846,39
2846,40
2847,11
2847,12
2847,17
2847,26
2847,31
2847,34
2847,38
2848,2
2848,10
2848,19
2848,21
2848,25
2849,3
2849,7
2849,8
2849,13
2849,33
2849,35
2849,36
2849,39
2849,40
2850,17
2850,24
2850,27
2850,37
2851,15
2851,16
2851,18
2851,38
2852,12
2852,20
2852,25
2852,33
2852,34
2852,36
2853,32
2853,37
2853,40
2854,35
2854,38
2855,39
2856,33
2856,36
2857,37
2858,27
2861,33
2861,38
2861,39
2861,40
2862,37
2863,36
2867,35
2867,38
2867,39
2868,33
2869,36
2869,37
2873,37
2874,39
2875,36
2875,40
2876,38
2878,33
2879,36
2879,37
2880,39
2881,38
2885,36
2885,38
2886,33
2887,35
2891,36
2891,38
2893,39
2896,33
2897,37
2898,38
2900,36
2900,40
2901,35
2905,38
2906,37
2907,33
2907,36
2909,40
2912,33
2913,38
2913,39
2914,35
2914,40
2919,37
2920,33
2920,40
2922,35
2922,36
2923,38
2926,36
2927,33
2931,36
2932,40
2934,33
2934,35
2934,37
2936,4
2936,36
2938,38
2939,39
2940,36
2941,33
2943,40
2945,36
2946,13
2949,25
2949,33
2950,36
2950,37
2950,39
2950,40
2951,22
2951,38
2953,27
2955,8
2955,35
2956,17
2956,38
2957,18
2957,36
2957,40
2958,33
2959,7
2959,32
2959,34
2960,24
2960,37
2961,2
2961,13
2961,27
2962,1
2962,5
2962,25
2962,35
2962,38
2963,28
2963,36
2963,39
2963,40
2964,3
2964,9
2964,10
2964,12
2964,15
2964,26
2964,30
2964,31
2964,33
2964,34
2965,13
2965,16
2965,17
2965,18
2965,21
2965,27
2965,37
2966,6
2966,14
2966,19
2966,20
2966,29
2966,33
2966,36
2966,38
2967,1
2967,8
2967,12
2967,15
2967,23
2967,24
2967,25
2967,31
2967,32
2967,34
2967,39
2967,40
2968,2
2968,3
2968,4
2968,9
2968,10
2968,11
2968,13
2968,26
2968,27
2968,30
2968,35
2969,7
2969,17
2969,18
2969,22
2969,28
2969,33
2969,36
2969,37
2969,38
2969,39
2970,5
2970,12
2970,13
2970,14
2970,16
2970,20
2970,21
2970,24
2970,25
2970,29
2970,31
2970,32
2970,34
2970,40
2971,6
2971,8
2971,15
2971,23
2971,27
2971,30
2972,3
2972,9
2972,10
2972,12
2972,17
2972,19
2972,25
2972,26
2972,33
2972,34
2972,35
2972,36
2972,37
2972,38
2972,39
2973,2
2973,7
2973,13
2973,18
2973,22
2973,24
2973,28
2973,29
2973,31
2973,32
2973,40
2974,1
2974,14
2974,27
2974,33
2974,36
2975,20
2975,25
2975,35
2975,37
2975,39
2975,40
2976,4
2976,12
2976,13
2976,17
2976,23
2976,34
2976,38
2977,11
2977,30
2977,33
2978,36
2979,27
2979,38
2980,33
2980,39
2980,40
2982,36
2985,33
2986,36
2986,37
2987,38
2987,39
2991,40
2992,36
2994,38
2999,36
2999,38
3000,33
3000,40
3005,36
3006,39
3007,35
3007,37
3007,38
3012,40
3013,33
3015,37
3015,38
3018,36
3021,33
3022,38
3022,39
3024,36
3024,40
3025,35
3027,37
3032,35
3032,38
3033,40
3034,33
3034,36
3039,37
3040,33
3040,35
3040,38
3042,36
3045,33
3047,37
3048,33
3048,40
3049,35
3050,38
3051,36
3053,33
3055,38
3056,37
3058,33
3058,35
3062,37
3063,38
3064,33
3065,36
3066,40
3068,33
3070,35
3070,38
3072,40
3073,37
3074,33
3076,36
3078,40
3080,13
3080,33
3081,35
3082,37
3083,17
3083,38
3084,33
3084,39
3085,40
3087,26
3087,36
3090,18
3090,33
3090,34
3091,37
3092,15
3092,39
3094,35
3095,20
3095,33
3096,37
3097,32
3098,27
3099,40
3100,30
3100,33
3100,37
3101,2
3101,12
3101,38
3102,16
3102,36
3103,21
3104,5
3104,8
3104,25
3104,35
3105,3
3105,14
3105,17
3105,34
3105,37
3106,6
3106,10
3106,13
3106,27
3106,31
3106,38
3106,39
3107,7
3107,19
3107,22
3107,23
3107,24
3107,33
3108,1
3108,9
3108,12
3108,15
3108,25
3108,26
3108,28
3108,29
3108,36
3108,37
3108,40
3109,4
3109,18
3109,27
3109,30
3109,32
3109,33
3109,38
3110,3
3110,8
3110,10
3110,11
3110,13
3110,17
3110,23
3110,34
3110,35
3110,39
3111,5
3111,12
3111,14
3111,21
3111,24
3111,31
3111,36
3111,37
3112,2
3112,7
3112,25
3112,27
3112,28
3112,33
3112,38
3112,40
3113,6
3113,9
3113,17
3113,18
3113,20
3113,26
3113,32
3113,39
3114,12
3114,13
3114,15
3114,16
3114,22
3114,29
3114,34
3114,35
3114,37
3115,3
3115,23
3115,33
3115,36
3115,38
3115,40
3116,8
3116,25
3116,27
3116,30
3116,31
3116,32
3116,39
3117,37
3118,36
3118,38
3119,1
3119,33
3119,39
3120,17
3120,34
3121,35
3122,18
3122,40
3124,33
3124,39
3125,37
3125,38
3126,36
3129,33
3131,36
3131,40
3132,33
3133,39
3135,35
3136,33
3139,33
3142,33
3142,37
3142,38
3144,36
3144,39
3146,35
3147,33
3148,37
3151,33
3151,37
3151,40
3153,36
3154,35
3156,37
3157,33
3158,39
3160,36
3162,35
3162,40
3163,33
3166,37
3168,33
3169,35
3169,36
3169,40
3170,37
3175,33
3175,37
3178,35
3180,37
3180,38
3185,33
3185,40
3186,35
3186,37
3187,39
3193,36
3193,37
3193,40
3195,13
3195,35
3195,38
3197,37
3198,33
3200,34
3202,38
3203,36
3203,37
3205,40
3207,38
3209,35
3209,36
3209,37
3213,33
3215,37
3215,38
3215,40
3216,2
3219,36
3220,38
3221,39
3222,37
3223,17
3223,21
3224,10
3224,35
3225,13
3225,18
3226,15
3226,30
3226,33
3227,3
3227,12
3227,24
3227,25
3227,27
3227,36
3227,37
3227,38
3227,40
3228,7
3228,19
3228,31
3228,32
3228,34
3229,1
3229,4
3229,5
3229,6
3229,14
3229,17
3229,22
3229,23
3229,26
3229,28
3229,29
3229,33
3229,39
3230,8
3230,9
3230,11
3230,12
3230,13
3230,25
3230,27
3230,35
3230,36
3230,37
3231,2
3231,3
3231,10
3231,15
3231,16
3231,18
3231,24
3231,26
3231,30
3231,32
3231,33
3231,34
3231,38
3231,39
3231,40
3232,7
3232,17
3232,20
3232,21
3232,28
3232,31
3233,1
3233,13
3233,14
3233,22
3233,23
3233,25
3233,27
3233,29
3233,35
3233,36
3234,5
3234,6
3234,8
3234,9
3234,12
3234,18
3234,32
3234,33
3234,34
3234,37
3234,38
3235,10
3235,15
3235,17
3235,19
3235,24
3235,26
3235,27
3235,30
3235,31
3235,39
3235,40
3236,2
3236,3
3236,4
3236,13
3236,16
3236,20
3236,33
3236,35
3236,36
3237,12
3237,18
3237,25
3237,28
3237,37
3237,38
3238,7
3238,14
3238,17
3238,23
3238,27
3238,34
3238,39
3238,40
3239,8
3239,11
3239,30
3239,32
3239,33
3240,36
3240,38
3241,13
3242,25
3242,39
3243,33
3244,35
3245,38
3246,36
3249,33
3250,38
3250,39
3251,36
3253,37
3256,39
3257,38
3260,33
3261,36
3265,35
3265,38
3267,36
3267,37
3269,39
3269,40
3270,33
3272,36
3274,37
3275,38
3278,36
3281,40
3282,35
3282,37
3284,33
3284,39
3286,36
3287,37
3292,38
3293,37
3294,33
3294,40
3295,36
3299,35
3300,34
3300,38
3301,37
3306,37
3307,36
3308,33
3309,35
3310,38
3312,40
3316,36
3318,35
3318,39
3319,33
3319,38
3320,37
3322,40
3325,37
3326,33
3326,39
3328,38
3330,40
3333,39
3336,17
3336,37
3337,5
3337,21
3337,36
3337,38
3338,25
3338,39
3339,40
3340,13
3340,34
3341,3
3341,37
3341,38
3342,26
3343,24
3343,27
3343,33
3343,35
3344,36
3345,38
3345,40
3346,15
3346,25
3346,37
3347,18
3347,39
3349,2
3349,7
3349,13
3350,29
3350,38
3350,40
3351,12
3351,33
3351,36
3352,10
3352,11
3352,17
3352,34
3352,35
3352,37
3353,4
3353,6
3353,8
3353,9
3353,30
3353,39
3354,13
3354,22
3354,28
3354,33
3355,1
3355,19
3355,31
3355,40
3356,14
3356,21
3356,24
3356,25
3356,32
3356,36
3356,37
3356,38
3356,39
3357,15
3357,16
3357,26
3357,27
3357,30
3357,33
3358,12
3358,17
3358,18
3358,23
3358,34
3358,35
3359,5
3359,13
3359,20
3359,40
3360,2
3360,9
3360,10
3360,27
3360,29
3360,31
3360,33
3360,36
3360,38
3361,3
3361,7
3361,8
3361,25
3361,32
3361,37
3361,39
3362,6
3362,12
3362,13
3362,17
3362,34
3362,40
3363,15
3363,28
3363,33
3363,35
3363,38
3364,16
3364,18
3364,27
3364,36
3364,37
3365,23
3365,25
3366,39
3366,40
3367,33
3367,38
3368,35
3369,36
3371,40
3373,33
3373,38
3375,39
3375,40
3377,36
3380,38
3381,40
3382,39
3384,37
3385,36
3388,35
3389,40
3390,38
3391,34
3391,39
3392,33
3397,40
3398,38
3398,39
3402,33
3402,35
3405,40
3407,37
3408,33
3409,35
3409,38
3410,39
3411,36
3417,36
3420,37
3420,38
3421,39
3422,35
3422,40
3425,33
3425,36
3427,38
3431,40
3432,36
3434,38
3436,39
3438,13
3438,38
3440,32
3440,36
3440,40
3441,39
3443,34
3443,38
3445,5
3447,37
3448,26
3448,35
3448,38
3448,40
3449,17
3449,39
3450,12
3450,27
3450,33
3450,34
3451,2
3451,36
3452,13
3453,18
3453,37
3453,38
3454,39
3454,40
3455,36
3456,7
3456,25
3457,33
3457,35
3458,37
3459,38
3460,10
3460,36
3461,8
3461,40
3462,31
3463,33
3463,39
3464,36
3465,29
3465,37
3467,17
3467,27
3468,1
3468,35
3468,38
3468,40
3469,3
3469,25
3469,36
3469,39
3470,4
3470,13
3470,15
3470,22
3470,30
3470,33
3470,37
3471,18
3471,21
3472,14
3472,27
3472,28
3472,32
3472,36
3472,38
3473,6
3473,9
3473,11
3473,12
3473,19
3473,24
3473,33
3473,40
3474,7
3474,13
3474,15
3474,25
3474,35
3474,37
3475,8
3475,17
3475,23
3475,26
3475,27
3475,30
3475,31
3475,33
3475,34
3475,36
3475,39
3476,2
3476,16
3476,20
3476,32
3476,38
3477,5
3477,10
3477,18
3477,29
3477,39
3478,1
3478,12
3478,25
3478,27
3478,33
3478,35
3478,36
3478,40
3479,3
3479,13
3479,14
3479,24
3479,38
3480,6
3480,22
3480,28
3480,34
3480,37
3481,15
3481,17
3481,33
3481,39
3482,23
3482,36
3483,37
3483,38
3483,40
3484,27
3484,30
3484,31
3484,32
3486,33
3486,36
3487,35
3487,38
3488,37
3488,39
3489,40
3493,38
3495,33
3495,36
3495,37
3496,35
3497,40
3498,38
3503,38
3504,33
3504,36
3505,40
3506,37
3507,39
3512,38
3513,37
3514,34
3515,36
3517,33
3522,37
3522,38
3523,34
3523,36
3524,40
3526,33
3529,38
3531,35
3531,36
3531,37
3534,40
3535,34
3535,38
3540,39
3541,36
3541,38
3543,34
3545,37
3547,13
3549,39
3550,33
3550,40
3551,36
3551,37
3551,38
3552,26
3554,34
3556,17
3556,36
3558,37
3558,39
3559,2
3559,35
3562,3
3562,30
3563,33
3563,38
3565,20
3565,21
3565,36
3565,40
3566,12
3566,25
3566,37
3567,8
3567,39
3568,18
3568,19
3568,29
3569,34
3569,35
3569,36
3569,38
3570,17
3570,27
3571,13
3571,23
3571,33
3571,37
3572,9
3572,12
3572,22
3572,24
3572,39
3573,4
3573,5
3573,10
3573,11
3573,40
3574,1
3574,25
3574,32
3574,36
3574,38
3575,7
3575,13
3575,14
3575,27
3575,28
3575,30
3575,31
3575,33
3575,37
3575,39
3576,6
3576,15
3576,26
3576,34
3576,35
3576,40
3577,3
3577,12
3577,16
3577,18
3577,38
3578,2
3578,8
3578,17
3578,21
3578,23
3578,33
3578,36
3579,25
3579,29
3579,32
3579,37
3580,10
3580,13
3580,24
3580,27
3580,31
3580,34
3580,38
3580,39
3581,9
3581,18
3581,30
3581,33
3581,35
3581,36
3581,40
3583,7
3584,12
3584,17
3584,25
3584,27
3584,38
3585,33
3585,36
3585,37
3587,38
3587,40
3588,35
3589,33
3589,36
3591,39
3592,37
3594,33
3595,36
3596,37
3596,38
3601,33
3601,37
3601,40
3602,36
3603,38
3605,33
3606,37
3608,36
3608,38
3610,33
3610,37
3611,39
3614,38
3616,33
3616,36
3616,37
3621,33
3622,36
3623,37
3625,35
3625,38
3626,40
3628,33
3628,36
3630,37
3630,38
3632,35
3634,33
3635,40
3637,38
3638,33
3640,36
3640,37
3644,38
3645,33
3645,35
3646,36
3648,39
3650,38
3651,40
3652,33
3653,36
3656,33
3657,37
3657,38
3659,40
3661,33
3661,35
3662,36
3667,33
3668,36
3669,39
3670,35
3670,37
3670,38
3671,33
3672,40
3673,22
3675,33
3675,37
3677,15
3677,35
3678,13
3679,36
3680,25
3680,33
3680,37
3680,38
3681,19
3681,26
3682,7
3682,27
3682,40
3683,8
3684,2
3684,18
3684,28
3684,33
3684,34
3684,35
3684,36
3684,38
3685,1
3685,5
3685,11
3685,14
3685,17
3685,32
3685,39
3686,6
3686,9
3686,12
3686,13
3686,16
3686,24
3686,25
3686,29
3687,3
3687,10
3687,20
3687,27
3687,30
3687,31
3687,33
3687,37
3687,38
3687,40
3688,4
3688,8
3688,13
3688,15
3688,17
3688,18
3688,21
3688,23
3688,26
3688,28
3688,32
3688,34
3688,35
3688,36
3688,39
3689,2
3689,5
3689,7
3689,12
3689,14
3689,22
3689,24
3689,25
3690,1
3690,9
3690,10
3690,17
3690,27
3690,29
3690,31
3690,33
3690,38
3690,39
3690,40
3691,3
3691,6
3691,8
3691,13
3691,15
3691,16
3691,18
3691,19
3691,23
3691,25
3691,30
3691,32
3691,34
3691,35
3691,36
3691,37
3692,4
3692,12
3692,20
3692,22
3692,26
3692,28
3692,38
3692,40
3693,2
3693,7
3693,11
3693,21
3693,24
3693,27
3693,33
3693,34
3693,36
3693,39
3694,13
3694,17
3694,18
3694,25
3694,32
3694,35
3694,37
3695,10
3695,23
3695,29
3695,31
3695,38
3696,8
3696,9
3696,14
3696,19
3696,33
3697,12
3697,27
3697,36
3697,37
3697,39
3697,40
3698,5
3698,30
3698,34
3698,35
3698,38
3700,33
3701,17
3703,37
3704,33
3704,38
3706,40
3708,33
3708,36
3712,39
3713,33
3717,38
3719,33
3719,36
3719,40
3720,37
3723,33
3725,36
3726,37
3727,33
3729,36
3731,35
3731,39
3733,33
3733,36
3733,40
3738,37
3739,33
3739,36
3740,35
3741,40
3744,38
3745,33
3745,36
3747,37
3748,40
3752,37
3753,36
3754,33
3756,38
3756,39
3761,36
3763,33
3763,37
3763,40
3764,35
3764,39
3765,36
3771,36
3772,40
3773,33
3773,37
3775,34
3777,13
3777,35
3778,36
3778,40
3779,37
3779,38
3783,36
3784,33
3784,40
3785,37
3788,36
3790,37
3791,39
3793,33
3793,36
3795,40
3797,35
3799,37
3800,33
3800,36
3800,38
3800,40
3805,38
3805,40
3807,36
3808,33
3809,37
3812,26
3813,33
3813,38
3813,40
3814,7
3815,36
3817,25
3817,27
3817,30
3817,35
3818,12
3818,17
3818,18
3818,33
3818,34
3818,39
3820,2
3820,6
3820,25
3820,31
3820,36
3820,38
3821,8
3821,13
3821,15
3822,1
3822,3
3822,10
3822,14
3822,19
3822,21
3822,24
3822,27
3822,32
3822,33
3822,35
3822,40
3823,5
3823,12
3823,17
3823,20
3823,22
3823,28
3823,29
3823,36
3823,39
3824,4
3824,7
3824,9
3824,15
3824,18
3824,23
3824,25
3824,26
3824,27
3824,31
3824,33
3824,34
3824,37
3824,38
3825,2
3825,8
3825,11
3825,13
3825,16
3825,24
3825,30
3825,32
3825,35
3825,40
3826,3
3826,10
3826,12
3826,14
3826,17
3826,21
3826,33
3826,36
3826,38
3826,39
3827,1
3827,5
3827,6
3827,13
3827,18
3827,25
3827,27
3827,28
3827,37
3828,7
3828,9
3828,15
3828,20
3828,22
3828,29
3828,31
3828,32
3828,34
3828,35
3829,12
3829,17
3829,23
3829,26
3829,27
3829,33
3829,37
3829,38
3829,39
3829,40
3830,4
3830,13
3830,18
3830,19
3830,24
3830,30
3830,36
3831,2
3831,25
3832,16
3832,32
3832,35
3832,36
3833,8
3833,13
3833,21
3833,27
3833,33
3833,34
3833,38
3833,39
3834,10
3834,30
3834,40
3835,17
3836,36
3836,37
3837,38
3838,33
3840,35
3841,38
3843,40
3844,36
3845,33
3845,38
3850,38
3851,33
3852,36
3855,33
3855,38
3855,40
3857,36
3860,36
3861,38
3862,33
3863,40
3864,36
3865,35
3865,38
3868,36
3868,40
3869,38
3869,39
3873,38
3874,33
3874,36
3874,40
3876,38
3878,37
3880,38
3881,40
3882,36
3883,39
3884,38
3885,37
3886,33
3888,38
3889,40
3891,36
3892,35
3893,38
3895,39
3897,38
3897,40
3898,37
3901,38
3902,33
3903,40
3905,38
3906,33
3906,36
3909,40
3910,33
3910,35
3911,38
3916,40
3917,33
3918,37
3920,38
3920,39
3923,33
3925,36
3925,37
3926,13
3928,38
3930,35
3931,26
3931,27
3931,34
3931,37
3931,40
3932,33
3932,36
3932,38
3933,5
3934,17
3934,25
3936,7
3936,18
3936,38
3937,2
3938,8
3938,22
3938,28
3938,33
3938,36
3939,3
3939,6
3939,10
3939,14
3939,23
3939,25
3939,27
3939,31
3939,34
3939,37
3939,40
3940,1
3940,9
3940,11
3940,12
3940,26
3940,29
3940,32
3940,35
3940,38
3941,4
3941,13
3941,17
3941,19
3941,20
3941,21
3941,24
3941,27
3941,33
3941,36
3941,39
3942,7
3942,15
3942,16
3942,18
3942,30
3942,31
3942,37
3942,40
3943,2
3943,3
3943,8
3943,10
3943,13
3943,14
3943,23
3943,25
3943,28
3943,32
3943,34
3943,35
3943,38
3944,6
3944,9
3944,12
3944,17
3944,22
3944,24
3944,27
3944,33
3944,36
3944,39
3945,1
3945,5
3945,26
3945,29
3945,37
3945,38
3945,40
3946,13
3946,18
3946,25
3946,31
3947,4
3947,7
3947,8
3947,15
3947,21
3947,30
3947,32
3947,33
3947,34
3947,35
3947,36
3948,10
3948,27
3948,39
3948,40
3949,12
3949,17
3949,25
3949,37
3949,38
3950,16
3950,19
3951,36
3952,33
3952,38
3953,39
3954,40
3955,36
3957,37
3957,38
3961,36
3961,40
3962,33
3963,39
3964,38
3967,33
3968,36
3970,37
3971,33
3971,38
3971,40
3975,36
3976,33
3979,38
3980,33
3980,37
3985,33
3985,38
3986,35
3987,37
3988,36
3988,40
3990,33
3991,38
3993,36
3995,37
3998,38
3999,33
3999,36
3999,37
4003,36
4003,37
4003,40
4004,35
4007,33
4008,37
4009,36
4012,37
4014,36
4016,35
4016,37
4016,38
4017,33
4018,34
4018,40
4020,37
4023,38
4024,33
4024,37
4025,35
4026,17
4026,36
4028,37
4030,40
4031,38
4032,33
4032,37
4032,39
4034,35
4034,36
4039,37
4040,38
4041,33
4041,40
4043,39
4044,35
4044,36
4048,33
4049,37
4051,39
4052,38
4054,26
4054,37
4055,15
4057,33
4057,35
4057,36
4059,21
4059,40
4060,7
4060,18
4061,33
4062,2
4062,13
4062,25
4062,35
4063,34
4063,37
4064,12
4064,20
4064,24
4064,36
4064,38
4064,39
4065,6
4066,3
4066,8
4066,23
4066,27
4066,30
4066,31
4067,10
4067,13
4067,17
4067,25
4067,29
4067,33
4068,4
4068,5
4068,9
4068,12
4068,14
4068,18
4068,19
4068,22
4068,27
4068,28
4068,32
4068,34
4068,35
4068,36
4068,38
4068,39
4069,1
4069,7
4069,11
4069,15
4069,16
4069,21
4069,26
4069,37
4069,40
4070,2
4070,6
4070,8
4070,13
4070,17
4070,23
4070,24
4070,25
4070,27
4070,30
4070,31
4070,33
4070,36
4071,3
4071,10
4071,12
4071,20
4071,28
4071,32
4071,34
4071,38
4071,39
4072,1
4072,9
4072,13
4072,14
4072,15
4072,18
4072,25
4072,27
4072,29
4072,33
4072,35
4072,36
4072,37
4072,40
4073,2
4073,4
4073,5
4073,7
4073,16
4073,17
4073,22
4073,24
4073,26
4073,30
4073,31
4074,8
4074,12
4074,19
4074,33
4074,36
4074,38
4074,39
4075,10
4075,13
4075,17
4075,18
4075,23
4075,25
4075,27
4075,28
4075,32
4075,34
4075,35
4075,37
4075,40
4076,3
4076,9
4076,11
4076,15
4076,20
4076,26
4076,30
4076,31
4077,1
4077,5
4077,21
4077,22
4077,27
4077,33
4077,36
4077,37
4077,38
4077,39
4077,40
4078,16
4078,17
4078,24
4078,25
4078,29
4078,32
4078,34
4078,35
4079,2
4079,6
4079,12
4079,13
4079,14
4080,23
4081,30
4081,33
4081,34
4081,35
4081,36
4081,37
4081,38
4082,27
4082,39
4082,40
4087,33
4087,40
4088,37
4088,38
4089,35
4092,33
4092,36
4093,37
4093,40
4094,35
4096,33
4096,37
4100,33
4100,37
4100,40
4101,35
4101,38
4106,33
4106,37
4107,35
4107,38
4108,40
4112,36
4112,37
4113,35
4114,33
4115,38
4116,40
4118,37
4119,33
4119,38
4120,35
4121,36
4123,40
4124,33
4126,36
4126,37
4126,38
4126,39
4127,35
4131,33
4133,36
4134,38
4134,40
4136,35
4137,36
4137,37
4138,33
4142,33
4142,35
4144,36
4146,33
4149,38
4150,34
4151,33
4151,35
4151,40
4153,36
4156,39
4158,33
4158,36
4158,40
4162,35
4163,33
4163,40
4165,36
4166,38
4168,35
4169,40
4171,33
4171,36
4172,37
4174,40
4175,35
4176,17
4177,36
4178,33
4178,39
4178,40
4180,35
4180,37
4180,38
4183,40
4185,33
4186,36
4188,37
4190,40
4191,38
4192,33
4192,36
4194,15
4194,35
4194,37
4196,33
4198,38
4199,13
4199,37
4200,39
4200,40
4201,36
4202,33
4204,34
4205,37
4206,38
4208,33
4209,40
4212,33
4213,26
4213,37
4214,38
4217,2
4217,35
4217,36
4218,17
4218,33
4218,39
4218,40
4219,27
4219,37
4220,21
4221,13
4221,25
4222,3
4222,35
4223,18
4223,30
4223,33
4223,38
4224,6
4224,8
4224,16
4224,27
4224,28
4224,31
4224,34
4224,37
4225,4
4225,5
4225,7
4225,12
4225,23
4225,32
4225,36
4225,40
4226,1
4226,9
4226,10
4226,14
4226,17
4226,24
4226,25
4226,29
4226,33
4227,2
4227,13
4227,18
4227,22
4227,26
4227,27
4227,31
4227,34
4227,35
4227,37
4227,38
4227,39
4228,7
4228,8
4228,12
4228,15
4228,19
4228,20
4228,21
4228,28
4228,33
4228,36
4228,40
4229,3
4229,5
4229,6
4229,10
4229,17
4229,23
4229,24
4229,25
4229,30
4229,32
4230,11
4230,13
4230,14
4230,16
4230,18
4230,27
4230,33
4230,35
4230,37
4230,38
4230,39
4231,1
4231,2
4231,8
4231,9
4231,12
4231,15
4231,26
4231,29
4231,31
4231,34
4231,36
4231,40
4232,4
4232,19
4232,20
4232,22
4232,23
4232,25
4232,28
4232,32
4233,3
4233,7
4233,10
4233,13
4233,17
4233,24
4233,27
4233,33
4233,36
4233,37
4233,38
4233,39
4234,12
4234,21
4234,30
4234,34
4234,35
4234,40
4235,14
4235,18
4235,25
4235,29
4235,31
4235,32
4236,8
4236,9
4236,26
4236,33
4237,5
4237,27
4237,36
4238,11
4238,12
4238,34
4238,35
4238,37
4238,38
4238,39
4239,13
4239,17
4240,40
4241,25
4241,33
4242,36
4242,37
4243,38
4243,39
4245,33
4249,33
4249,35
4249,40
4251,36
4251,37
4251,39
4255,33
4257,38
4258,36
4260,39
4261,40
4264,37
4265,33
4265,36
4270,38
4271,33
4272,36
4272,39
4274,37
4275,35
4277,33
4278,40
4281,37
4281,38
4284,33
4285,35
4285,40
4287,36
4287,37
4292,38
4293,33
4293,37
4294,35
4294,36
4296,40
4298,37
4300,38
4301,35
4304,36
4304,37
4304,40
4305,38
4306,33
4310,38
4311,37
4312,36
4313,33
4313,35
4314,40
4316,37
4319,33
4321,37
4322,38
4323,35
4323,39
4325,37
4329,37
4330,38
4330,40
4331,33
4332,36
4334,37
4335,25
4336,33
4336,35
4339,36
4339,37
4340,33
4340,34
4340,38
4340,39
4344,40
4345,39
4346,33
4348,37
4351,33
4352,15
4353,38
4353,40
4354,36
4354,39
4355,12
4355,33
4355,37
4358,13
4359,33
4360,38
4361,7
4361,40
4362,34
4362,36
4363,25
4364,2
4364,6
4364,17
4364,38
4365,27
4365,30
4365,37
4365,39
4366,4
4366,10
4366,18
4366,33
4366,40
4367,5
4367,8
4367,35
4368,3
4368,13
4368,14
4368,19
4368,21
4368,24
4368,31
4368,38
4369,1
4369,9
4369,15
4369,22
4369,25
4369,26
4369,32
4369,36
4369,40
4370,12
4370,17
4370,23
4370,27
4370,28
4370,29
4370,33
4370,34
4370,37
4371,7
4371,10
4371,11
4371,13
4371,16
4371,18
4371,20
4371,30
4371,35
4371,38
4371,39
4372,2
4372,3
4372,4
4372,8
4372,14
4372,24
4372,31
4372,36
4372,40
4373,5
4373,6
4373,17
4373,25
4373,27
4373,32
4373,33
4373,38
4374,9
4374,12
4374,13
4374,15
4374,23
4374,26
4374,34
4374,37
4374,39
4375,1
4375,10
4375,20
4375,21
4375,22
4375,28
4375,29
4375,35
4375,36
4376,7
4376,18
4376,19
4376,27
4376,33
4376,38
4376,40
4377,2
4377,8
4377,17
4377,24
4377,30
4377,31
4377,32
4377,37
4377,39
4378,13
4378,16
4378,25
4378,34
4378,35
4378,38
4379,3
4379,12
4379,33
4379,36
4381,27
4381,40
4382,30
4382,32
4382,38
4383,39
4384,33
4384,36
4386,37
4386,38
4390,38
4391,33
4391,40
4394,38
4395,36
4397,33
4398,38
4399,36
4404,36
4405,33
4405,38
4405,40
4410,36
4410,38
4414,36
4415,40
4417,38
4418,36
4418,37
4421,39
4422,35
4423,36
4425,33
4426,38
4429,36
4434,33
4434,38
4435,36
4435,40
4436,39
4437,34
4437,35
4442,37
4443,36
4443,40
4444,33
4446,38
4449,36
4451,40
4454,17
4454,35
4455,33
4455,37
4456,40
4458,26
4458,36
4459,13
4460,37
4461,39
4462,40
4464,33
4464,38
4465,30
4466,36
4466,37
4466,40
4467,34
4468,13
4469,33
4471,37
4472,40
4474,33
4475,35
4476,37
4479,39
4479,40
4480,33
4484,37
4487,38
4487,40
4488,33
4488,34
4489,36
4490,35
4492,25
4493,18
4494,40
4495,33
4495,36
4495,37
4495,39
4497,6
4497,22
4497,23
4497,38
4498,7
4498,12
4498,17
4498,27
4498,32
4498,35
4500,2
4500,13
4500,15
4500,21
4500,33
4500,37
4500,40
4501,5
4501,8
4501,9
4501,10
4501,14
4501,29
4501,31
4501,36
4502,3
4502,16
4502,17
4502,18
4502,19
4502,25
4502,27
4502,28
4502,34
4502,37
4502,39
4503,1
4503,4
4503,11
4503,12
4503,24
4503,26
4503,30
4503,33
4503,35
4503,38
4504,9
4504,13
4504,15
4504,20
4504,23
4504,25
4504,31
4504,32
4504,36
4504,40
4505,2
4505,6
4505,7
4505,8
4505,10
4505,14
4505,18
4505,22
4505,27
4505,33
4505,34
4505,37
4506,3
4506,17
4506,21
4506,28
4506,29
4506,35
4506,36
4506,38
4506,39
4507,5
4507,12
4507,13
4507,19
4507,24
4507,25
4507,33
4507,37
4507,40
4508,1
4508,23
4508,26
4508,31
4508,32
4509,15
4509,16
4509,27
4509,30
4509,33
4509,34
4510,18
4510,35
4510,36
4510,37
4510,39
4510,40
4511,17
4511,20
4511,38
4514,37
4514,38
4515,33
4515,40
4518,37
4519,36
4520,33
4521,38
4522,37
4522,40
4525,33
4526,37
4527,38
4530,37
4532,38
4532,40
4533,33
4535,37
4537,38
4539,33
4539,40
4541,37
4542,38
4545,40
4547,38
4550,33
4550,40
4552,37
4553,36
4555,33
4556,38
4558,37
4560,40
4561,33
4564,35
4564,37
4565,38
4568,36
4569,33
4569,40
4571,37
4573,33
4573,35
4574,39
4577,33
4577,37
4577,40
4578,36
4580,38
4582,37
4583,33
4587,33
4587,34
4589,37
4589,38
4592,40
4594,12
4594,35
4594,36
4594,37
4595,33
4599,27
4599,33
4599,34
4600,25
4600,38
4600,39
4601,37
4602,36
4604,35
4605,2
4605,33
4606,37
4609,33
4610,17
4611,37
4612,21
4612,33
4612,35
4614,26
4614,40
4615,13
4615,33
4615,38
4616,15
4616,16
4616,30
4617,8
4617,39
4618,10
4618,25
4618,33
4618,36
4619,6
4619,7
4619,18
4619,27
4619,32
4619,37
4619,38
4620,1
4620,5
4620,9
4620,11
4620,13
4620,19
4620,24
4620,29
4620,31
4620,34
4621,3
4621,4
4621,12
4621,14
4621,20
4621,33
4621,35
4622,15
4622,17
4622,22
4622,23
4622,27
4622,28
4622,32
4622,36
4622,37
4622,38
4622,39
4622,40
4623,2
4623,7
4623,8
4623,10
4623,13
4623,18
4623,21
4623,24
4623,25
4623,26
4623,30
4623,34
4624,6
4624,9
4624,16
4624,29
4624,31
4624,33
4625,5
4625,12
4625,13
4625,17
4625,25
4625,27
4625,28
4625,34
4625,35
4625,36
4625,37
4625,38
4625,39
4625,40
4626,1
4626,3
4626,4
4626,10
4626,14
4626,15
4626,18
4626,23
4626,24
4626,30
4626,32
4627,7
4627,8
4627,19
4627,22
4627,26
4627,27
4627,33
4628,2
4628,12
4628,13
4628,17
4628,20
4628,23
4628,25
4628,36
4628,37
4628,38
4628,40
4629,9
4629,14
4629,18
4629,24
4629,28
4629,30
4629,31
4629,32
4629,33
4629,34
4629,35
4629,39
4630,6
4630,10
4630,11
4630,15
4630,21
4630,27
4630,29
4631,3
4631,13
4631,16
4631,17
4631,33
4631,36
4631,37
4631,38
4632,12
4632,25
4632,40
4633,32
4633,34
4633,35
4633,39
4634,23
4634,27
4634,31
4635,26
4635,33
4635,37
4636,36
4637,38
4640,39
4641,33
4641,36
4642,35
4642,37
4642,40
4645,34
4646,38
4648,39
4649,33
4649,36
4651,37
4651,40
4654,33
4656,35
4656,39
4657,37
4658,33
4658,38
4662,37
4666,40
4667,33
4667,37
4668,35
4669,34
4672,38
4673,33
4673,37
4678,37
4679,33
4679,35
4679,36
4680,38
4680,40
4684,37
4685,33
4685,39
4688,38
4689,37
4691,36
4692,33
4693,37
4693,38
4694,35
4697,33
4698,37
4700,38
4702,33
4704,37
4704,38
4706,33
4706,36
4706,40
4712,33
4712,36
4712,37
4712,38
4714,34
4718,37
4719,33
4719,35
4719,36
4719,38
4719,39
4726,33
4726,38
4727,37
4728,36
4729,40
4730,13
4732,33
4734,40
4735,38
4735,39
4736,27
4736,33
4736,36
4736,37
4737,35
4738,25
4741,33
4742,37
4742,38
4744,40
4747,34
4748,17
4748,37
4749,26
4749,33
4750,36
4751,40
4752,2
4752,38
4753,35
4754,13
4755,8
4755,37
4755,39
4756,33
4756,38
4756,40
4757,27
4759,18
4759,30
4760,21
4760,25
4760,29
4760,32
4760,38
4761,5
4761,12
4761,13
4761,17
4761,33
4761,36
4761,40
4762,3
4762,7
4762,9
4762,14
4762,27
4762,31
4762,35
4763,1
4763,6
4763,10
4763,15
4763,18
4763,22
4763,23
4763,24
4763,28
4763,34
4763,37
4763,39
4764,4
4764,12
4764,13
4764,16
4764,19
4764,20
4764,25
4764,33
4764,38
4764,40
4765,2
4765,8
4765,11
4765,17
4765,21
4765,27
4765,29
4765,30
4765,31
4765,32
4765,35
4765,36
4766,3
4766,7
4766,9
4766,15
4766,18
4766,23
4766,24
4766,26
4766,34
4766,37
4766,38
4766,39
4767,5
4767,6
4767,10
4767,13
4767,14
4767,25
4767,27
4767,28
4767,33
4767,35
4767,40
4768,1
4768,12
4768,17
4768,22
4768,30
4768,31
4768,32
4768,36
4769,4
4769,8
4769,16
4769,20
4769,29
4769,33
4769,34
4769,37
4769,38
4770,2
4770,13
4770,18
4770,19
4770,24
4770,25
4770,27
4770,35
4770,36
4770,39
4770,40
4771,7
4771,15
4771,26
4772,17
4772,23
4772,32
4772,38
4773,10
4773,25
4773,28
4773,33
4773,34
4773,36
4773,37
4774,27
4774,35
4774,39
4775,3
4775,40
4778,12
4778,13
4778,38
4779,33
4780,36
4780,37
4783,39
4785,33
4785,38
4786,40
4789,36
4791,40
4793,35
4795,33
4796,36
4798,40
4799,37
4802,33
4803,39
4804,35
4805,36
4805,38
4810,33
4810,36
4812,40
4813,38
4814,37
4816,36
4819,33
4819,35
4821,38
4823,37
4824,36
4827,33
4829,38
4832,33
4833,34
4834,36
4834,37
4834,40
4838,33
4841,35
4841,38
4842,34
4843,36
4844,33
4845,37
4847,40
4851,37
4852,33
4852,36
4852,38
4853,39
4853,40
4855,35
4857,33
4857,37
4858,17
4858,40
4861,36
4862,33
4862,35
4862,40
4863,37
4865,39
4868,13
4868,40
4870,33
4870,36
4870,37
4871,38
4872,39
4875,18
4875,40
4877,39
4878,33
4878,36
4879,11
4879,35
4879,37
4880,38
4882,40
4885,37
4887,12
4887,36
4887,38
4887,40
4888,39
4889,33
4889,35
4890,13
4890,37
4895,37
4895,40
4896,5
4897,2
4897,33
4898,19
4898,34
4898,39
4899,21
4899,24
4899,26
4899,38
4899,40
4900,27
4900,36
4900,37
4901,25
4902,8
4902,17
4902,28
4902,35
4903,3
4903,18
4903,30
4904,1
4904,10
4904,14
4904,25
4904,31
4904,33
4904,36
4904,37
4904,40
4905,7
4905,12
4905,13
4905,27
4905,29
4905,32
4905,34
4905,38
4905,39
4906,4
4906,6
4906,9
4906,15
4906,17
4906,20
4906,23
4907,16
4907,24
4907,33
4907,35
4907,36
4907,37
4908,8
4908,10
4908,13
4908,18
4908,22
4908,27
4908,28
4908,31
4908,32
4908,39
4908,40
4909,2
4909,5
4909,12
4909,15
4909,21
4909,26
4909,30
4909,34
4909,38
4910,3
4910,7
4910,14
4910,17
4910,20
4910,23
4910,25
4910,33
4910,36
4911,1
4911,6
4911,9
4911,11
4911,13
4911,18
4911,24
4911,27
4911,29
4911,31
4911,32
4911,35
4911,37
4911,39
4911,40
4912,8
4912,10
4912,12
4912,19
4912,22
4912,34
4912,38
4913,13
4913,15
4913,16
4913,17
4913,25
4913,26
4913,28
4913,30
4913,33
4913,35
4913,36
4913,40
4914,2
4914,4
4914,7
4914,23
4914,27
4914,32
4914,37
4914,39
4915,21
4915,33
4915,38
4916,14
4916,18
4916,25
4916,36
4916,40
4917,3
4917,13
4917,31
4917,34
4917,35
4918,33
4918,36
4918,37
4918,38
4919,12
4919,39
4921,27
4921,40
4923,36
4924,33
4925,38
4926,39
4927,36
4927,37
4928,33
4928,40
4930,38
4932,36
4933,33
4934,40
4935,38
4936,36
4938,33
4939,40
4941,33
4941,36
4941,38
4941,39
4946,33
4946,36
4947,38
4948,35
4949,40
4951,36
4952,37
4953,33
4956,40
4957,38
4959,33
4959,36
4963,38
4963,39
4963,40
4964,35
4965,33
4968,40
4969,37
4970,36
4971,33
4973,35
4973,40
4975,33
4975,36
4979,37
4980,33
4980,40
4982,36
4985,33
4986,35
4986,38
4988,36
4989,40
4992,33
4992,38
4994,36
4995,40
4998,13
4999,33
4999,36
4999,39
5000,38
