8,18
8,34
8,36
9,16
10,1
10,2
10,4
10,27
10,35
11,3
11,5
11,11
11,14
11,22
11,26
11,28
11,29
11,31
11,32
11,39
12,8
12,15
12,17
12,23
12,37
12,38
12,40
13,1
13,6
13,7
13,9
13,10
13,12
13,13
13,16
13,20
13,24
13,25
13,30
13,33
13,34
13,35
14,2
14,4
14,21
14,28
14,32
14,36
15,3
15,14
15,19
15,26
15,31
15,34
15,39
15,40
16,8
16,16
16,22
16,24
16,27
16,37
16,38
17,1
17,6
17,7
17,11
17,17
17,20
17,23
17,33
17,35
18,10
18,12
18,13
18,15
18,28
18,30
18,34
18,36
18,40
19,32
20,25
20,35
20,37
20,38
20,39
21,9
21,16
21,19
22,17
22,18
22,34
23,36
24,3
24,37
24,40
25,1
25,21
26,34
26,35
27,36
27,37
27,39
30,38
30,40
31,36
32,37
34,34
35,36
35,40
36,37
38,36
39,34
39,37
40,40
41,35
42,36
44,34
44,37
46,36
46,40
49,34
50,37
51,36
53,40
54,34
56,35
57,36
58,40
60,37
62,34
63,36
63,40
65,35
65,38
67,34
70,40
71,34
72,35
72,37
76,34
76,40
77,35
77,36
77,39
79,38
81,34
81,37
82,16
83,40
84,35
84,36
85,34
85,39
87,37
89,34
90,32
91,33
91,37
92,35
93,34
93,39
94,20
95,22
95,37
95,38
97,34
97,35
97,40
100,37
101,28
102,34
103,37
104,1
104,35
106,34
107,25
107,37
108,19
108,36
110,14
110,33
110,37
110,39
110,40
111,26
112,16
112,34
113,15
114,35
114,37
115,32
116,34
116,40
117,3
118,2
119,36
120,6
120,17
120,20
120,35
120,37
121,10
121,34
121,39
122,24
122,32
122,40
123,23
124,4
124,30
125,35
125,36
125,37
125,38
126,28
126,32
127,11
127,21
127,27
127,33
127,34
127,40
128,7
128,13
128,29
129,1
129,17
129,35
130,34
130,37
131,8
132,12
132,22
132,38
132,39
132,40
133,16
133,32
133,36
134,28
135,18
135,35
136,31
136,34
136,38
137,33
137,37
138,2
138,16
140,1
141,36
141,37
141,40
142,34
143,38
144,25
145,35
147,16
148,20
148,34
148,38
149,5
149,19
149,36
149,37
149,40
151,39
153,3
153,35
153,36
154,33
156,38
157,9
157,34
158,37
158,40
159,36
159,39
161,35
165,37
166,14
166,38
167,34
168,36
168,39
169,35
169,40
170,33
174,34
174,37
174,38
176,40
178,36
179,33
180,35
181,34
181,40
184,23
185,36
186,38
188,26
188,40
189,32
190,24
190,33
190,37
191,34
191,35
192,19
192,36
193,1
193,39
195,15
195,17
195,40
196,34
197,33
197,38
198,39
199,3
199,6
199,13
200,35
201,10
202,32
202,34
202,36
202,37
203,39
203,40
204,7
204,12
205,33
206,38
207,22
207,27
207,28
208,34
208,35
208,36
209,31
210,16
210,39
211,40
212,18
212,28
213,9
213,14
213,33
213,34
213,36
215,8
215,11
215,30
215,35
217,4
217,25
217,32
218,21
218,34
219,36
219,37
219,38
219,39
219,40
220,2
221,1
221,12
221,23
222,20
222,33
223,24
223,35
224,16
224,36
225,17
225,39
226,34
227,37
227,40
228,26
228,32
228,38
229,35
230,36
231,34
234,33
234,35
234,36
237,34
237,37
239,35
239,36
242,34
242,40
243,36
247,34
247,36
247,37
247,39
248,35
249,15
249,40
252,35
254,34
255,36
256,35
258,6
258,37
259,34
260,35
261,3
261,36
261,39
263,29
264,35
265,40
266,33
266,34
266,36
267,35
267,37
267,39
271,35
272,37
274,34
274,35
274,38
275,36
278,13
278,35
278,40
279,37
280,36
281,20
281,34
282,35
282,39
286,35
286,38
287,16
287,22
287,36
288,37
289,2
289,28
290,10
290,19
290,34
291,1
291,35
292,23
292,33
293,18
293,27
293,30
293,31
293,36
293,39
294,16
294,37
295,3
295,11
295,14
295,26
296,9
296,15
296,25
296,34
296,40
297,7
297,8
297,17
297,32
297,35
297,36
297,37
298,38
299,2
299,4
299,16
299,24
299,33
299,39
300,6
300,13
300,22
300,34
301,37
301,40
302,12
302,21
302,36
303,35
305,20
305,34
305,38
306,5
306,39
307,16
308,37
309,1
309,32
310,36
311,33
311,35
311,40
312,34
315,39
320,34
321,35
322,36
322,37
323,38
328,34
329,37
330,35
330,38
330,39
330,40
332,16
332,33
333,36
335,37
336,34
338,36
340,35
342,36
343,34
343,39
344,37
345,28
345,38
348,35
348,36
350,40
352,34
352,36
352,39
353,29
353,37
356,38
357,31
357,36
358,40
359,23
359,34
360,39
361,33
361,35
361,36
362,1
362,27
363,34
364,40
365,37
366,9
366,39
368,3
368,34
368,36
371,14
371,22
371,35
372,37
372,39
372,40
373,10
373,24
373,34
374,11
374,17
375,4
375,25
375,38
376,36
377,15
377,20
377,26
377,34
377,40
378,21
378,28
378,32
378,35
379,7
379,16
379,37
380,2
380,8
380,39
381,1
381,6
381,12
381,38
382,17
382,28
382,33
382,34
382,37
382,40
383,13
383,30
384,18
384,19
384,32
384,35
384,36
386,38
386,39
387,34
387,40
388,16
388,37
389,36
392,33
394,35
394,36
394,37
395,34
395,40
398,39
399,36
400,35
401,34
402,37
407,35
407,36
407,38
408,34
409,37
411,33
412,40
415,35
415,36
416,32
416,34
420,23
420,37
421,35
421,39
422,16
422,33
422,38
423,40
424,34
424,37
428,14
430,34
430,36
430,37
431,40
432,22
433,10
434,35
435,32
435,37
436,39
437,3
437,34
437,40
438,29
439,28
441,15
441,20
441,35
441,36
442,25
442,37
442,39
443,1
443,17
443,26
443,34
443,38
444,6
444,12
444,24
444,31
444,33
445,2
445,27
445,40
447,8
447,30
447,32
447,34
447,35
447,36
447,37
447,39
448,7
448,9
448,13
448,28
448,38
449,4
449,11
449,16
451,18
451,23
451,34
451,40
452,14
452,21
452,22
452,35
452,36
452,37
453,28
453,33
453,38
454,1
454,19
454,32
456,3
456,39
457,5
457,16
457,34
457,37
457,40
458,17
458,36
459,38
460,33
460,35
464,40
466,34
466,35
466,36
467,37
471,39
473,35
474,36
477,33
477,37
479,34
482,36
482,40
484,35
485,39
487,33
488,34
489,38
490,35
490,36
490,37
494,34
495,35
496,36
497,20
498,39
499,40
500,34
500,35
501,37
503,36
504,16
506,34
506,37
507,35
508,15
509,33
509,40
510,36
510,39
511,35
513,37
515,26
515,35
517,34
517,36
518,37
518,40
520,2
520,35
523,37
524,39
524,40
525,38
526,35
526,36
527,13
527,33
528,34
529,19
531,23
531,40
532,1
532,36
532,37
533,22
534,3
534,39
535,10
535,27
535,35
536,32
536,34
537,33
537,36
537,40
538,4
538,12
538,31
538,37
539,11
539,24
539,25
540,7
540,9
541,14
541,17
541,35
541,36
541,39
542,1
542,16
542,28
542,30
542,32
542,34
542,37
542,40
543,3
543,8
543,26
543,29
544,2
544,6
544,15
544,21
544,38
545,12
545,32
545,33
545,34
545,36
545,37
546,16
546,17
546,18
546,35
546,40
547,1
547,13
547,20
547,22
547,24
547,28
547,39
549,37
549,38
550,32
550,33
550,34
550,35
550,36
550,40
551,8
551,10
551,16
551,19
552,28
554,35
554,36
554,40
555,38
556,37
558,34
560,36
561,35
563,37
565,34
566,35
567,36
567,40
569,37
571,35
572,37
573,36
575,35
576,37
576,40
579,34
580,35
582,36
583,37
584,40
585,35
585,38
588,36
588,37
589,20
592,35
592,38
593,37
593,40
594,23
594,39
596,33
597,35
598,38
599,34
602,36
604,35
604,37
606,34
606,38
606,40
608,37
609,35
612,36
613,34
614,37
614,38
615,35
616,16
618,36
618,37
618,40
622,35
624,19
624,25
624,36
624,39
625,34
625,38
626,1
626,29
627,3
627,14
627,37
628,15
628,33
628,36
629,31
629,40
630,16
630,27
630,30
630,32
630,34
631,12
631,13
631,17
631,26
631,35
632,2
632,4
632,5
632,9
632,10
633,1
633,7
633,24
633,28
633,32
633,33
633,34
633,38
633,39
633,40
634,3
634,16
634,21
634,22
634,36
634,37
635,6
635,11
635,18
635,20
635,23
635,25
635,35
636,15
636,17
636,30
637,8
637,14
637,34
637,38
638,1
638,2
638,16
638,26
638,32
638,36
638,37
638,40
639,19
639,22
639,28
639,33
640,13
640,35
640,39
641,34
641,37
643,38
643,40
644,1
644,36
645,34
646,16
647,37
648,33
649,20
649,34
651,35
652,34
654,40
655,37
655,39
656,34
658,36
660,34
662,37
664,34
664,40
665,36
667,38
668,33
669,35
671,34
672,40
675,34
676,38
677,35
677,36
677,37
677,39
678,32
679,33
679,34
679,40
682,35
685,34
687,35
687,38
688,37
688,39
688,40
691,35
692,34
693,37
696,35
697,28
697,38
698,34
702,36
703,37
704,35
704,38
705,17
705,20
705,34
706,33
706,40
707,10
707,15
707,16
710,32
711,3
711,6
711,26
711,34
711,35
711,36
711,40
712,11
712,33
712,39
713,19
713,21
713,24
713,27
714,2
714,4
714,38
715,25
716,1
716,9
716,31
716,34
716,36
716,37
717,3
717,7
717,13
717,22
717,40
718,14
718,16
718,23
718,28
718,35
718,39
719,19
720,8
720,15
720,29
720,34
720,36
720,38
721,12
721,18
721,30
722,5
722,31
722,33
722,37
722,40
724,16
724,32
724,34
724,35
725,17
725,36
725,38
726,26
727,1
727,7
727,33
728,40
729,39
730,34
730,36
731,16
731,35
731,37
732,32
736,38
737,34
737,36
737,40
738,33
739,39
740,35
740,37
745,34
746,35
746,37
747,39
750,35
751,37
753,36
753,40
754,34
755,35
756,38
759,34
760,35
762,37
762,39
763,20
763,38
764,36
768,28
768,35
768,37
769,16
770,34
770,38
771,23
771,24
772,12
773,36
773,37
774,40
775,19
775,32
775,33
775,38
777,35
778,1
778,27
778,34
780,38
781,10
781,22
781,39
782,34
783,21
783,37
783,40
784,33
784,35
787,38
788,34
789,16
790,37
792,18
792,35
792,40
794,13
794,20
795,2
795,34
795,38
796,25
797,26
797,35
797,36
797,37
798,6
798,14
798,33
798,39
799,34
802,35
802,40
803,3
803,15
803,16
803,28
804,4
805,34
805,36
805,37
806,17
806,35
806,40
807,30
807,38
809,32
809,33
809,39
810,16
810,31
812,9
812,34
812,35
812,36
812,38
813,40
814,33
816,8
816,16
818,36
818,40
819,35
819,38
820,23
820,34
820,37
824,11
824,40
825,36
827,34
827,35
830,38
830,40
831,37
832,36
833,5
833,35
834,7
834,34
837,40
838,34
840,36
840,37
840,39
841,22
841,38
842,35
843,16
844,34
845,3
845,36
846,40
847,37
848,19
848,34
848,35
848,38
851,36
852,34
854,26
855,35
855,40
856,33
856,37
857,39
858,20
858,34
860,35
861,38
861,40
862,32
862,39
864,2
864,34
865,35
866,36
867,40
869,38
870,33
870,37
871,34
872,1
872,36
873,17
873,35
874,39
874,40
876,36
878,33
878,35
878,38
879,34
880,15
880,24
883,35
883,36
883,38
884,3
884,27
884,37
885,6
885,13
885,39
885,40
886,8
886,34
887,12
887,14
887,36
888,35
888,38
889,11
889,21
889,33
891,23
891,34
892,10
892,22
892,28
893,38
893,39
893,40
894,33
894,35
894,36
895,1
895,7
895,32
896,20
897,16
898,4
898,29
898,38
899,18
899,33
899,34
899,35
900,31
900,36
900,37
900,39
900,40
901,16
901,17
901,26
901,32
902,24
902,25
902,28
903,35
904,2
904,3
904,30
904,32
904,36
905,16
905,33
905,34
905,37
905,38
905,39
905,40
906,9
906,12
906,15
907,1
907,4
908,35
908,36
910,33
910,34
910,39
911,28
912,37
913,6
913,35
913,40
915,36
918,34
919,35
919,40
920,38
924,40
925,35
926,38
927,33
927,34
930,40
933,35
933,36
933,37
934,18
935,38
935,40
937,33
938,34
939,35
941,36
941,40
942,38
945,35
946,33
947,32
947,34
947,36
947,40
949,38
949,39
952,40
953,33
953,34
953,35
954,36
957,40
958,34
963,34
963,38
963,40
964,36
965,19
965,32
965,35
966,16
967,34
967,37
968,33
969,35
969,40
970,27
970,36
971,10
971,28
971,34
971,39
972,14
972,22
973,23
974,26
975,3
975,9
975,35
975,36
975,38
976,7
976,21
976,34
976,40
977,1
977,8
977,12
977,19
977,20
977,24
977,31
978,13
978,15
978,37
979,2
979,6
979,16
979,35
980,11
980,17
980,28
980,29
980,33
980,34
980,36
980,38
980,39
980,40
981,3
981,5
981,23
981,30
981,32
982,19
983,4
983,10
983,25
983,35
983,40
984,1
984,16
984,34
984,36
985,17
986,7
986,20
986,24
986,37
987,14
987,28
987,31
987,32
987,39
988,23
988,33
988,34
988,35
988,38
988,40
989,26
990,36
991,16
992,34
994,40
996,35
997,34
999,33
999,38
1000,39
1001,37
1002,34
1003,35
1004,36
1004,40
1005,37
1006,34
1010,34
1011,35
1011,37
1013,32
1013,34
1014,39
1014,40
1015,35
1017,34
1018,37
1020,35
1020,36
1021,34
1022,22
1024,40
1026,35
1027,34
1028,37
1029,28
1029,38
1030,40
1032,35
1033,18
1033,34
1035,37
1036,36
1037,13
1037,16
1037,33
1038,1
1038,35
1039,40
1040,34
1042,37
1044,33
1044,38
1046,34
1047,40
1048,32
1048,35
1048,37
1049,6
1051,20
1051,36
1052,28
1052,34
1053,40
1054,35
1054,37
1055,39
1058,34
1058,37
1060,15
1061,27
1061,38
1062,35
1063,37
1063,40
1064,34
1065,21
1065,33
1067,3
1068,16
1069,34
1069,37
1071,10
1071,14
1071,19
1071,33
1071,40
1072,17
1072,25
1072,26
1072,32
1072,36
1072,39
1074,34
1074,37
1075,2
1075,4
1075,30
1076,7
1076,22
1076,35
1076,38
1076,40
1077,9
1077,11
1078,1
1078,16
1078,29
1078,34
1078,36
1078,37
1079,20
1080,23
1080,32
1080,33
1080,39
1081,8
1081,12
1081,31
1081,34
1081,35
1084,3
1084,16
1084,37
1084,38
1084,40
1085,17
1086,13
1086,28
1086,34
1086,36
1087,5
1088,35
1088,40
1089,37
1090,1
1091,19
1091,39
1092,15
1092,24
1092,36
1094,33
1094,37
1095,34
1097,39
1099,40
1100,35
1100,36
1100,37
1103,38
1105,37
1106,34
1107,40
1108,36
1111,37
1114,37
1115,34
1115,36
1119,32
1119,40
1120,33
1120,34
1120,37
1122,16
1122,35
1124,36
1124,37
1125,34
1128,40
1130,37
1132,1
1132,35
1132,36
1133,16
1133,39
1135,34
1135,38
1136,37
1136,40
1137,18
1138,20
1139,33
1140,14
1140,26
1140,37
1141,34
1141,40
1142,25
1142,36
1143,32
1143,35
1143,38
1144,6
1144,15
1144,37
1145,2
1145,17
1146,22
1146,34
1147,36
1148,27
1148,28
1148,33
1148,39
1148,40
1149,4
1149,21
1149,35
1149,37
1150,30
1151,13
1152,34
1152,36
1152,37
1152,38
1154,7
1154,12
1155,16
1155,40
1157,34
1157,37
1158,33
1158,35
1158,36
1158,38
1159,19
1160,39
1162,40
1164,3
1166,34
1166,38
1167,35
1167,36
1168,33
1168,40
1169,10
1170,32
1171,37
1173,33
1173,36
1174,35
1175,1
1175,31
1175,40
1176,9
1176,23
1177,34
1177,37
1178,38
1180,36
1181,33
1181,39
1182,22
1182,40
1184,37
1185,34
1187,35
1187,36
1191,33
1192,34
1193,36
1193,38
1194,39
1195,35
1195,37
1199,36
1201,24
1201,33
1201,34
1202,37
1202,40
1204,36
1205,35
1206,20
1206,34
1208,32
1208,37
1209,16
1209,35
1210,28
1212,17
1212,26
1212,34
1212,36
1213,2
1213,37
1213,38
1213,39
1214,1
1214,3
1214,18
1214,29
1214,35
1214,40
1215,14
1215,15
1215,16
1216,4
1216,32
1216,34
1217,11
1217,13
1217,25
1217,33
1217,36
1217,37
1218,6
1218,8
1218,17
1218,35
1219,3
1219,19
1219,30
1219,31
1219,34
1220,7
1220,21
1220,24
1220,40
1221,22
1221,27
1221,28
1221,36
1221,38
1221,39
1222,10
1222,16
1222,23
1222,32
1222,34
1223,1
1223,12
1223,35
1223,37
1224,9
1224,14
1224,25
1224,33
1227,2
1227,26
1227,34
1227,36
1227,37
1228,40
1230,35
1232,37
1233,34
1235,36
1236,40
1237,16
1238,34
1240,36
1240,37
1241,5
1242,40
1243,33
1244,35
1247,34
1247,40
1248,37
1249,38
1250,32
1250,35
1250,36
1253,37
1253,40
1254,34
1259,34
1260,20
1260,40
1261,38
1262,35
1262,39
1263,36
1263,37
1264,34
1267,40
1268,35
1269,34
1273,34
1273,35
1275,37
1277,40
1278,34
1279,36
1281,38
1281,39
1282,35
1283,34
1284,40
1287,37
1289,34
1289,35
1290,33
1292,38
1293,22
1293,40
1294,34
1296,16
1296,35
1296,37
1298,18
1299,34
1300,36
1301,37
1301,40
1302,1
1303,19
1304,16
1305,26
1305,39
1306,3
1306,27
1306,34
1306,38
1307,13
1307,31
1307,33
1307,37
1307,40
1308,36
1309,6
1309,9
1309,10
1309,14
1309,15
1309,17
1309,35
1310,4
1310,34
1311,28
1311,39
1312,7
1312,24
1312,30
1312,32
1312,36
1313,11
1313,20
1313,21
1313,23
1313,29
1313,38
1314,1
1314,3
1314,8
1314,35
1314,37
1315,2
1315,12
1315,17
1315,22
1315,26
1315,32
1315,34
1315,40
1316,25
1316,28
1316,36
1317,6
1317,13
1317,15
1317,16
1317,19
1317,33
1317,35
1317,38
1318,4
1318,39
1319,32
1319,34
1320,36
1320,37
1321,1
1321,7
1321,40
1322,35
1324,34
1325,38
1326,33
1326,35
1327,36
1329,34
1330,37
1330,40
1332,35
1333,36
1335,37
1337,36
1337,40
1338,34
1340,35
1343,33
1343,37
1344,39
1345,35
1345,36
1346,34
1349,37
1350,35
1353,36
1354,33
1354,34
1354,37
1354,38
1356,35
1356,40
1361,38
1362,34
1362,37
1364,35
1364,40
1368,38
1369,20
1369,39
1370,33
1370,34
1371,35
1371,36
1372,37
1373,40
1375,34
1380,35
1381,36
1381,38
1381,40
1382,10
1382,27
1382,34
1382,39
1383,28
1384,8
1384,33
1385,37
1387,35
1387,40
1388,34
1389,38
1390,3
1390,22
1391,18
1391,21
1392,14
1392,34
1392,35
1393,26
1393,37
1393,40
1394,2
1394,12
1394,16
1394,17
1394,19
1394,24
1394,39
1395,7
1395,13
1395,25
1395,28
1395,38
1396,30
1396,31
1396,36
1396,37
1397,4
1397,11
1397,15
1397,16
1397,20
1397,32
1397,33
1397,34
1397,35
1397,40
1398,1
1398,3
1398,14
1398,23
1398,29
1398,39
1399,9
1400,2
1400,6
1400,8
1400,17
1400,26
1400,34
1400,35
1401,32
1401,36
1401,37
1402,24
1402,28
1402,40
1403,34
1403,39
1404,10
1404,15
1404,22
1404,33
1404,38
1405,12
1405,16
1406,35
1406,37
1407,1
1407,34
1408,40
1409,33
1409,37
1410,38
1412,34
1413,36
1413,37
1414,35
1416,33
1417,32
1418,34
1418,36
1419,35
1419,37
1419,39
1420,40
1423,36
1424,35
1425,34
1427,37
1428,36
1429,16
1429,35
1430,34
1432,33
1434,37
1434,40
1435,35
1435,36
1437,16
1437,34
1440,36
1441,33
1441,34
1441,39
1442,31
1442,40
1443,35
1446,36
1448,34
1449,33
1449,38
1451,20
1451,36
1451,39
1452,34
1452,35
1456,34
1457,39
1458,35
1459,32
1461,36
1463,34
1463,35
1463,37
1464,5
1464,38
1464,40
1465,1
1467,37
1467,39
1468,23
1468,33
1468,34
1468,35
1469,36
1471,38
1473,34
1475,35
1475,37
1477,36
1478,38
1480,34
1481,40
1483,22
1483,35
1483,37
1485,16
1485,38
1486,13
1487,33
1487,34
1487,36
1488,37
1490,40
1491,19
1492,14
1492,32
1492,35
1492,36
1495,12
1495,25
1495,38
1496,27
1497,2
1497,4
1497,7
1497,36
1497,39
1498,3
1498,16
1498,33
1498,34
1499,11
1499,28
1499,35
1499,37
1500,1
1500,8
1500,9
1500,18
1500,21
1500,23
1500,24
1500,26
1500,30
1500,40
1501,15
1501,17
1501,36
1502,6
1502,32
1502,34
1502,37
1503,10
1503,13
1503,16
1503,29
1503,38
1504,14
1504,20
1504,33
1504,35
1504,39
1504,40
1505,22
1505,24
1505,28
1505,36
1506,1
1506,8
1506,26
1506,34
1506,37
1507,3
1507,25
1507,32
1508,35
1508,38
1509,16
1509,34
1509,40
1510,19
1510,31
1511,17
1511,37
1512,36
1514,20
1514,34
1514,39
1514,40
1515,37
1516,16
1516,33
1516,35
1518,37
1519,34
1520,32
1520,35
1521,36
1522,37
1523,34
1525,40
1526,35
1527,36
1527,37
1529,34
1531,36
1533,34
1533,37
1534,35
1535,36
1536,39
1537,34
1538,37
1540,36
1540,40
1541,35
1542,34
1544,36
1545,39
1546,37
1547,34
1547,35
1549,36
1551,37
1551,38
1552,36
1553,16
1553,33
1553,34
1554,40
1556,35
1557,36
1559,34
1561,36
1561,37
1563,34
1563,35
1565,36
1566,40
1568,36
1569,35
1569,39
1570,37
1572,34
1572,36
1574,35
1575,33
1575,37
1576,2
1576,15
1578,35
1578,36
1579,20
1580,34
1580,37
1580,40
1581,1
1581,39
1582,17
1583,32
1583,33
1583,35
1584,3
1584,36
1585,37
1586,34
1587,13
1587,38
1587,40
1588,7
1589,35
1589,36
1589,39
1590,22
1593,27
1593,33
1593,37
1593,38
1594,34
1594,35
1594,36
1595,12
1595,23
1596,4
1596,16
1596,40
1597,21
1599,14
1599,19
1599,28
1599,36
1600,5
1600,10
1600,11
1600,18
1600,26
1600,34
1600,35
1601,1
1601,6
1601,31
1601,33
1601,37
1601,38
1602,16
1602,30
1602,32
1602,36
1602,40
1603,9
1603,25
1604,24
1604,39
1605,3
1605,7
1605,15
1605,29
1605,35
1605,36
1606,8
1606,17
1606,23
1606,33
1606,34
1606,37
1607,22
1607,28
1608,38
1608,40
1609,2
1609,14
1609,35
1609,36
1610,16
1611,34
1611,37
1614,35
1614,39
1615,38
1616,36
1617,37
1619,20
1619,34
1620,35
1621,37
1621,38
1621,39
1624,40
1625,34
1625,35
1627,37
1627,38
1629,36
1631,35
1631,37
1632,34
1635,37
1637,38
1638,34
1638,36
1640,35
1640,37
1643,39
1645,34
1646,37
1648,38
1651,39
1652,35
1652,37
1654,10
1654,36
1655,32
1655,34
1655,38
1657,40
1659,36
1660,16
1660,38
1660,39
1661,35
1662,33
1662,37
1663,28
1663,40
1665,34
1665,35
1665,36
1668,38
1670,34
1670,37
1671,40
1672,35
1673,36
1675,37
1677,20
1677,33
1677,34
1679,26
1680,35
1680,37
1681,1
1682,6
1682,34
1682,36
1683,38
1683,40
1684,15
1685,32
1686,24
1686,39
1687,33
1687,35
1687,37
1688,38
1689,17
1689,20
1689,34
1689,40
1690,4
1690,18
1691,13
1691,35
1691,36
1693,2
1693,38
1694,1
1694,3
1694,14
1694,28
1694,34
1694,37
1695,7
1695,16
1695,22
1695,39
1696,12
1696,27
1696,35
1697,11
1697,25
1697,30
1697,31
1697,40
1698,8
1698,9
1698,10
1698,13
1698,17
1698,34
1699,16
1699,19
1699,21
1699,23
1699,29
1699,36
1699,37
1699,38
1700,26
1700,32
1700,33
1700,39
1700,40
1701,3
1701,14
1701,25
1701,28
1701,34
1701,35
1702,1
1702,7
1702,22
1702,24
1703,2
1703,36
1703,37
1705,4
1705,16
1705,34
1705,35
1706,19
1706,33
1706,38
1708,15
1708,37
1708,40
1709,5
1710,34
1710,36
1711,35
1713,33
1714,34
1716,16
1716,35
1718,37
1718,40
1719,33
1719,34
1719,36
1719,38
1721,35
1725,34
1728,35
1728,37
1729,33
1729,38
1730,32
1730,40
1732,36
1733,34
1733,35
1734,33
1734,37
1734,38
1736,20
1737,40
1739,35
1739,38
1741,34
1741,37
1744,28
1746,35
1746,36
1746,38
1747,39
1748,40
1749,33
1749,34
1752,35
1752,38
1755,37
1757,36
1758,23
1758,38
1759,34
1759,35
1760,39
1761,37
1763,40
1765,38
1766,35
1767,37
1768,1
1768,36
1770,20
1771,34
1772,38
1772,39
1773,12
1773,16
1773,18
1773,37
1774,35
1775,9
1775,33
1777,6
1777,16
1777,17
1777,36
1777,37
1777,38
1778,14
1778,26
1778,40
1779,22
1779,39
1780,3
1780,34
1780,35
1780,36
1780,37
1781,19
1781,32
1782,15
1783,13
1784,10
1784,33
1784,38
1784,39
1785,2
1785,30
1785,37
1786,24
1786,32
1786,34
1786,35
1786,40
1787,21
1787,27
1788,28
1789,25
1790,1
1790,7
1790,31
1790,36
1790,37
1790,38
1791,39
1792,16
1792,33
1792,34
1792,40
1794,4
1794,8
1794,35
1796,11
1796,37
1797,34
1797,36
1799,35
1799,40
1801,34
1803,39
1804,35
1804,37
1805,34
1806,20
1809,35
1810,34
1811,16
1812,37
1814,3
1814,34
1814,35
1814,36
1814,40
1816,38
1816,39
1817,29
1819,16
1820,33
1820,36
1820,40
1821,34
1822,32
1822,37
1825,35
1826,37
1826,40
1827,34
1829,24
1829,36
1832,38
1833,37
1833,40
1835,33
1835,36
1836,34
1837,35
1837,37
1838,28
1842,37
1843,36
1844,35
1846,14
1846,22
1846,37
1847,1
1847,18
1847,23
1847,34
1849,16
1849,37
1850,17
1850,19
1850,38
1851,10
1851,32
1851,40
1852,36
1852,37
1852,39
1853,13
1853,35
1854,15
1854,26
1854,31
1855,1
1855,12
1855,34
1856,2
1856,4
1856,28
1856,37
1857,27
1857,38
1857,39
1858,6
1858,16
1858,24
1858,25
1858,30
1858,33
1858,35
1859,17
1859,34
1859,37
1859,40
1860,3
1860,11
1860,20
1861,9
1861,32
1861,36
1862,8
1862,35
1863,21
1863,40
1864,7
1864,22
1864,33
1864,34
1864,38
1864,39
1866,3
1868,35
1868,36
1868,37
1871,34
1875,35
1876,34
1876,38
1877,36
1877,37
1877,40
1878,5
1881,34
1881,35
1882,36
1886,34
1886,37
1889,35
1891,36
1891,40
1893,37
1894,34
1895,35
1895,38
1898,37
1899,39
1900,36
1901,34
1901,35
1903,16
1903,40
1904,14
1904,37
1904,38
1906,33
1906,34
1907,36
1909,32
1909,35
1911,34
1912,19
1912,37
1914,35
1914,40
1915,20
1915,23
1915,36
1915,39
1917,34
1918,38
1919,1
1919,28
1919,35
1920,32
1922,34
1922,35
1923,15
1923,37
1924,17
1924,38
1925,1
1925,39
1926,12
1926,16
1926,18
1926,35
1927,13
1927,26
1927,34
1928,2
1928,32
1928,36
1929,22
1929,33
1929,37
1929,38
1929,40
1930,16
1930,28
1930,29
1931,6
1931,25
1931,30
1931,35
1932,3
1932,10
1932,27
1932,34
1932,39
1933,4
1933,16
1933,31
1933,36
1934,1
1934,20
1934,24
1934,33
1935,7
1935,11
1935,14
1935,28
1935,35
1936,8
1936,9
1936,23
1936,32
1936,37
1937,26
1937,34
1937,38
1937,39
1937,40
1938,3
1938,12
1938,17
1938,21
1938,36
1939,35
1940,19
1941,15
1941,34
1942,13
1943,35
1943,40
1944,39
1945,36
1945,37
1946,38
1947,34
1949,35
1954,35
1954,38
1954,40
1955,33
1956,36
1956,37
1957,34
1962,34
1963,35
1963,37
1968,34
1968,35
1968,37
1970,40
1971,39
1972,37
1974,38
1975,34
1975,35
1975,36
1976,37
1980,34
1980,37
1982,35
1984,40
1985,37
1985,38
1988,34
1988,35
1990,36
1991,18
1993,22
1993,33
1993,37
1994,39
1996,36
1996,38
1996,40
1997,25
1997,34
1999,16
1999,35
2001,28
2001,36
2003,37
2005,34
2006,1
2006,29
2007,35
2007,40
2008,6
2009,20
2009,33
2009,36
2010,17
2010,24
2010,31
2010,34
2011,16
2011,32
2012,2
2012,14
2012,39
2012,40
2014,4
2014,10
2014,28
2014,36
2014,38
2015,3
2015,8
2015,9
2015,11
2015,34
2016,30
2016,33
2016,37
2017,7
2017,15
2017,23
2017,27
2017,35
2018,12
2018,21
2018,26
2018,32
2018,40
2019,1
2019,13
2019,19
2019,34
2019,36
2020,22
2020,38
2020,39
2021,3
2021,33
2021,35
2022,6
2022,37
2022,40
2023,14
2023,23
2023,25
2023,32
2024,34
2024,36
2025,2
2025,28
2026,16
2026,38
2028,36
2029,5
2029,34
2029,35
2029,37
2029,40
2030,17
2031,33
2031,39
2032,38
2033,36
2034,40
2035,34
2038,33
2038,36
2039,40
2040,38
2042,34
2042,36
2044,35
2045,33
2045,40
2047,36
2050,33
2050,34
2051,40
2052,36
2053,38
2056,33
2056,36
2056,37
2059,38
2059,40
2060,32
2060,36
2062,37
2063,33
2063,35
2063,40
2066,34
2066,36
2066,37
2068,20
2068,35
2068,38
2071,37
2071,40
2072,35
2073,39
2075,34
2075,37
2077,38
2078,36
2079,35
2079,40
2080,37
2082,33
2083,1
2083,36
2084,34
2084,39
2087,33
2087,35
2087,37
2089,36
2089,40
2092,35
2093,34
2095,36
2095,37
2097,35
2098,39
2099,16
2099,26
2100,12
2100,40
2101,18
2101,33
2102,34
2102,35
2102,37
2103,16
2103,32
2103,36
2104,3
2104,9
2104,25
2105,14
2105,15
2105,38
2106,36
2106,37
2107,2
2107,7
2107,11
2107,13
2107,22
2107,35
2107,40
2108,4
2108,6
2108,8
2108,10
2108,24
2108,33
2108,34
2108,39
2109,29
2109,31
2110,17
2110,21
2110,35
2110,38
2111,3
2111,19
2111,23
2111,26
2111,27
2111,28
2111,30
2111,32
2111,37
2112,1
2112,20
2112,34
2112,36
2112,40
2113,35
2113,39
2114,13
2114,16
2114,24
2114,32
2114,33
2114,38
2115,15
2115,17
2116,14
2116,22
2116,37
2117,32
2117,36
2117,38
2118,12
2118,33
2118,34
2118,35
2118,40
2119,19
2119,39
2120,37
2121,16
2121,36
2124,35
2125,34
2125,36
2125,37
2125,39
2129,35
2130,37
2132,34
2132,36
2134,35
2134,39
2139,36
2139,37
2140,39
2142,35
2143,34
2144,37
2145,36
2148,35
2148,37
2150,34
2150,36
2152,39
2153,37
2153,40
2154,38
2155,36
2156,35
2160,37
2160,38
2162,34
2162,36
2163,35
2165,40
2166,37
2167,23
2168,33
2170,35
2171,36
2172,38
2174,1
2174,10
2174,40
2176,34
2177,33
2177,38
2178,36
2178,39
2179,18
2180,7
2180,40
2182,37
2182,38
2183,4
2184,25
2184,40
2186,26
2186,34
2186,35
2187,20
2187,36
2187,37
2189,2
2189,16
2190,14
2190,32
2191,34
2191,38
2191,40
2192,17
2192,28
2192,37
2192,39
2193,5
2193,11
2193,15
2194,1
2194,19
2194,23
2194,35
2195,30
2195,36
2195,37
2196,8
2196,33
2196,40
2197,13
2197,16
2197,31
2197,39
2198,3
2198,22
2198,27
2198,34
2199,9
2199,17
2199,21
2200,29
2200,32
2200,36
2200,37
2200,38
2200,39
2200,40
2201,24
2201,33
2201,35
2202,6
2202,20
2202,28
2203,10
2203,34
2204,14
2204,16
2204,36
2204,40
2205,12
2206,39
2207,1
2207,28
2207,35
2208,36
2208,37
2208,38
2208,40
2209,3
2209,34
2210,31
2212,40
2213,34
2213,35
2213,36
2214,37
2215,16
2215,33
2217,34
2217,39
2218,40
2219,36
2222,34
2223,37
2223,40
2224,36
2224,39
2225,35
2226,38
2229,34
2229,36
2231,40
2234,36
2235,37
2236,38
2239,34
2239,36
2241,33
2241,40
2242,22
2242,32
2242,35
2244,36
2245,38
2247,34
2247,39
2248,35
2249,36
2251,37
2252,38
2252,39
2252,40
2255,34
2255,36
2256,33
2257,23
2261,16
2262,7
2262,35
2262,36
2262,39
2262,40
2263,33
2263,38
2266,34
2267,20
2268,36
2269,13
2269,35
2272,37
2273,38
2273,39
2274,1
2274,2
2274,8
2275,28
2275,33
2275,34
2276,3
2276,12
2276,19
2276,30
2277,15
2277,18
2277,24
2277,25
2277,35
2277,36
2277,40
2278,16
2278,39
2279,4
2279,9
2279,11
2279,14
2279,21
2279,27
2279,32
2279,34
2279,38
2280,6
2280,26
2280,37
2281,1
2281,17
2281,19
2281,29
2281,40
2282,3
2282,10
2282,13
2282,23
2282,28
2282,32
2282,33
2282,35
2282,36
2283,7
2283,15
2283,34
2284,2
2284,31
2284,39
2284,40
2285,1
2285,22
2285,25
2285,38
2286,17
2286,24
2287,16
2287,33
2287,36
2288,34
2288,35
2288,37
2290,40
2293,36
2294,35
2296,33
2296,37
2297,39
2300,35
2300,36
2303,38
2305,33
2305,34
2305,37
2305,40
2306,36
2306,39
2307,35
2311,35
2312,39
2313,36
2314,37
2315,35
2316,34
2317,33
2321,35
2322,39
2323,36
2325,35
2325,37
2325,38
2326,40
2328,34
2331,33
2331,35
2331,36
2334,39
2335,34
2336,35
2337,37
2339,20
2339,38
2340,35
2342,36
2342,39
2345,34
2346,12
2346,16
2346,37
2347,40
2348,35
2349,26
2349,32
2349,36
2350,28
2350,34
2351,5
2351,15
2351,33
2353,18
2353,19
2353,35
2353,39
2354,3
2354,16
2354,37
2355,30
2355,36
2356,1
2356,10
2356,14
2356,34
2357,4
2357,17
2358,22
2358,25
2358,32
2358,40
2359,6
2359,7
2359,29
2359,31
2359,34
2359,36
2360,12
2360,33
2360,37
2361,2
2361,27
2361,28
2361,35
2361,38
2361,39
2362,11
2362,16
2362,40
2363,8
2363,13
2363,23
2363,24
2363,26
2363,36
2364,9
2364,37
2365,1
2365,21
2365,34
2365,40
2367,33
2367,35
2368,15
2368,32
2368,36
2368,38
2369,34
2370,37
2372,35
2372,40
2373,22
2373,34
2374,36
2376,37
2377,34
2378,38
2379,35
2380,36
2381,20
2381,34
2385,34
2385,36
2385,40
2388,35
2389,39
2390,34
2390,37
2391,36
2393,40
2396,34
2396,35
2396,36
2398,37
2400,38
2401,35
2401,36
2402,16
2403,37
2405,34
2406,36
2408,35
2408,40
2412,16
2413,34
2413,35
2413,37
2414,33
2414,36
2415,40
2417,23
2419,37
2419,38
2420,33
2420,36
2420,40
2421,34
2421,35
2421,39
2422,3
2422,20
2423,1
2425,40
2426,6
2426,34
2426,35
2426,37
2427,39
2428,17
2428,33
2428,36
2428,38
2430,32
2430,40
2433,33
2434,36
2435,22
2435,37
2435,40
2436,35
2437,38
2438,7
2439,16
2439,37
2440,34
2441,35
2441,36
2442,14
2442,40
2444,31
2444,37
2446,2
2446,16
2446,19
2447,36
2448,35
2448,39
2449,4
2449,29
2449,33
2449,37
2449,40
2450,13
2450,27
2451,18
2451,25
2452,3
2452,9
2452,10
2452,30
2452,34
2452,36
2453,37
2454,7
2454,11
2454,12
2454,21
2454,24
2454,26
2454,35
2454,39
2455,1
2455,14
2455,16
2455,17
2455,40
2456,8
2456,38
2457,6
2457,15
2457,28
2457,32
2457,34
2457,36
2457,37
2458,2
2458,13
2458,20
2458,22
2458,33
2459,35
2459,40
2460,25
2460,39
2461,19
2461,31
2461,38
2462,36
2463,28
2463,34
2464,35
2464,37
2465,23
2466,16
2468,39
2468,40
2469,36
2470,35
2470,37
2473,33
2474,5
2474,37
2475,35
2476,34
2476,36
2477,39
2478,37
2479,38
2480,35
2480,36
2481,40
2483,37
2485,35
2486,36
2488,17
2488,34
2488,38
2489,35
2490,37
2491,40
2492,36
2492,39
2493,34
2494,35
2497,34
2500,35
2500,37
2501,28
2501,39
2502,34
2502,36
2505,35
2506,16
2507,34
2508,37
2508,38
2509,33
2509,39
2510,35
2510,36
2510,40
2513,34
2514,35
2518,16
2518,21
2518,34
2518,36
2519,20
2519,26
2519,35
2519,37
2521,40
2522,34
2522,38
2523,2
2523,16
2523,28
2523,35
2524,3
2524,32
2524,36
2525,37
2526,1
2526,16
2526,34
2526,40
2527,12
2527,27
2528,15
2528,35
2529,18
2529,22
2529,33
2529,36
2530,37
2530,39
2531,11
2531,17
2531,32
2531,34
2531,35
2532,38
2533,23
2533,40
2534,9
2534,13
2535,35
2536,10
2536,14
2536,25
2537,36
2538,7
2538,37
2538,38
2539,4
2539,30
2539,34
2539,35
2539,39
2540,28
2541,8
2543,19
2543,22
2543,34
2543,35
2543,38
2544,40
2545,24
2545,29
2546,35
2547,6
2547,37
2548,32
2548,34
2549,38
2550,35
2550,36
2550,39
2551,16
2552,37
2553,1
2554,34
2554,35
2556,3
2557,37
2557,40
2559,35
2560,33
2560,34
2560,39
2562,37
2563,35
2564,20
2565,12
2566,34
2566,36
2566,37
2567,35
2569,39
2570,37
2570,38
2571,34
2572,19
2574,35
2574,36
2575,34
2576,16
2576,37
2576,40
2580,35
2581,34
2581,37
2582,36
2583,33
2584,35
2584,38
2584,39
2584,40
2588,34
2589,35
2590,36
2595,37
2596,34
2596,39
2597,35
2597,38
2600,37
2602,36
2603,3
2603,35
2604,34
2605,37
2608,15
2608,36
2609,34
2610,2
2610,16
2610,35
2610,40
2611,39
2612,37
2613,34
2615,17
2615,26
2616,11
2616,24
2616,36
2617,10
2617,20
2617,34
2617,35
2617,38
2618,25
2618,32
2618,39
2619,40
2620,1
2620,3
2620,4
2620,13
2620,14
2620,16
2620,22
2620,23
2620,28
2620,33
2620,34
2621,37
2622,8
2622,17
2622,31
2622,34
2622,35
2623,5
2623,6
2623,7
2623,12
2623,27
2623,36
2623,39
2623,40
2624,18
2624,30
2624,38
2625,9
2625,21
2625,28
2625,32
2625,34
2626,14
2626,19
2626,36
2627,16
2627,33
2627,40
2628,1
2628,23
2628,26
2628,38
2628,39
2629,24
2629,28
2629,34
2629,35
2629,37
2630,7
2630,36
2630,40
2631,13
2631,25
2633,33
2633,34
2634,15
2634,36
2634,40
2636,37
2637,34
2638,36
2639,35
2639,40
2640,38
2641,33
2641,36
2642,34
2645,36
2646,40
2649,36
2651,33
2651,34
2654,36
2655,39
2655,40
2658,38
2660,35
2661,36
2662,37
2663,34
2664,39
2666,40
2667,33
2667,36
2668,34
2670,35
2673,34
2676,39
2677,37
2677,38
2678,35
2678,40
2679,20
2680,32
2680,36
2683,37
2684,35
2684,40
2685,2
2685,34
2687,39
2688,19
2688,22
2688,33
2689,38
2690,37
2691,35
2691,40
2692,16
2692,28
2692,34
2692,36
2693,10
2693,20
2693,32
2694,1
2694,27
2696,6
2696,35
2696,37
2697,3
2697,16
2697,17
2697,28
2697,32
2697,39
2697,40
2698,8
2698,18
2698,23
2698,24
2698,31
2698,33
2699,11
2699,15
2699,26
2699,35
2699,36
2699,38
2700,4
2700,9
2700,12
2700,14
2700,21
2700,25
2700,29
2700,34
2700,40
2701,7
2701,13
2701,17
2701,30
2701,37
2702,1
2702,2
2702,22
2702,32
2702,35
2703,3
2703,16
2703,26
2703,28
2703,33
2703,34
2703,36
2703,39
2704,6
2704,38
2705,15
2705,19
2705,24
2705,37
2706,34
2706,35
2707,40
2708,25
2709,1
2709,33
2710,16
2711,34
2711,35
2711,36
2715,3
2715,37
2717,35
2719,34
2719,36
2720,40
2725,38
2726,35
2727,33
2727,34
2730,37
2731,40
2734,36
2736,33
2736,34
2736,35
2737,37
2738,38
2740,36
2741,35
2743,38
2744,34
2745,33
2745,37
2747,35
2748,34
2749,36
2750,16
2752,40
2753,34
2753,38
2754,33
2754,36
2755,39
2758,34
2758,35
2760,33
2760,40
2762,39
2764,34
2765,20
2765,33
2765,35
2766,38
2768,34
2768,37
2770,39
2771,36
2771,40
2775,33
2776,34
2779,38
2779,40
2780,35
2782,18
2782,34
2783,32
2784,27
2785,38
2786,16
2786,23
2786,39
2787,1
2787,22
2787,28
2787,33
2787,34
2787,35
2787,37
2787,40
2788,11
2788,14
2789,12
2789,32
2790,5
2790,36
2791,7
2791,10
2791,17
2791,35
2791,38
2792,2
2792,24
2792,26
2792,31
2792,40
2793,13
2793,15
2793,16
2793,19
2793,21
2793,34
2794,1
2794,3
2794,4
2794,9
2794,33
2794,37
2795,8
2795,23
2795,25
2795,28
2795,30
2795,36
2795,38
2795,39
2795,40
2796,6
2796,14
2796,34
2796,35
2797,24
2798,17
2799,20
2799,32
2799,36
2800,11
2800,29
2800,37
2801,35
2801,40
2802,34
2802,38
2804,39
2805,33
2806,32
2806,35
2806,37
2807,38
2812,34
2812,35
2812,39
2814,37
2814,40
2817,38
2818,34
2819,35
2820,37
2824,34
2825,36
2825,37
2826,35
2827,40
2830,34
2831,35
2831,37
2833,40
2835,35
2837,37
2838,36
2838,38
2839,34
2840,35
2840,40
2844,35
2845,34
2849,37
2849,39
2849,40
2850,35
2854,35
2855,3
2856,34
2857,36
2857,37
2857,38
2858,33
2858,35
2859,20
2860,6
2860,13
2860,19
2860,40
2861,22
2861,39
2862,10
2862,35
2864,32
2864,33
2864,36
2864,38
2865,18
2865,27
2865,28
2865,31
2866,26
2866,40
2867,4
2867,16
2867,17
2867,34
2867,39
2868,1
2868,2
2868,7
2868,9
2868,12
2868,35
2868,37
2869,15
2869,23
2869,28
2870,14
2870,24
2870,25
2870,30
2870,33
2870,36
2870,38
2871,11
2871,16
2871,32
2871,34
2871,39
2871,40
2872,1
2872,3
2872,8
2872,21
2872,22
2872,26
2872,35
2873,13
2873,36
2873,37
2874,34
2875,29
2875,33
2875,39
2876,17
2876,35
2876,38
2876,40
2878,36
2879,34
2879,37
2882,40
2883,35
2883,36
2886,34
2886,37
2888,39
2889,36
2890,40
2892,34
2892,35
2893,37
2895,33
2895,36
2897,39
2898,34
2899,35
2899,36
2899,37
2902,40
2904,36
2904,37
2905,35
2906,34
2908,40
2911,35
2911,36
2911,37
2915,34
2917,36
2917,39
2918,35
2919,16
2919,40
2921,33
2921,34
2922,36
2922,37
2923,35
2927,34
2929,36
2929,40
2930,35
2930,39
2931,20
2931,37
2932,5
2936,37
2936,38
2936,39
2937,34
2937,35
2937,36
2938,15
2939,24
2939,40
2940,14
2941,17
2943,32
2943,34
2943,35
2943,36
2943,39
2944,21
2944,40
2945,4
2945,37
2945,38
2946,19
2948,2
2948,13
2948,23
2949,1
2949,12
2949,33
2949,37
2949,40
2950,22
2950,27
2950,34
2950,35
2951,28
2951,30
2951,39
2952,10
2952,25
2952,36
2953,3
2953,31
2954,7
2954,8
2954,9
2954,18
2954,20
2954,35
2954,38
2955,16
2956,6
2956,11
2956,26
2956,28
2956,29
2956,32
2956,34
2956,36
2956,37
2957,14
2957,23
2957,33
2957,39
2957,40
2958,1
2958,2
2958,3
2958,22
2959,16
2959,17
2959,32
2959,35
2959,38
2960,19
2960,24
2960,34
2961,36
2961,39
2962,12
2962,28
2962,40
2963,37
2964,16
2964,35
2965,34
2965,38
2968,36
2968,37
2969,33
2969,35
2971,40
2972,34
2972,37
2973,35
2974,38
2974,39
2977,35
2977,36
2977,37
2978,40
2979,34
2983,35
2983,40
2985,33
2986,36
2986,37
2986,38
2988,34
2989,40
2991,33
2991,35
2995,36
2996,38
2996,40
2997,34
2998,39
2999,33
2999,35
3006,34
3006,38
3007,36
3008,33
3008,35
3008,37
3008,40
3010,19
3011,32
3013,36
3013,39
3014,35
3014,40
3015,1
3015,33
3015,38
3016,37
3017,10
3017,16
3018,15
3019,34
3019,36
3020,20
3020,35
3021,3
3021,33
3023,24
3023,26
3024,6
3024,39
3024,40
3025,25
3025,34
3025,35
3025,36
3026,33
3026,38
3028,31
3028,32
3029,4
3029,21
3030,34
3030,35
3031,23
3031,36
3031,38
3032,16
3032,28
3032,30
3032,33
3033,1
3033,2
3033,17
3033,22
3033,27
3033,37
3033,40
3035,14
3035,34
3035,36
3036,7
3036,13
3036,18
3036,35
3036,38
3036,39
3037,16
3037,33
3038,15
3039,8
3039,12
3039,29
3039,31
3039,37
3040,34
3040,38
3040,40
3042,3
3042,26
3042,33
3042,36
3043,11
3043,16
3043,32
3043,35
3045,9
3046,34
3046,38
3046,40
3047,33
3047,36
3049,20
3050,35
3050,37
3053,34
3053,39
3055,38
3060,35
3060,37
3061,33
3061,36
3063,5
3063,40
3064,34
3067,33
3067,37
3069,35
3069,36
3073,34
3074,37
3078,35
3079,36
3080,20
3080,38
3081,34
3081,37
3081,40
3082,39
3083,33
3086,19
3086,28
3086,35
3088,38
3089,16
3089,36
3089,37
3091,1
3091,9
3092,33
3092,34
3092,35
3093,25
3093,40
3094,22
3094,37
3095,10
3095,14
3095,18
3096,17
3096,36
3096,39
3097,28
3098,3
3098,4
3098,7
3098,34
3098,38
3099,35
3100,13
3100,26
3100,30
3100,37
3100,40
3101,12
3101,16
3101,24
3101,36
3102,15
3102,34
3103,2
3103,11
3103,21
3103,35
3104,32
3104,33
3105,16
3105,36
3105,37
3105,38
3105,39
3105,40
3106,6
3106,27
3106,28
3107,23
3107,35
3108,36
3110,33
3111,1
3111,28
3111,34
3112,37
3113,35
3113,36
3113,40
3114,39
3117,36
3120,35
3121,36
3121,40
3122,33
3122,34
3122,37
3126,40
3128,36
3128,37
3129,34
3129,35
3129,39
3133,38
3134,34
3136,36
3136,37
3136,40
3137,33
3139,35
3139,39
3140,34
3141,20
3145,35
3145,37
3146,34
3146,36
3146,40
3148,8
3148,28
3148,32
3149,33
3150,23
3150,39
3151,37
3151,40
3152,34
3152,35
3152,38
3153,17
3153,22
3153,36
3155,37
3156,40
3157,34
3158,16
3159,37
3161,34
3162,29
3162,36
3162,40
3163,19
3163,26
3163,33
3164,25
3164,32
3165,16
3166,34
3167,1
3167,14
3167,31
3167,35
3167,36
3167,37
3167,39
3167,40
3168,10
3168,30
3169,3
3170,4
3170,33
3171,2
3172,7
3172,12
3172,34
3172,35
3173,17
3173,32
3173,37
3173,40
3174,5
3174,6
3174,21
3174,24
3174,31
3174,36
3174,39
3175,13
3175,16
3175,20
3175,38
3176,11
3176,15
3176,27
3176,34
3176,35
3176,40
3177,23
3177,36
3177,37
3178,24
3178,32
3179,33
3179,39
3180,40
3181,3
3181,14
3181,34
3181,35
3182,1
3182,37
3182,38
3183,36
3185,34
3186,35
3188,37
3189,36
3191,34
3192,39
3193,37
3194,40
3195,35
3196,33
3196,36
3201,35
3201,36
3201,37
3202,40
3204,34
3206,9
3206,35
3207,18
3207,38
3209,33
3209,37
3210,16
3210,28
3210,35
3210,36
3211,22
3211,39
3211,40
3214,34
3214,38
3215,35
3216,33
3218,26
3219,35
3219,37
3220,36
3221,34
3222,40
3224,20
3226,35
3226,39
3227,36
3227,38
3228,2
3229,33
3229,37
3230,19
3230,34
3232,35
3234,40
3236,1
3236,36
3237,35
3237,39
3240,23
3240,38
3241,15
3242,36
3242,37
3243,12
3243,13
3243,17
3243,35
3244,8
3244,34
3245,24
3245,33
3245,40
3246,16
3246,36
3246,38
3246,39
3247,3
3247,11
3247,35
3248,34
3249,14
3249,32
3250,21
3250,30
3250,35
3250,36
3252,37
3252,40
3253,28
3253,31
3253,34
3253,38
3254,36
3256,6
3256,7
3256,10
3256,35
3257,1
3257,4
3257,27
3258,22
3258,28
3258,34
3259,12
3259,16
3259,36
3259,39
3260,26
3260,33
3260,35
3261,34
3261,37
3261,40
3262,29
3263,32
3263,36
3263,38
3264,9
3264,35
3266,34
3267,28
3267,36
3269,25
3269,35
3270,23
3270,34
3270,39
3271,40
3275,35
3275,36
3275,37
3276,34
3278,33
3280,3
3280,5
3281,20
3281,35
3281,38
3282,34
3282,39
3283,36
3283,40
3285,17
3285,37
3287,33
3287,34
3288,36
3289,35
3292,22
3292,34
3294,35
3294,38
3294,39
3296,36
3296,37
3298,18
3299,34
3301,35
3302,36
3304,34
3306,35
3306,40
3307,1
3307,16
3307,36
3309,39
3310,34
3312,35
3312,38
3313,37
3314,2
3314,36
3315,6
3316,40
3317,14
3318,34
3318,35
3318,36
3319,20
3320,11
3321,40
3322,8
3322,39
3323,37
3324,32
3324,34
3324,35
3325,36
3325,38
3326,15
3326,19
3327,40
3328,33
3329,3
3329,34
3329,35
3330,36
3333,27
3334,34
3334,40
3336,36
3337,1
3337,28
3338,21
3338,33
3339,7
3339,34
3340,36
3341,13
3341,35
3342,17
3342,25
3343,12
3343,24
3343,31
3343,38
3343,40
3344,9
3344,34
3344,39
3345,16
3345,22
3345,36
3346,26
3346,28
3346,35
3346,37
3347,3
3347,33
3348,2
3348,18
3348,23
3348,30
3348,32
3349,4
3349,16
3349,29
3350,14
3350,15
3350,34
3350,35
3350,36
3351,1
3351,20
3351,37
3351,38
3351,40
3352,17
3352,25
3352,32
3353,10
3353,28
3354,7
3354,11
3354,31
3354,33
3354,39
3355,34
3355,35
3355,36
3356,12
3356,13
3356,26
3356,38
3356,40
3357,16
3359,1
3360,33
3360,36
3361,32
3361,35
3361,37
3361,38
3362,34
3362,40
3368,36
3368,40
3369,34
3369,35
3370,37
3373,39
3375,40
3376,38
3377,36
3378,37
3379,35
3382,33
3383,34
3384,40
3385,36
3389,35
3390,33
3390,39
3392,37
3393,34
3393,40
3395,35
3395,38
3399,34
3401,36
3401,40
3404,35
3404,37
3404,38
3405,32
3406,16
3407,6
3407,34
3407,40
3409,19
3409,36
3409,37
3411,32
3411,35
3411,39
3413,5
3413,22
3413,37
3413,40
3414,36
3415,23
3416,20
3417,38
3417,40
3418,1
3418,34
3418,37
3419,17
3419,27
3419,33
3419,35
3420,10
3420,15
3420,21
3422,2
3422,34
3422,36
3422,37
3423,40
3424,3
3424,30
3425,8
3425,22
3425,26
3425,39
3426,7
3427,16
3427,24
3427,25
3427,33
3427,35
3427,36
3427,38
3428,4
3428,9
3428,14
3428,34
3428,37
3428,40
3429,11
3429,28
3430,13
3430,36
3431,31
3432,16
3432,37
3433,12
3433,29
3433,40
3434,34
3434,35
3434,36
3435,1
3435,23
3435,33
3435,39
3436,20
3440,3
3440,36
3440,37
3440,38
3441,33
3441,39
3441,40
3442,35
3444,17
3446,36
3447,34
3448,35
3448,39
3449,37
3449,40
3453,18
3454,36
3456,35
3456,37
3456,39
3457,34
3457,40
3458,38
3462,35
3464,36
3465,40
3466,39
3467,34
3467,37
3468,33
3469,36
3473,36
3474,35
3474,40
3475,33
3478,34
3479,32
3479,36
3480,35
3480,38
3481,37
3483,39
3485,34
3486,35
3486,36
3488,28
3489,16
3490,33
3491,24
3491,39
3492,15
3492,34
3492,35
3492,36
3492,40
3493,31
3494,8
3494,38
3496,9
3496,14
3497,1
3497,25
3497,26
3497,27
3497,32
3497,35
3497,39
3497,40
3498,2
3498,20
3498,34
3498,37
3499,3
3499,6
3499,10
3499,12
3499,13
3499,16
3499,23
3499,36
3500,4
3500,21
3500,33
3500,35
3500,39
3501,7
3501,17
3501,22
3501,32
3502,11
3502,19
3502,28
3502,30
3502,34
3502,36
3502,40
3503,3
3503,14
3503,24
3503,25
3503,38
3504,5
3504,16
3504,35
3505,2
3505,15
3505,29
3505,32
3505,34
3505,36
3505,39
3505,40
3506,1
3506,7
3506,37
3507,12
3507,27
3508,18
3508,31
3508,33
3508,35
3509,16
3509,17
3509,34
3510,39
3511,22
3511,36
3511,40
3512,13
3512,37
3512,38
3513,34
3514,32
3514,35
3517,37
3518,34
3518,35
3519,39
3523,35
3523,38
3525,37
3525,40
3527,34
3529,35
3529,36
3530,37
3533,34
3534,37
3535,35
3535,39
3537,36
3538,37
3541,36
3541,39
3542,34
3543,33
3543,35
3544,37
3545,40
3547,36
3551,34
3551,37
3552,35
3553,36
3553,39
3554,38
3558,20
3559,36
3559,37
3561,35
3561,39
3562,34
3563,40
3564,16
3564,33
3566,35
3567,36
3571,38
3573,35
3574,23
3574,34
3574,36
3574,37
3575,1
3576,39
3577,40
3578,19
3578,28
3578,34
3581,36
3582,39
3582,40
3583,35
3584,16
3584,26
3585,9
3585,24
3585,33
3585,34
3587,36
3588,40
3589,3
3589,11
3589,16
3589,35
3589,37
3589,38
3590,32
3591,2
3592,14
3592,15
3592,39
3593,8
3593,33
3593,36
3593,37
3593,40
3594,17
3594,34
3594,35
3595,21
3596,6
3596,25
3596,30
3597,4
3597,12
3597,22
3597,40
3598,13
3598,34
3598,38
3599,7
3599,31
3599,32
3599,36
3599,37
3600,10
3600,18
3600,20
3600,27
3600,28
3600,29
3601,35
3601,39
3601,40
3602,1
3602,16
3602,33
3603,14
3603,19
3603,26
3603,38
3604,2
3604,3
3604,17
3604,32
3605,23
3605,28
3605,36
3605,37
3606,5
3606,33
3606,34
3606,35
3606,40
3607,24
3607,39
3610,1
3610,36
3612,37
3612,40
3613,20
3613,35
3614,34
3617,36
3617,39
3619,37
3620,40
3623,35
3625,36
3627,34
3629,37
3629,39
3629,40
3630,38
3632,35
3636,37
3636,38
3637,40
3638,33
3639,34
3639,36
3642,37
3644,34
3644,35
3644,38
3647,37
3648,40
3652,38
3653,16
3653,39
3654,34
3654,36
3654,37
3656,35
3656,40
3660,38
3661,37
3663,36
3664,34
3665,35
3665,39
3667,19
3668,22
3669,33
3669,36
3669,38
3670,16
3671,35
3673,27
3673,34
3673,40
3676,32
3677,3
3677,36
3678,35
3678,39
3679,10
3679,38
3680,9
3680,12
3680,21
3680,33
3680,40
3681,7
3681,28
3681,31
3682,4
3683,15
3683,17
3683,34
3684,1
3684,6
3684,11
3684,13
3684,18
3684,26
3684,30
3684,35
3684,37
3684,38
3685,2
3685,16
3685,23
3685,24
3685,25
3685,36
3686,14
3686,20
3686,28
3686,32
3686,34
3687,8
3687,29
3687,33
3687,37
3687,39
3687,40
3688,1
3688,16
3689,3
3689,13
3689,35
3689,36
3690,15
3690,38
3691,11
3691,17
3692,19
3692,33
3692,34
3692,37
3692,40
3693,39
3694,32
3694,36
3695,35
3698,34
3701,35
3701,37
3704,34
3706,35
3707,36
3707,40
3708,38
3709,37
3711,35
3713,34
3715,37
3717,35
3718,40
3722,36
3723,34
3723,37
3723,38
3725,39
3726,31
3726,35
3729,37
3729,40
3731,33
3731,39
3732,16
3733,34
3733,38
3734,35
3734,36
3737,34
3738,40
3739,37
3740,39
3741,22
3744,34
3745,37
3746,36
3747,19
3747,20
3747,33
3747,35
3748,39
3749,12
3749,23
3751,3
3751,32
3752,14
3752,27
3752,38
3753,2
3753,9
3753,10
3753,33
3753,35
3753,39
3753,40
3754,36
3755,1
3755,30
3755,34
3755,37
3756,7
3756,13
3756,21
3756,26
3757,24
3758,4
3758,15
3758,25
3758,28
3758,34
3759,6
3759,17
3759,32
3759,37
3759,38
3760,8
3760,16
3760,22
3760,35
3760,36
3760,40
3761,29
3762,26
3762,28
3762,33
3762,34
3763,11
3763,14
3764,18
3764,31
3764,39
3765,5
3765,16
3765,36
3765,38
3765,40
3766,35
3767,1
3767,32
3768,20
3768,37
3769,33
3770,17
3770,34
3770,36
3770,40
3771,38
3771,39
3772,35
3775,23
3776,37
3778,36
3778,40
3780,34
3782,39
3783,35
3784,36
3785,34
3785,37
3790,34
3790,36
3790,40
3791,37
3792,38
3795,37
3797,36
3798,34
3801,37
3802,19
3802,40
3803,35
3804,36
3805,34
3805,38
3807,39
3807,40
3809,36
3809,37
3812,35
3813,34
3814,36
3815,33
3816,38
3817,40
3818,35
3819,34
3819,36
3823,16
3824,36
3824,39
3825,34
3826,32
3826,37
3826,40
3827,35
3829,3
3830,34
3831,15
3831,36
3832,33
3833,2
3833,38
3834,28
3834,39
3835,11
3835,34
3835,35
3836,12
3836,27
3836,36
3837,22
3838,40
3839,9
3839,16
3839,24
3839,34
3839,35
3840,20
3840,23
3841,1
3841,7
3842,3
3842,4
3842,6
3842,18
3842,32
3842,36
3842,38
3842,39
3843,8
3843,10
3843,19
3843,26
3843,29
3843,34
3843,35
3843,37
3844,13
3844,14
3844,16
3845,5
3845,33
3845,40
3846,1
3846,12
3846,17
3846,21
3846,24
3846,28
3846,30
3846,34
3846,36
3847,31
3848,25
3848,32
3848,35
3848,37
3849,3
3849,15
3849,34
3849,36
3849,38
3849,39
3849,40
3850,16
3850,22
3851,7
3851,10
3851,28
3851,33
3852,35
3853,34
3853,36
3855,2
3855,38
3856,37
3856,39
3858,36
3859,34
3862,35
3863,36
3865,37
3866,38
3868,34
3868,36
3868,39
3869,40
3872,38
3873,35
3873,37
3874,34
3876,36
3878,35
3879,33
3880,38
3881,34
3882,35
3882,40
3884,36
3886,35
3887,34
3888,38
3888,40
3889,35
3893,34
3893,35
3895,36
3895,38
3896,37
3896,40
3897,35
3900,34
3902,35
3902,37
3902,40
3904,16
3905,38
3906,20
3907,26
3907,35
3907,36
3907,39
3908,34
3909,18
3909,37
3909,40
3911,32
3911,33
3912,19
3913,35
3915,1
3915,25
3915,37
3916,17
3916,38
3917,34
3917,36
3917,40
3918,9
3918,28
3918,32
3918,37
3919,14
3919,39
3921,4
3921,13
3921,35
3921,37
3922,22
3923,17
3923,31
3923,36
3924,12
3924,15
3924,23
3924,30
3925,28
3925,37
3925,38
3925,40
3926,2
3926,16
3926,27
3926,33
3926,34
3926,39
3927,11
3927,21
3927,24
3927,35
3927,36
3928,7
3929,1
3929,3
3929,8
3929,32
3929,37
3930,34
3931,35
3931,40
3932,6
3933,29
3933,38
3934,37
3934,39
3935,33
3935,36
3936,10
3936,20
3938,35
3940,34
3940,37
3941,36
3943,33
3945,35
3947,37
3948,34
3950,40
3951,35
3955,37
3957,34
3957,35
3957,36
3957,38
3958,22
3961,37
3962,16
3962,36
3963,35
3965,34
3965,37
3968,36
3969,34
3969,35
3969,40
3973,26
3973,37
3974,34
3974,36
3974,39
3975,35
3979,36
3981,34
3983,14
3983,35
3983,36
3984,32
3984,37
3986,34
3986,40
3987,36
3989,28
3991,36
3992,35
3993,15
3993,34
3994,1
3994,12
3994,23
3995,16
3996,33
3996,36
3996,39
3997,4
3997,24
3997,34
3998,3
3998,8
3998,11
3998,13
3998,17
3998,19
3998,30
3998,38
3998,40
3999,9
3999,27
3999,35
3999,37
4000,5
4000,31
4000,32
4000,34
4000,36
4001,2
4001,7
4001,14
4001,25
4001,40
4002,13
4002,18
4002,38
4002,39
4003,21
4003,22
4003,36
4004,6
4004,33
4005,10
4005,16
4005,29
4005,37
4006,20
4006,23
4006,28
4006,34
4006,35
4006,38
4007,1
4007,3
4007,36
4007,40
4008,15
4008,26
4011,17
4011,33
4011,37
4011,38
4012,34
4012,35
4012,39
4013,24
4014,40
4016,36
4017,34
4017,37
4022,34
4022,40
4024,35
4027,37
4029,34
4031,38
4032,35
4033,36
4036,34
4037,40
4041,37
4042,33
4045,38
4046,32
4046,34
4046,36
4046,40
4047,35
4047,37
4052,20
4053,34
4054,38
4055,39
4055,40
4056,32
4056,35
4058,10
4059,19
4060,38
4061,39
4062,1
4062,6
4062,28
4062,35
4062,36
4062,40
4063,37
4064,3
4064,4
4064,12
4064,33
4064,34
4066,35
4067,17
4068,34
4068,39
4068,40
4070,16
4070,38
4071,11
4071,26
4072,35
4073,32
4073,36
4073,37
4073,40
4074,2
4074,16
4074,25
4075,34
4076,15
4076,23
4077,40
4078,16
4078,22
4079,18
4079,35
4079,39
4080,5
4080,8
4080,27
4080,33
4080,36
4081,34
4081,37
4082,9
4082,38
4082,40
4083,13
4083,14
4084,36
4085,7
4085,37
4087,21
4087,40
4088,20
4089,36
4090,30
4090,31
4091,33
4091,37
4092,34
4093,36
4093,38
4093,40
4094,19
4095,35
4098,36
4098,37
4099,32
4099,40
4101,29
4102,35
4103,1
4103,12
4103,36
4103,38
4103,39
4104,34
4104,37
4105,33
4105,40
4109,35
4110,36
4112,37
4113,16
4115,34
4115,40
4116,36
4116,38
4117,39
4118,33
4118,35
4118,37
4123,37
4124,35
4124,40
4125,36
4128,37
4129,34
4129,38
4130,33
4132,40
4133,35
4134,37
4136,38
4138,17
4139,28
4139,34
4139,37
4140,35
4141,32
4141,36
4142,26
4142,38
4143,22
4143,40
4144,15
4144,16
4144,25
4144,34
4144,39
4145,35
4146,1
4146,10
4146,33
4147,2
4147,23
4147,36
4147,37
4148,3
4148,20
4148,34
4149,4
4149,24
4150,39
4151,6
4151,11
4151,14
4151,35
4152,8
4152,13
4152,34
4152,36
4152,37
4153,3
4153,38
4153,40
4155,33
4155,34
4156,17
4156,27
4156,35
4157,32
4158,30
4158,34
4160,35
4160,39
4161,34
4161,36
4161,38
4161,40
4162,28
4164,33
4165,35
4166,32
4166,34
4167,12
4168,18
4168,36
4169,35
4169,39
4170,7
4170,34
4171,16
4173,9
4173,33
4174,38
4175,35
4175,36
4175,37
4176,34
4177,40
4178,26
4180,35
4181,34
4184,39
4184,40
4185,37
4187,34
4187,35
4188,20
4189,36
4191,35
4192,38
4193,39
4193,40
4194,23
4195,34
4195,35
4198,15
4198,21
4198,32
4200,1
4200,39
4201,28
4201,34
4201,35
4201,37
4201,40
4202,2
4202,17
4203,22
4203,36
4203,38
4204,33
4205,19
4206,13
4206,35
4207,29
4208,16
4208,34
4208,37
4208,40
4210,36
4211,1
4211,3
4211,6
4211,38
4212,31
4213,34
4213,39
4214,33
4214,35
4214,40
4215,10
4215,24
4215,36
4216,37
4218,32
4218,34
4219,40
4220,35
4223,34
4223,38
4225,35
4227,37
4228,34
4229,36
4230,39
4231,14
4231,33
4231,35
4233,34
4235,36
4235,37
4235,38
4237,40
4238,34
4241,35
4241,37
4244,34
4247,37
4247,38
4248,40
4249,35
4250,1
4250,20
4251,25
4251,34
4251,36
4253,32
4253,39
4254,38
4255,23
4255,37
4256,12
4256,35
4256,40
4257,28
4257,33
4257,34
4257,36
4258,3
4258,4
4258,11
4258,22
4259,27
4260,2
4260,35
4261,7
4261,15
4261,17
4261,26
4261,38
4262,8
4262,9
4262,16
4262,34
4262,36
4262,37
4262,40
4263,18
4263,31
4263,32
4263,39
4264,13
4264,14
4264,33
4265,1
4265,3
4265,6
4265,24
4265,30
4265,35
4266,21
4266,36
4266,38
4267,28
4267,34
4267,37
4267,39
4268,10
4268,19
4268,25
4268,32
4268,40
4269,20
4269,33
4271,12
4271,16
4272,34
4272,35
4272,40
4273,32
4273,36
4275,5
4275,33
4275,38
4275,39
4277,34
4277,37
4278,35
4278,36
4281,40
4282,34
4282,35
4284,36
4284,39
4288,35
4289,36
4290,33
4290,40
4291,34
4293,35
4293,37
4293,39
4296,36
4299,35
4299,39
4300,33
4301,36
4302,37
4303,34
4303,40
4305,35
4309,39
4310,38
4311,36
4311,40
4312,35
4313,33
4314,34
4319,35
4319,37
4320,40
4321,20
4321,34
4321,36
4322,33
4323,39
4324,38
4327,17
4329,40
4330,35
4330,36
4330,38
4331,22
4331,39
4332,33
4332,34
4332,37
4336,40
4337,15
4337,34
4338,35
4338,36
4341,34
4341,38
4342,26
4343,1
4343,39
4344,2
4344,36
4344,40
4345,16
4345,32
4347,24
4347,28
4347,33
4347,34
4347,35
4347,37
4348,4
4348,9
4348,23
4349,3
4349,25
4349,27
4350,18
4350,20
4350,36
4350,38
4350,40
4351,11
4351,14
4351,29
4351,34
4352,7
4352,8
4352,15
4352,16
4352,23
4352,37
4352,39
4353,1
4353,6
4353,13
4353,17
4353,19
4353,30
4353,32
4353,35
4354,3
4354,22
4354,28
4354,33
4354,34
4355,10
4355,14
4355,21
4355,31
4355,36
4355,40
4356,12
4356,16
4356,26
4356,32
4356,35
4356,37
4356,38
4356,39
4357,2
4357,24
4358,1
4359,4
4359,5
4359,25
4359,34
4359,37
4360,33
4360,35
4360,40
4361,16
4361,36
4361,39
4362,7
4362,19
4363,37
4363,38
4365,34
4366,35
4367,16
4367,36
4367,37
4369,34
4370,39
4370,40
4371,33
4371,35
4371,37
4375,35
4376,34
4376,37
4379,35
4380,36
4380,40
4381,37
4384,34
4386,35
4388,37
4389,34
4389,40
4390,39
4392,36
4394,35
4395,37
4398,38
4398,39
4399,35
4399,36
4402,34
4403,36
4405,35
4405,37
4406,20
4406,40
4408,36
4408,38
4410,34
4411,35
4411,37
4415,34
4415,36
4415,39
4416,22
4418,35
4419,34
4420,36
4420,40
4421,33
4421,37
4422,9
4423,16
4423,34
4424,36
4425,37
4426,34
4427,40
4428,35
4429,6
4429,36
4431,34
4431,37
4432,26
4434,36
4435,33
4435,39
4436,32
4436,34
4438,3
4438,38
4438,40
4439,11
4440,1
4440,27
4440,35
4441,20
4441,36
4441,39
4442,10
4442,23
4442,34
4442,37
4443,13
4443,15
4443,17
4443,33
4444,2
4444,21
4444,31
4444,40
4445,14
4445,24
4445,36
4446,12
4446,28
4446,32
4446,34
4447,3
4447,7
4447,8
4447,30
4447,38
4447,39
4448,25
4448,35
4448,40
4449,4
4449,16
4449,17
4449,19
4449,22
4449,29
4449,33
4449,36
4450,18
4450,34
4450,37
4451,1
4451,26
4452,32
4452,36
4453,14
4453,16
4453,38
4454,2
4454,28
4454,35
4454,37
4454,39
4454,40
4455,33
4457,27
4457,34
4457,36
4460,39
4462,38
4463,34
4463,36
4464,40
4466,37
4467,35
4469,33
4469,34
4469,36
4469,39
4473,35
4474,38
4475,34
4475,37
4476,36
4478,39
4481,35
4482,34
4483,37
4484,39
4484,40
4485,36
4488,35
4492,34
4492,39
4494,36
4495,35
4496,33
4497,37
4499,20
4499,39
4500,35
4500,38
4501,34
4503,24
4505,35
4505,39
4506,36
4507,6
4507,33
4507,34
4507,37
4509,38
4511,39
4512,35
4513,15
4513,36
4515,10
4515,37
4515,38
4516,16
4516,33
4516,35
4517,34
4517,39
4519,22
4520,40
4521,35
4521,38
4523,37
4524,32
4524,34
4524,39
4526,35
4526,36
4529,21
4530,23
4530,34
4530,38
4530,39
4531,3
4531,5
4531,17
4532,9
4532,28
4532,35
4533,20
4533,40
4534,12
4534,13
4534,14
4534,24
4534,36
4534,38
4535,11
4535,17
4535,19
4535,25
4535,37
4536,1
4536,7
4536,8
4536,15
4536,18
4536,26
4536,34
4536,39
4537,2
4537,4
4537,30
4537,31
4537,32
4537,33
4537,35
4538,3
4538,16
4538,27
4538,36
4538,38
4538,40
4539,13
4539,14
4539,28
4539,29
4539,37
4540,10
4540,34
4541,1
4541,22
4541,23
4541,33
4541,36
4541,39
4542,31
4542,32
4542,40
4543,6
4543,35
4544,25
4544,28
4545,36
4546,33
4546,34
4546,37
4547,12
4547,39
4548,35
4548,38
4552,36
4553,37
4554,34
4554,35
4554,38
4554,39
4556,40
4558,33
4559,35
4563,37
4563,39
4564,34
4564,36
4566,38
4568,35
4568,40
4570,33
4570,36
4572,34
4574,35
4575,39
4576,36
4579,37
4581,35
4582,38
4583,36
4583,40
4586,34
4588,35
4590,40
4591,33
4592,37
4592,39
4593,38
4594,20
4595,34
4595,36
4599,40
4600,35
4601,26
4603,8
4603,36
4605,16
4605,34
4605,35
4605,37
4606,15
4606,33
4606,38
4607,22
4607,28
4607,39
4608,32
4608,36
4608,40
4609,35
4610,30
4612,7
4612,34
4613,2
4613,4
4613,17
4613,38
4614,16
4614,33
4614,36
4614,39
4615,11
4616,3
4616,12
4616,18
4616,23
4616,27
4616,34
4616,37
4617,19
4617,24
4617,35
4617,40
4618,13
4618,14
4618,32
4619,1
4620,25
4620,34
4620,39
4621,28
4621,35
4621,36
4621,37
4621,38
4621,40
4622,3
4622,9
4622,17
4622,21
4622,33
4624,34
4625,6
4625,36
4626,10
4626,35
4626,40
4627,31
4629,33
4630,34
4630,36
4630,39
4631,40
4632,35
4637,36
4637,37
4638,34
4638,35
4639,33
4639,40
4644,35
4645,40
4646,36
4647,34
4648,33
4653,5
4653,40
4655,36
4655,39
4657,34
4657,35
4657,38
4659,20
4660,37
4662,35
4662,38
4662,39
4663,34
4663,40
4664,33
4665,19
4669,36
4670,26
4670,32
4670,38
4671,39
4672,34
4673,16
4673,33
4673,35
4675,37
4675,38
4675,40
4678,23
4679,1
4679,37
4680,15
4681,14
4681,35
4682,40
4683,13
4683,33
4683,34
4683,37
4683,38
4684,12
4685,2
4685,22
4685,36
4685,39
4688,32
4688,34
4688,38
4689,37
4690,16
4690,17
4690,30
4690,35
4690,36
4691,21
4691,40
4692,4
4692,27
4692,34
4692,39
4693,29
4693,36
4693,38
4694,20
4695,23
4696,24
4696,28
4696,34
4697,6
4697,32
4697,33
4697,35
4697,37
4697,39
4698,25
4698,36
4699,38
4700,1
4700,3
4700,7
4700,11
4700,34
4702,8
4703,36
4703,37
4703,39
4703,40
4704,34
4704,35
4705,33
4706,38
4707,10
4708,34
4711,39
4713,35
4713,36
4713,37
4715,34
4718,38
4718,40
4719,39
4720,34
4720,35
4722,36
4722,37
4724,34
4727,40
4728,18
4728,34
4728,35
4728,39
4729,36
4732,37
4733,34
4733,35
4734,39
4735,16
4738,35
4739,34
4739,37
4740,33
4740,39
4743,36
4744,20
4745,35
4745,38
4746,37
4748,28
4748,40
4749,39
4750,22
4750,26
4750,34
4750,35
4751,19
4751,36
4752,9
4752,15
4753,1
4753,37
4754,2
4755,3
4755,16
4755,31
4755,35
4755,38
4756,6
4756,12
4756,17
4756,34
4756,37
4756,39
4757,13
4757,33
4757,36
4757,40
4758,1
4758,27
4758,30
4759,11
4759,14
4759,25
4759,32
4760,24
4760,35
4761,4
4761,7
4761,10
4761,16
4761,33
4761,34
4761,36
4761,37
4761,39
4761,40
4762,21
4762,23
4762,38
4763,32
4764,8
4764,26
4765,1
4766,35
4766,40
4767,22
4767,34
4767,37
4768,28
4768,36
4768,38
4769,33
4771,32
4773,16
4773,35
4775,36
4775,37
4775,40
4776,34
4780,35
4782,33
4782,37
4783,34
4784,35
4787,40
4788,35
4789,38
4790,37
4792,39
4793,18
4793,35
4796,37
4796,40
4797,36
4798,35
4799,17
4799,38
4800,39
4801,13
4803,34
4805,35
4805,37
4806,40
4809,12
4809,33
4809,36
4811,5
4811,35
4812,34
4812,39
4813,38
4815,15
4815,25
4815,32
4815,35
4816,16
4816,37
4817,34
4817,40
4818,2
4818,36
4819,35
4820,3
4821,14
4821,37
4822,34
4823,36
4824,35
4824,39
4824,40
4825,16
4825,37
4826,32
4827,19
4828,34
4828,36
4829,29
4829,37
4830,35
4830,40
4832,1
4832,26
4832,36
4833,34
4834,20
4835,27
4835,36
4835,37
4835,39
4836,24
4836,33
4837,6
4837,35
4837,40
4838,36
4839,34
4841,3
4842,36
4844,9
4845,31
4845,33
4845,35
4845,37
4845,40
4846,7
4846,34
4847,10
4847,36
4848,38
4850,11
4850,22
4850,23
4850,32
4850,36
4851,21
4851,28
4851,34
4851,39
4851,40
4854,33
4854,35
4854,38
4855,1
4855,36
4856,23
4856,34
4856,37
4857,4
4858,40
4859,36
4862,34
4863,36
4863,37
4864,39
4865,8
4865,35
4867,34
4867,36
4867,40
4871,34
4871,36
4874,39
4875,35
4875,37
4875,40
4876,34
4877,36
4877,38
4880,34
4882,40
4884,37
4884,38
4885,36
4886,34
4888,35
4888,40
4889,16
4890,33
4893,40
4894,32
4894,34
4894,36
4895,20
4895,30
4895,38
4896,18
4896,22
4897,35
4898,26
4898,37
4899,12
4899,16
4899,38
4899,40
4900,1
4900,2
4900,7
4900,17
4900,34
4901,13
4901,15
4901,19
4901,28
4901,33
4901,39
4902,32
4903,3
4903,10
4903,14
4903,27
4903,35
4903,36
4904,20
4904,25
4904,40
4905,4
4905,16
4905,24
4905,33
4905,34
4905,37
4905,38
4906,8
4906,39
4907,11
4907,29
4907,31
4908,1
4908,6
4909,21
4909,30
4909,32
4909,34
4909,36
4909,40
4910,3
4910,9
4910,17
4911,35
4911,39
4912,16
4912,23
4912,24
4912,28
4912,37
4913,33
4913,38
4914,34
4914,36
4914,40
4916,15
4917,18
4918,35
4920,19
4920,37
4921,36
4922,34
4922,35
4922,39
4926,35
4929,36
4930,34
4932,37
4933,35
4933,40
4939,37
4940,36
4941,34
4944,35
4948,20
4948,37
4949,38
4950,34
4950,35
4950,36
4953,37
4953,39
4955,40
4958,35
4959,37
4962,40
4963,34
4965,13
4965,25
4965,35
4965,36
4967,5
4967,16
4967,37
4968,33
4969,7
4969,39
4969,40
4970,2
4970,14
4970,22
4970,28
4970,34
4970,36
4971,31
4971,38
4973,3
4973,35
4974,23
4974,27
4974,37
4975,1
4975,10
4975,16
4975,26
4975,34
4975,36
4975,40
4976,12
4976,24
4977,32
4978,15
4978,19
4978,33
4979,4
4979,9
4979,11
4979,34
4979,35
4979,37
4979,39
4979,40
4980,6
4980,17
4982,21
4982,25
4982,36
4983,32
4983,37
4984,38
4985,16
4985,28
4985,34
4985,35
4985,39
4987,37
4988,36
4989,18
4992,37
4993,36
4993,39
4994,40
4996,33
4997,37
4998,36
4999,35
