NaN,0.000411059722494445,3.18787796529385e-05,6.31584976518162e-06,7.28930734654742e-05,7.1821541512751e-05,0.000113924444307523,4.18484345690584e-05,0.000307835853427363,2.61967088001636e-05,0.000199047897392612,5.2465940307167e-05,0.000157007847653212,0.00056238591184804,0.0027238410978988,0.00149664410844796,4.16559077179302e-05,2.90945305227441e-05,8.76829935951284e-05,9.48164827874187e-07
0.00103460747160877,NaN,1.78250498802934e-05,0.00237984759199994,0.000864429802904965,0.000688601968591662,0.00214173409814178,0.000179821009520742,0.000435459853192099,9.52113292749801e-05,4.89203899850521e-06,0.0105614851048807,0.00803210042138591,0.00108475828422461,5.68435824509494e-05,2.10566595290063e-05,7.47165133330174e-05,0.000416141923222701,1.33260911844291e-06,0.000174328796560874
1.06166043922773e-06,0.0001602639216855,NaN,0.000703397751996626,0.00105872185713568,0.000146962454502186,0.000509567158809732,0.000197942164283149,3.41869673792239e-07,0.000346393658464783,3.49757453926847e-06,0.000105296840747116,5.99110391417135e-05,0.000295368380954841,0.00188995284873916,0.000490436720644194,0.000140322966883322,7.89571500953157e-06,0.000108847750039387,3.75983492910126e-05
0.000720493582243964,1.62657157709578e-05,0.00538285841011821,NaN,6.42558948430461e-05,0.00133766416335923,5.48711614675179e-05,0.000938402556167284,1.45842293097775e-06,0.000562170270593743,0.000418553750803852,0.000456629870718317,0.00399836162941114,0.000113447873690165,0.000857545292634709,0.000211536130496626,0.0156500532288129,1.14571541631747e-06,0.000184744261807146,0.00175054636037214
0.00206403060638294,6.02322751203088e-05,6.29541744151529e-06,0.000879339033587834,NaN,0.000284740579465259,9.77175121746887e-06,2.19537787948809e-09,6.99660820002723e-07,1.8473938107777e-05,0.0022573307552663,0.000147591548859904,0.00262383877908379,1.40176983374762e-05,0.000510578249850513,8.43682077009689e-05,9.54080252902889e-05,0.000195088535142329,0.0123540066622639,4.82444275473615e-07
6.0732865966806e-05,1.350049570914e-06,0.000151829578501128,0.000706452298604665,0.000377687317853981,NaN,7.69541672005492e-05,1.60779230545804e-05,9.81200391376169e-05,2.18999946743903e-06,0.0013626733701867,0.000109011823500871,8.168138314113e-05,0.000990819675659893,1.54276290111333e-05,0.00219800993689351,1.92413657262303e-05,0.00100169239255199,0.0141587411749585,0.000217234883969519
2.61800473816409e-06,3.97392639547856e-05,2.70554871062423e-07,5.56345283542203e-06,1.36770701478217e-05,0.000931221106360014,NaN,9.1150941152196e-06,0.000176490010987962,7.34110841551505e-05,6.57696823783693e-05,5.20688035096084e-05,3.39401167066544e-05,0.000633636271138771,0.000519307291890758,5.43329008645399e-06,0.00019432884432663,0.0107722302355513,7.0767076768008e-05,2.15061122343929e-06
0.0018649774704303,0.000456482185944407,0.00283147775786879,0.000816616098791245,0.00019541247549032,0.000430334326113613,0.00581448663910372,NaN,1.42092933130833e-06,0.000844593746240463,0.000124173172030229,3.1574249664601e-05,3.7763023989057e-05,0.000415112817052532,0.00129173773376218,3.01165203414611e-06,0.00050414904396584,8.35794916664856e-07,0.00788874118512045,6.50462512668537e-05
1.81777422605389e-05,4.2853100566842e-05,3.58449979011022e-05,3.7167264569038e-05,0.000175639197790622,0.000617846013554191,0.00021703301638365,0.000722352249345914,NaN,0.00114326909898732,1.59603480631709e-06,2.50856085870499e-06,6.27064076703654e-05,6.30764200590939e-05,5.97223668187263e-05,0.00213390938201719,7.15303627552011e-05,0.000156497575972359,0.00124956127071407,8.8078653443957e-05
2.04795680976977e-05,0.000173111314599628,7.96881880482658e-08,0.00299524094417603,4.9338357823614e-05,0.00193665092423784,6.62575661101172e-05,8.05719995211618e-06,0.00104195581245003,NaN,0.00066759958077478,0.00291093074539561,2.5452231185441e-05,0.00358394255456745,9.16088917612967e-07,3.79954101349389e-05,7.32281630339005e-06,4.4651355512848e-05,0.00040886731386558,7.54611484410361e-10
0.000255603797580717,5.10396234820187e-05,0.000505329394627885,2.9928852390837e-07,4.32696350138873e-07,0.0011694204190496,0.00148281862080529,0.000365376560074404,0.000192431917410363,0.000144737576829979,NaN,0.00261455794166104,0.0021224561592566,0.000210324702313469,7.00456023183804e-07,0.000218723250212494,5.94465447672499e-05,0.000205162234701073,3.23170818523622e-05,0.00552803887865394
0.000166381913628277,0.00159646879417358,0.000273640065572678,0.00168271050917734,1.49789965757097e-05,3.29038359597744e-06,0.00339420487075959,7.6192166291178e-05,0.0022858160604361,0.0016233072646622,3.04563154320814e-05,NaN,0.000525789201496096,0.000182760318498176,2.77870190809049e-05,0.00248688282381149,0.000957203050159394,0.0162147722905859,7.01162681027157e-07,0.00336254626671001
6.04428580998073e-05,2.61694243886001e-07,2.43139412960947e-05,5.46857445984372e-05,0.000635150175682442,0.000157104599987634,0.000264826265072515,0.00282845515560726,4.74795156060748e-05,0.00345997013683835,0.000430606164386504,9.27162860375752e-08,NaN,2.95913728596831e-05,4.44624578360697e-06,0.000744124426416304,7.54281175501803e-05,3.79429815585697e-05,4.17153398230563e-05,9.58171312776535e-05
1.88516554691098e-05,0.000599020532701444,0.000243538925020381,0.000791445382918921,9.61446539921584e-05,0.000147258476219325,4.54152331480495e-06,0.00178138284582119,0.000531938616039562,2.79828877310373e-05,7.31225210702235e-05,0.00379951017430424,7.9782172462961e-07,NaN,0.000489259129251352,6.83677969615104e-06,6.0884239847514e-06,0.000717805833986118,0.000283921031764278,6.53734558431207e-07
3.57579921924644e-05,0.00080750468940749,0.000223871300371214,4.57603748316715e-05,0.000121838189922063,1.42607950937013e-06,0.000311323147235976,0.000383682314312406,0.000756472606408709,7.54209166675679e-07,3.10823693044915e-06,0.000209010841238477,5.39251593728585e-06,3.46839135245691e-06,NaN,0.00220216108460403,2.80880058067812e-06,1.37554220791536e-08,0.000465294898581214,2.98404927261409e-05
0.00140848005873223,0.00114543695566066,0.000157427352566797,0.000273781568826181,0.000446235821890462,0.000102246180253229,0.00163748679353104,0.00185507195291945,4.65612925887315e-06,0.000142753123727912,4.70986054529332e-06,0.000349235907212864,2.24423822919873e-06,6.46283975982986e-05,5.40146287425491e-06,NaN,0.000104242669259957,0.0053179162741907,1.84575393658015e-06,0.000378236822007161
6.408984642986e-05,9.3642566983923e-05,0.000266216612055836,0.000974653383189347,0.00018473549962162,7.32212735351373e-06,0.000524948069567308,0.000333084938874087,9.15935553767733e-06,7.50330366463894e-05,0.000931071402827714,0.00249666240556754,7.59649479333685e-06,7.06223058485056e-05,0.000127389026784316,7.54336426965485e-06,NaN,0.000121238577646343,0.000197924343417609,0.000112726861305458
0.000204320548225084,0.000133554481408185,0.00044291148184436,7.84385289540751e-05,7.64881687699281e-05,1.33023422138612e-08,0.000339406627750255,1.97452499117318e-05,5.65962770274209e-07,0.000451091236102513,2.00663627406006e-06,0.000482083142662779,0.000155959712981518,0.000151310298087251,0.000624051990257848,0.00107159867246623,0.000348723739428736,NaN,0.000434125052019993,0.000120027169051073
7.05101306316055e-05,5.51392973896607e-05,9.53690917986777e-06,4.89555109050091e-06,0.000200948669638601,0.00186887565521937,1.57330586399163e-07,1.96095010773778e-05,0.000235449210145875,0.000566566464714192,6.57926296256627e-05,0.000710668937729836,5.99194879417203e-06,2.40143774420803e-06,0.000181081864221059,9.01586725648301e-07,0.000437443265648776,4.94648122548388e-05,NaN,0.000106372464036202
0.000402981595877677,0.000237061544922479,5.35600238923961e-05,0.000290418547427729,2.76250506361098e-05,4.43354361460702e-05,0.00158636991531258,2.04859277595504e-05,6.30624376129207e-05,0.000114330504746407,0.00318693776605924,2.44641960888137e-05,0.000309955070952217,0.000695611228055032,7.58429495702484e-05,0.000122650696841115,0.00293896636392793,9.36326581667257e-05,3.17830658063123e-05,NaN
