9,3
10,4
10,8
10,10
11,2
12,1
12,5
12,6
12,7
12,9
14,3
15,10
16,9
20,4
21,1
22,10
23,7
26,9
27,10
34,10
41,10
43,9
46,10
52,10
59,10
62,9
70,10
77,3
77,5
79,9
79,10
81,1
81,4
81,8
83,6
83,7
84,2
84,9
85,1
85,10
87,3
88,7
91,9
91,10
92,1
97,10
99,9
104,10
111,10
120,10
124,1
129,9
132,3
133,5
135,10
136,4
140,7
143,9
145,10
146,8
153,7
153,10
155,1
156,9
158,2
161,6
161,10
163,9
166,10
171,9
173,10
176,9
182,9
185,10
191,5
192,9
194,10
197,3
200,10
201,1
202,7
202,9
204,4
206,8
206,10
208,1
208,9
211,10
215,10
219,9
220,10
225,10
230,9
231,3
232,10
237,9
240,10
243,4
246,9
248,7
249,6
250,10
251,2
251,9
252,3
253,1
255,9
258,10
259,5
260,7
261,9
263,10
269,9
269,10
275,10
278,9
284,9
285,10
291,10
298,9
299,10
300,3
304,1
304,4
304,8
305,9
305,10
308,5
309,7
311,2
311,3
313,6
313,9
313,10
314,1
314,7
319,7
321,10
323,3
326,9
330,10
341,9
343,10
352,10
358,10
359,4
359,7
361,9
363,5
364,1
364,10
366,3
366,7
369,9
370,4
370,10
371,6
375,8
376,3
376,10
379,9
386,9
386,10
393,10
398,10
404,10
406,9
409,10
415,10
416,2
419,10
420,7
422,3
423,9
424,10
427,4
430,5
430,7
430,10
431,9
432,1
436,10
445,9
445,10
449,8
453,3
454,9
455,7
455,10
457,6
458,1
462,9
466,4
466,10
476,10
477,3
477,5
478,9
479,2
484,10
485,9
493,10
495,1
498,10
500,9
507,10
516,10
518,9
519,7
525,4
525,10
527,1
531,9
531,10
532,8
533,3
533,5
533,6
536,2
536,10
537,3
538,4
538,7
538,9
542,10
544,1
553,9
554,7
557,10
567,9
569,10
574,1
575,10
578,9
579,7
580,5
581,10
590,10
592,3
596,10
598,9
605,6
606,10
608,9
610,3
613,7
614,4
616,9
617,1
617,5
617,10
618,8
621,7
622,3
622,10
624,9
625,2
628,10
630,9
636,10
639,9
645,10
651,9
655,10
657,9
660,10
664,4
666,10
667,9
668,1
671,10
675,10
676,9
680,10
686,10
688,9
691,10
697,10
699,3
701,5
702,9
702,10
704,4
704,6
707,3
707,7
707,8
707,10
710,1
710,9
711,2
711,10
712,3
714,7
715,5
715,10
720,10
726,10
733,10
736,9
743,10
751,1
751,10
752,9
756,10
762,9
763,10
766,7
768,10
771,4
772,3
774,7
774,10
775,8
775,9
776,1
777,6
778,10
780,5
783,10
784,2
785,9
787,10
791,10
797,10
798,9
803,10
805,9
808,10
813,10
818,10
820,1
821,9
822,4
823,10
829,7
829,9
830,10
836,10
838,3
838,9
845,10
846,7
849,1
851,3
851,5
852,10
853,9
854,6
854,8
856,4
857,7
857,10
858,3
859,2
860,9
861,1
862,10
869,10
876,10
879,9
883,10
890,10
892,9
899,10
905,9
905,10
908,4
911,5
912,9
912,10
915,1
915,7
918,9
919,3
919,10
926,3
926,9
926,10
932,10
938,2
939,10
940,1
941,8
942,6
942,7
943,9
946,3
946,4
946,5
947,10
951,1
951,9
953,10
957,7
961,10
962,3
966,9
973,10
975,9
986,9
986,10
988,1
993,7
994,10
1000,3
1002,5
1003,1
1003,9
1005,10
1008,2
1008,6
1008,8
1011,4
1011,9
1012,7
1012,10
1013,3
1017,9
1018,1
1018,10
1030,10
1033,1
1033,9
1039,9
1047,9
1049,10
1056,9
1057,10
1064,4
1064,9
1065,10
1069,7
1069,9
1073,3
1073,10
1075,9
1077,1
1078,5
1079,10
1080,7
1080,9
1081,2
1085,9
1085,10
1086,6
1090,3
1091,7
1091,9
1092,10
1093,8
1099,9
1101,4
1103,10
1105,3
1111,9
1112,7
1114,1
1116,10
1119,9
1121,3
1124,10
1125,1
1133,5
1133,7
1133,9
1134,10
1143,1
1144,10
1148,9
1151,2
1152,10
1159,7
1160,9
1160,10
1167,4
1170,3
1170,6
1171,1
1171,5
1172,10
1173,7
1173,9
1174,8
1178,3
1180,4
1182,9
1182,10
1184,1
1191,9
1192,1
1195,10
1206,9
1209,10
1218,9
1219,10
1224,4
1227,10
1228,2
1228,5
1228,7
1228,9
1231,1
1231,3
1232,10
1233,9
1234,6
1234,8
1239,3
1239,9
1239,10
1245,9
1250,10
1259,9
1262,10
1263,3
1265,4
1267,9
1269,7
1269,10
1270,1
1274,3
1276,10
1278,1
1278,2
1278,9
1280,5
1283,10
1285,9
1286,3
1289,10
1292,9
1297,10
1302,9
1305,10
1313,10
1314,9
1322,9
1323,7
1323,8
1326,9
1327,4
1327,10
1329,7
1330,1
1331,6
1332,3
1332,9
1335,7
1335,10
1336,5
1339,1
1339,2
1339,10
1340,9
1342,4
1345,10
1346,9
1351,9
1353,10
1361,9
1362,10
1368,9
1371,10
1375,1
1379,10
1381,9
1383,3
1388,9
1391,7
1392,6
1392,10
1394,9
1398,10
1399,9
1400,4
1403,9
1406,10
1409,9
1413,3
1415,9
1415,10
1416,1
1417,5
1420,8
1422,7
1422,9
1423,10
1426,2
1432,9
1435,7
1435,10
1437,1
1442,9
1445,3
1451,4
1451,10
1456,10
1457,9
1462,10
1467,9
1469,10
1478,7
1478,10
1480,9
1483,1
1483,5
1485,10
1486,6
1486,9
1490,4
1490,10
1492,3
1494,10
1495,9
1499,10
1503,10
1509,10
1510,7
1514,9
1515,10
1517,1
1520,3
1521,10
1522,2
1522,8
1525,1
1525,5
1525,9
1526,10
1533,10
1536,7
1536,9
1539,10
1545,10
1552,4
1552,9
1552,10
1558,9
1564,9
1564,10
1571,10
1572,9
1573,3
1577,10
1579,9
1581,6
1584,7
1584,10
1585,3
1585,9
1590,4
1590,10
1592,1
1594,9
1595,10
1596,5
1600,10
1601,2
1601,9
1606,10
1613,7
1614,8
1614,9
1614,10
1620,10
1622,3
1625,9
1625,10
1628,1
1635,10
1640,9
1644,10
1647,3
1647,5
1651,4
1651,7
1651,10
1652,3
1653,9
1655,1
1655,6
1657,7
1659,10
1661,2
1663,8
1664,9
1665,3
1665,10
1670,7
1672,10
1673,9
1680,3
1680,9
1683,10
1689,10
1695,9
1702,9
1702,10
1705,4
1708,5
1710,9
1710,10
1711,1
1711,3
1717,9
1719,7
1724,1
1724,9
1725,3
1726,7
1726,10
1729,6
1729,8
1731,9
1734,4
1735,10
1738,2
1742,10
1747,7
1750,10
1755,10
1759,1
1759,7
1760,5
1761,10
1762,9
1768,3
1769,10
1776,9
1781,10
1789,10
1794,1
1798,7
1799,3
1799,5
1800,9
1801,10
1802,4
1803,8
1804,6
1807,1
1807,9
1807,10
1808,2
1809,7
1812,3
1812,10
1823,9
1823,10
1835,9
1835,10
1845,9
1846,10
1848,3
1848,7
1851,10
1853,5
1855,1
1855,4
1856,7
1856,10
1859,2
1859,6
1860,9
1861,3
1861,8
1863,10
1864,7
1865,1
1867,9
1868,10
1870,3
1878,9
1880,10
1885,10
1895,10
1896,9
1905,10
1912,10
1916,4
1919,10
1920,5
1920,9
1921,1
1925,3
1927,2
1928,10
1929,9
1930,7
1937,9
1937,10
1940,8
1946,10
1947,9
1958,10
1959,7
1962,6
1963,4
1963,9
1965,10
1969,3
1970,1
1970,10
1976,7
1976,9
1977,10
1978,5
1982,3
1982,10
1983,1
1988,9
1990,10
1995,10
2001,9
2003,10
2009,10
2011,4
2014,9
2015,10
2017,7
2020,3
2020,10
2022,2
2025,1
2026,10
2027,9
2031,5
2031,6
2032,7
2034,8
2034,10
2035,9
2036,4
2038,3
2040,10
2041,9
2043,1
2047,9
2049,10
2060,10
2062,7
2070,9
2072,10
2081,5
2081,10
2083,9
2089,10
2095,10
2102,10
2103,3
2104,9
2106,1
2107,4
2110,2
2110,10
2111,6
2111,8
2112,9
2113,7
2114,5
2115,10
2116,3
2117,1
2122,10
2123,7
2125,9
2126,3
2128,10
2134,9
2138,10
2145,10
2155,1
2156,10
2157,9
2164,9
2166,10
2169,3
2172,4
2172,7
2172,10
2174,3
2175,9
2177,5
2178,10
2179,1
2182,8
2182,9
2184,2
2185,7
2189,10
2190,3
2190,6
2193,9
2194,10
2195,7
2201,9
2203,10
2211,9
2217,9
2223,10
2230,4
2230,9
2230,10
2236,10
2237,1
2237,5
2241,7
2242,3
2242,9
2242,10
2244,4
2249,10
2250,9
2258,9
2259,10
2267,2
2267,10
2271,3
2271,9
2276,9
2277,1
2277,10
2278,8
2284,6
2284,9
2287,7
2288,3
2290,10
2291,4
2291,9
2293,5
2294,1
2297,10
2298,7
2299,9
2305,10
2309,1
2314,10
2319,3
2323,9
2323,10
2333,3
2333,9
2335,1
2335,10
2342,10
2349,3
2349,7
2349,10
2352,4
2353,8
2354,5
2354,10
2355,9
2356,6
2357,2
2358,7
2360,9
2360,10
2361,1
2371,10
2374,9
2381,9
2384,10
2390,10
2391,5
2394,9
2396,10
2399,4
2402,9
2402,10
2404,3
2404,7
2408,1
2408,9
2408,10
2415,10
2416,9
2417,3
2421,9
2422,10
2429,10
2438,9
2438,10
2439,2
2440,3
2443,9
2445,7
2447,10
2448,1
2448,6
2448,8
2449,9
2451,5
2452,7
2455,4
2455,10
2457,9
2460,7
2463,10
2472,3
2473,9
2473,10
2479,1
2484,10
2485,9
2493,4
2496,9
2497,10
2500,1
2504,7
2506,5
2507,9
2509,10
2510,2
2511,3
2516,1
2516,8
2517,3
2518,6
2518,9
2518,10
2527,9
2529,10
2536,10
2541,10
2543,3
2543,9
2548,10
2549,9
2552,4
2555,10
2556,7
2558,9
2563,5
2565,10
2569,9
2572,8
2576,1
2578,2
2578,3
2578,10
2579,7
2579,9
2583,10
2584,6
2585,1
2585,4
2586,9
2592,7
2594,9
2594,10
2607,1
2607,10
2608,9
2619,10
2625,9
2630,3
2632,10
2636,5
2640,7
2641,2
2642,4
2643,1
2643,9
2643,10
2644,3
2644,6
2645,7
2645,8
2648,9
2648,10
2649,1
2649,3
2654,9
2664,9
2669,10
2678,5
2679,9
2683,10
2690,9
2695,1
2696,9
2701,10
2704,2
2704,9
2705,3
2707,10
2709,7
2710,4
2711,9
2712,10
2713,1
2718,3
2719,10
2721,9
2728,8
2728,9
2730,6
2735,9
2736,4
2736,7
2737,10
2742,9
2747,5
2748,9
2748,10
2755,9
2757,1
2760,9
2762,10
2767,9
2768,10
2773,10
2781,9
2784,10
2785,7
2791,3
2793,4
2794,2
2794,9
2795,7
2795,10
2797,1
2798,3
2800,5
2800,8
2800,9
2801,6
2803,3
2805,10
2808,7
2810,10
2815,3
2816,9
2817,10
2818,1
2826,10
2828,9
2839,10
2843,9
2847,10
2859,1
2859,9
2860,10
2863,4
2863,7
2866,3
2866,5
2866,10
2867,2
2868,1
2868,6
2868,9
2869,7
2869,8
2871,4
2871,10
2872,9
2873,3
2875,10
2878,9
2880,10
2885,9
2888,10
2893,10
2899,10
2901,9
2908,10
2909,9
2917,10
2921,5
2924,9
2925,3
2925,10
2927,7
2928,1
2930,9
2934,10
2939,10
2941,1
2944,10
2945,9
2946,2
2951,4
2951,10
2952,9
2953,6
2957,10
2958,3
2963,3
2963,7
2963,10
2964,8
2964,9
2966,5
2969,1
2969,3
2969,10
2971,9
2974,10
2978,4
2981,10
2983,9
2989,10
2996,10
3003,7
3003,10
3004,9
3014,9
3017,10
3019,3
3025,10
3026,2
3028,1
3028,5
3031,3
3031,6
3031,9
3032,4
3032,7
3032,8
3033,10
3035,9
3036,1
3038,7
3039,3
3040,10
3041,9
3042,5
3048,10
3054,10
3060,10
3062,1
3065,9
3066,10
3072,10
3078,10
3083,9
3089,10
3091,7
3095,9
3096,4
3097,1
3098,10
3099,3
3099,7
3100,5
3102,10
3103,8
3104,3
3104,6
3104,9
3105,2
3107,4
3109,9
3109,10
3112,3
3122,10
3123,9
3131,10
3139,10
3145,9
3147,5
3150,1
3151,10
3154,9
3156,2
3160,9
3163,10
3169,9
3169,10
3175,10
3178,7
3181,10
3182,9
3189,4
3192,1
3192,10
3193,3
3193,9
3194,7
3197,6
3199,10
3200,9
3201,3
3201,8
3203,7
3206,5
3207,3
3208,9
3208,10
3209,1
3215,10
3223,10
3226,7
3229,10
3232,3
3233,9
3235,4
3235,7
3237,10
3240,7
3242,2
3243,1
3245,9
3247,5
3248,6
3248,10
3251,3
3253,7
3255,9
3255,10
3262,10
3269,10
3270,1
3270,9
3277,10
3283,10
3286,9
3292,10
3296,4
3301,2
3301,8
3301,10
3302,3
3303,9
3304,1
3305,5
3306,7
3309,10
3312,1
3313,9
3323,10
3329,3
3331,9
3334,10
3339,4
3341,7
3341,9
3344,6
3345,1
3345,3
3345,10
3348,9
3349,7
3353,10
3361,9
3362,10
3370,9
3370,10
3377,8
3382,3
3383,1
3383,2
3385,5
3385,9
3386,7
3387,10
3392,4
3393,10
3397,5
3397,9
3402,10
3406,9
3407,10
3413,10
3417,10
3422,10
3429,7
3429,9
3429,10
3434,1
3434,10
3437,3
3440,6
3440,10
3442,9
3445,4
3446,3
3448,1
3448,9
3448,10
3451,7
3451,8
3454,3
3455,5
3455,9
3456,10
3464,7
3465,9
3467,2
3467,10
3477,9
3480,10
3482,3
3487,9
3490,3
3493,10
3494,1
3494,9
3496,4
3500,5
3500,10
3504,9
3507,10
3509,7
3511,10
3513,9
3516,8
3518,10
3519,9
3524,10
3525,1
3525,9
3530,9
3531,10
3538,9
3539,10
3541,3
3546,6
3546,10
3547,9
3550,4
3551,1
3552,2
3553,7
3553,10
3554,9
3557,3
3557,5
3558,10
3561,7
3563,3
3563,9
3564,10
3570,4
3572,10
3577,9
3577,10
3583,10
3587,10
3591,9
3592,7
3593,10
3597,9
3599,10
3605,10
3606,9
3613,9
3613,10
3614,1
3619,9
3623,10
3628,4
3629,10
3630,2
3630,3
3630,8
3631,5
3631,9
3632,1
3634,3
3634,7
3635,10
3636,6
3637,9
3639,7
3640,10
3643,1
3645,10
3646,9
3647,3
3652,10
3654,9
3662,10
3664,7
3667,9
3667,10
3676,10
3680,4
3682,9
3685,10
3690,9
3690,10
3697,10
3702,10
3703,5
3705,9
3707,10
3713,3
3714,10
3715,7
3716,2
3716,8
3716,9
3717,1
3718,10
3722,5
3722,9
3725,10
3726,4
3729,6
3731,10
3732,3
3732,7
3732,9
3735,10
3742,10
3745,1
3745,9
3752,10
3759,10
3763,1
3766,3
3767,9
3767,10
3772,2
3772,7
3774,9
3774,10
3776,8
3778,3
3778,4
3780,5
3781,7
3782,9
3782,10
3789,10
3794,10
3800,10
3806,10
3810,1
3811,9
3811,10
3818,10
3824,10
3827,9
3832,4
3833,6
3834,7
3834,10
3835,3
3836,1
3838,5
3838,9
3839,10
3840,7
3840,8
3845,7
3846,9
3847,1
3847,10
3848,3
3854,10
3860,10
3863,2
3866,10
3872,7
3872,9
3874,10
3884,9
3886,10
3893,9
3894,10
3896,1
3900,7
3902,9
3904,1
3904,5
3904,10
3905,4
3906,3
3906,6
3909,2
3909,9
3909,10
3911,3
3911,7
3911,8
3912,1
3914,9
3915,3
3915,10
3916,5
3916,7
3919,9
3919,10
3921,4
3926,9
3928,10
3935,10
3936,9
3943,9
3945,10
3950,9
3954,10
3960,9
3965,9
3966,10
3972,10
3975,9
3977,1
3979,10
3985,5
3986,3
3986,4
3986,9
3986,10
3990,1
3991,6
3992,9
3993,10
3994,2
3994,8
3996,7
3997,9
4000,3
4000,10
4004,9
4005,10
4011,10
4018,9
4021,10
4029,1
4032,10
4033,9
4040,7
4040,9
4043,10
4045,9
4051,4
4054,9
4054,10
4055,3
4057,1
4057,2
4061,5
4061,6
4061,7
4062,3
4062,8
4062,9
4062,10
4064,4
4066,1
4069,9
4070,7
4072,10
4081,3
4083,9
4085,7
4087,10
4098,1
4098,9
4109,9
4112,3
4112,5
4113,10
4120,4
4122,10
4123,9
4132,10
4134,7
4138,9
4139,2
4141,1
4141,10
4143,3
4146,6
4148,9
4149,8
4149,10
4150,5
4150,7
4153,3
4153,10
4157,4
4160,1
4160,9
4160,10
4170,9
4172,10
4180,9
4180,10
4185,10
4191,9
4191,10
4197,10
4201,3
4204,1
4206,5
4206,9
4206,10
4207,3
4209,7
4211,10
4212,2
4214,6
4217,10
4218,8
4220,9
4222,7
4225,10
4226,4
4226,9
4230,10
4233,1
4234,9
4238,10
4244,9
4245,10
4252,10
4256,10
4261,10
4265,9
4267,10
4268,4
4273,3
4274,10
4276,5
4276,9
4278,1
4278,6
4279,7
4282,2
4282,9
4283,10
4284,3
4284,8
4286,1
4287,9
4288,10
4294,9
4296,10
4306,9
4308,10
4311,1
4316,9
4317,7
4320,10
4329,10
4332,9
4334,4
4338,10
4343,5
4345,3
4345,9
4348,10
4352,7
4354,10
4356,1
4356,3
4358,6
4360,8
4360,9
4360,10
4361,7
4363,2
4364,1
4366,5
4366,10
4368,9
4369,4
4370,3
4374,1
4374,10
4382,7
4385,10
4390,3
4392,10
4396,9
4406,10
4407,1
4409,7
4410,9
4414,10
4422,10
4423,3
4427,9
4429,10
4433,4
4434,9
4435,7
4436,2
4436,10
4440,5
4440,6
4442,9
4443,10
4444,7
4445,8
4446,1
4448,10
4449,3
4453,7
4453,9
4454,10
4466,10
4468,1
4468,9
4473,10
4476,4
4478,9
4480,10
4486,10
4492,10
4496,5
4501,10
4505,3
4506,7
4507,10
4508,4
4509,9
4511,1
4511,5
4512,10
4513,3
4514,6
4515,8
4516,7
4517,9
4517,10
4519,3
4522,1
4522,2
4523,9
4524,10
4526,7
4530,10
4531,9
4536,10
4540,10
4545,10
4547,9
4551,1
4551,10
4558,10
4559,7
4560,9
4562,4
4564,10
4569,7
4570,9
4571,5
4574,10
4575,3
4581,4
4581,8
4581,9
4582,10
4586,1
4588,9
4590,6
4591,10
4593,9
4595,7
4599,9
4599,10
4608,10
4613,9
4615,2
4618,3
4620,1
4620,9
4620,10
4626,5
4627,9
4627,10
4632,10
4637,9
4638,10
4644,4
4645,7
4646,1
4646,10
4647,9
4649,3
4651,5
4651,6
4654,10
4656,2
4656,8
4658,9
4660,3
4662,1
4664,7
4665,9
4667,10
4677,10
4681,9
4683,7
4687,10
4688,3
4688,9
4697,10
4701,1
4704,10
4706,9
4709,4
4713,9
4714,10
4718,7
4723,10
4724,3
4724,9
4725,7
4728,5
4729,10
4734,10
4735,6
4738,10
4742,8
4742,9
4746,10
4754,2
4755,10
4757,9
4758,7
4759,4
4761,10
4764,1
4764,3
4764,7
4765,5
4766,10
4767,9
4769,3
4771,1
4773,10
4774,9
4784,9
4788,10
4795,10
4805,10
4806,9
4812,10
4818,1
4820,9
4821,2
4821,10
4823,6
4825,7
4825,9
4826,4
4827,3
4827,10
4830,8
4830,9
4831,7
4833,5
4835,1
4838,3
4838,10
4839,9
4848,10
4849,9
4857,10
4858,3
4858,9
4859,7
4863,9
4864,4
4865,10
4866,5
4869,9
4872,10
4881,9
4885,3
4887,1
4888,9
4890,6
4892,10
4895,7
4898,9
4900,8
4900,10
4905,4
4908,2
4910,9
4910,10
4912,5
4914,3
4916,10
4923,1
4924,10
4925,7
4927,9
4933,3
4935,9
4936,10
4944,10
4949,10
4955,9
4957,10
4968,10
4970,9
4972,1
4972,2
4975,4
4975,10
4977,7
4977,9
4978,8
4979,1
4980,6
4981,5
4982,9
4982,10
4983,3
4988,10
4993,10
4999,10
