10,2
11,1
12,3
12,4
12,5
17,1
19,5
26,3
26,5
30,1
31,5
35,5
39,5
44,5
45,4
49,5
54,5
59,5
64,5
67,3
69,5
71,2
76,5
81,5
82,1
86,5
90,4
92,5
96,5
102,3
102,5
107,5
113,5
118,5
125,5
131,5
132,1
134,2
137,5
143,3
147,1
147,5
158,5
159,4
163,3
165,5
167,1
174,3
174,5
179,2
182,5
188,5
194,5
198,5
203,5
210,5
217,5
221,3
221,4
224,5
225,1
225,2
228,3
230,5
238,5
247,5
257,5
258,1
262,4
265,5
272,5
277,1
282,3
283,5
288,5
292,5
297,5
303,5
309,5
314,5
319,4
320,5
323,2
327,1
327,5
331,5
335,3
337,5
342,5
347,5
356,5
361,5
367,5
374,5
376,4
379,5
381,1
384,5
387,3
390,2
392,5
394,3
396,5
399,1
401,5
403,3
406,4
406,5
411,5
419,5
426,5
434,5
435,3
440,1
442,5
449,3
449,5
454,5
457,2
460,5
470,5
472,1
478,5
479,4
483,3
486,1
486,5
501,5
508,5
513,2
515,5
522,5
530,4
530,5
536,5
541,1
543,3
544,5
550,5
556,5
564,3
565,5
571,1
572,5
575,4
577,5
584,2
585,5
593,5
601,5
608,5
610,1
616,5
618,4
619,1
619,3
620,5
626,3
626,5
632,2
632,5
635,5
639,5
643,5
648,5
650,3
653,5
661,5
668,5
677,5
681,1
683,4
684,5
685,3
690,5
697,5
706,5
711,5
715,2
717,5
724,3
724,5
725,1
728,4
728,5
730,3
734,1
734,5
740,5
748,5
756,5
767,5
769,1
774,5
778,3
780,2
782,5
791,5
794,3
795,4
798,5
799,1
806,5
810,1
814,5
826,5
832,3
838,5
839,1
840,3
841,5
843,4
846,5
849,2
851,5
856,5
863,5
869,5
872,3
874,5
879,5
883,5
887,5
891,5
898,5
900,4
901,1
904,5
906,3
911,1
913,5
922,5
931,5
936,5
937,2
941,5
946,5
953,1
954,3
954,5
959,4
959,5
964,5
968,5
973,5
977,5
981,5
986,5
991,5
994,1
996,5
999,3
1003,4
1004,2
1004,5
1005,3
1012,5
1013,1
1018,5
1023,5
1029,5
1037,5
1042,5
1047,5
1052,5
1058,2
1058,5
1061,3
1062,4
1064,5
1066,1
1070,5
1079,5
1088,3
1088,5
1089,1
1095,5
1108,5
1119,4
1120,1
1121,5
1128,5
1129,2
1129,3
1136,5
1147,5
1157,5
1165,5
1168,3
1173,1
1173,5
1176,4
1179,5
1185,5
1193,5
1202,5
1203,3
1207,1
1210,2
1211,5
1212,3
1220,1
1222,5
1230,4
1232,5
1249,5
1254,5
1259,5
1263,5
1267,5
1269,2
1272,5
1279,4
1280,5
1283,1
1285,3
1285,5
1289,5
1293,5
1298,5
1303,5
1308,5
1314,5
1321,5
1326,5
1327,1
1333,3
1335,2
1336,4
1336,5
1343,5
1344,1
1348,5
1352,5
1356,5
1362,5
1366,5
1370,5
1375,5
1380,1
1381,5
1384,3
1387,5
1389,1
1391,4
1392,5
1397,5
1398,2
1404,5
1409,5
1414,5
1419,5
1425,5
1426,3
1430,5
1438,1
1439,5
1440,3
1444,2
1445,5
1449,4
1452,5
1458,5
1465,5
1470,5
1474,5
1480,5
1483,3
1487,5
1491,5
1496,5
1502,5
1508,5
1510,1
1510,2
1511,3
1513,4
1513,5
1515,1
1519,3
1519,5
1525,5
1531,5
1536,5
1541,5
1549,5
1557,5
1558,1
1563,5
1564,4
1568,3
1568,5
1572,5
1577,5
1582,2
1583,5
1588,5
1595,5
1600,1
1602,5
1604,3
1612,4
1614,1
1615,5
1621,5
1622,3
1629,5
1636,5
1644,5
1651,5
1654,2
1656,5
1662,5
1666,4
1669,5
1670,1
1674,5
1679,3
1683,5
1684,1
1686,3
1688,5
1692,1
1694,5
1701,5
1705,5
1710,5
1716,5
1723,3
1723,5
1725,2
1727,4
1728,5
1729,1
1733,5
1742,5
1749,5
1759,3
1759,5
1763,1
1766,5
1773,5
1777,2
1782,3
1782,5
1786,4
1790,1
1790,5
1803,5
1810,5
1816,3
1817,5
1821,5
1826,5
1827,1
1830,5
1836,3
1836,5
1839,4
1843,5
1851,2
1851,5
1857,5
1864,5
1867,1
1871,5
1873,1
1875,3
1876,4
1877,5
1886,5
1889,3
1896,5
1903,5
1908,5
1910,2
1913,5
1918,5
1925,1
1925,5
1930,4
1931,3
1931,5
1936,1
1939,3
1939,5
1946,5
1959,5
1967,5
1971,5
1976,5
1982,5
1984,2
1987,5
1993,1
1993,5
2000,3
2002,4
2002,5
2015,3
2017,5
2019,1
2024,5
2029,5
2031,1
2036,5
2043,2
2043,5
2046,4
2048,5
2052,3
2058,5
2063,5
2068,5
2071,1
2074,5
2076,3
2078,5
2083,5
2089,5
2095,5
2097,4
2100,1
2101,5
2108,5
2115,5
2116,3
2120,5
2121,2
2124,5
2130,5
2134,5
2138,5
2142,5
2147,5
2151,1
2152,5
2160,4
2161,5
2168,3
2168,5
2176,5
2182,1
2183,5
2191,5
2197,5
2200,2
2200,3
2203,5
2210,5
2219,5
2225,4
2228,1
2228,5
2232,5
2237,5
2243,5
2247,1
2250,5
2255,2
2255,3
2257,5
2264,5
2271,5
2281,4
2281,5
2283,1
2287,3
2287,5
2292,5
2298,5
2304,5
2308,5
2312,5
2316,3
2317,5
2321,2
2323,5
2324,4
2328,1
2329,5
2336,5
2340,3
2344,5
2352,5
2361,3
2363,5
2365,1
2367,2
2367,4
2367,5
2372,5
2378,5
2386,5
2397,5
2403,5
2407,3
2411,5
2412,1
2417,3
2419,5
2420,4
2421,1
2425,5
2426,3
2429,5
2433,2
2434,5
2439,5
2444,5
2448,5
2454,5
2459,3
2460,5
2465,5
2467,3
2472,1
2472,5
2474,4
2479,1
2479,5
2488,3
2488,5
2491,2
2494,5
2498,5
2505,5
2508,1
2511,5
2516,4
2518,5
2525,5
2535,5
2542,5
2544,1
2549,5
2550,3
2556,4
2559,5
2562,1
2564,5
2569,3
2569,5
2571,2
2574,5
2578,5
2582,5
2587,5
2593,5
2599,5
2606,5
2612,5
2616,1
2618,3
2619,5
2628,4
2628,5
2637,5
2646,1
2648,5
2650,2
2654,5
2663,5
2669,5
2672,4
2675,5
2677,1
2680,5
2682,3
2688,5
2693,3
2694,5
2698,5
2704,5
2709,5
2714,5
2719,5
2723,2
2726,5
2727,1
2727,3
2730,4
2732,3
2732,5
2738,5
2745,5
2750,5
2754,5
2758,5
2763,5
2770,5
2776,3
2777,1
2779,5
2781,2
2781,4
2785,5
2791,5
2800,5
2809,5
2810,1
2815,5
2819,5
2825,5
2826,3
2833,5
2839,1
2839,5
2846,3
2848,5
2849,4
2857,1
2857,5
2858,2
2861,5
2866,5
2872,5
2880,5
2887,5
2892,3
2896,5
2897,1
2900,4
2901,2
2903,5
2905,1
2913,5
2918,5
2925,5
2928,3
2930,5
2936,5
2941,5
2947,5
2956,5
2963,5
2965,4
2970,5
2977,2
2978,5
2979,3
2981,1
2985,5
2987,3
2996,5
2997,3
3003,5
3005,4
3008,1
3008,5
3013,5
3018,5
3023,5
3028,1
3031,5
3039,5
3041,4
3042,2
3044,5
3049,3
3051,1
3053,5
3064,5
3072,5
3076,3
3083,1
3084,3
3084,5
3089,4
3096,3
3096,5
3103,5
3109,5
3115,5
3116,2
3119,5
3120,3
3124,5
3127,1
3129,5
3134,5
3138,5
3143,5
3147,5
3153,5
3158,5
3162,5
3163,4
3166,5
3172,5
3173,1
3177,5
3178,2
3179,3
3182,1
3183,5
3188,3
3190,5
3195,5
3202,5
3210,5
3215,5
3220,5
3225,4
3226,5
3230,3
3231,1
3231,5
3235,5
3240,2
3240,5
3244,5
3248,5
3252,5
3257,5
3263,3
3263,5
3268,5
3275,5
3280,5
3284,1
3286,5
3287,4
3291,5
3294,1
3299,3
3299,5
3300,1
3304,5
3308,2
3309,5
3313,5
3317,5
3322,5
3327,5
3334,5
3339,5
3344,5
3350,5
3355,1
3357,5
3358,3
3358,4
3363,1
3363,5
3372,5
3373,3
3377,5
3383,5
3391,2
3391,5
3397,5
3402,3
3405,5
3411,5
3417,5
3418,4
3419,1
3421,5
3426,5
3432,3
3433,5
3442,1
3442,5
3447,5
3450,4
3451,5
3456,5
3461,5
3466,5
3467,2
3471,5
3480,5
3483,3
3487,5
3493,1
3494,3
3495,5
3500,1
3502,3
3502,5
3503,4
3508,5
3511,3
3515,5
3521,5
3528,5
3529,2
3529,3
3538,5
3545,1
3546,5
3551,3
3552,5
3556,1
3558,5
3562,5
3567,5
3575,5
3580,4
3580,5
3584,5
3592,5
3593,3
3598,5
3601,1
3602,4
3603,5
3607,5
3609,3
3612,5
3615,2
3618,5
3625,5
3633,5
3636,1
3639,5
3640,3
3641,1
3648,5
3656,5
3661,5
3665,4
3667,5
3672,5
3673,2
3677,5
3682,5
3689,5
3690,1
3693,5
3694,3
3698,5
3701,3
3705,5
3711,5
3715,5
3720,5
3725,5
3730,5
3731,3
3731,4
3734,5
3735,1
3736,2
3738,5
3741,3
3743,1
3744,5
3749,5
3756,5
3762,5
3768,4
3769,5
3772,1
3776,3
3777,5
3786,5
3787,1
3792,3
3793,5
3797,2
3797,5
3803,5
3808,5
3815,5
3823,5
3828,5
3832,5
3837,5
3842,5
3847,5
3848,1
3850,4
3852,3
3853,2
3853,5
3857,5
3862,5
3867,5
3872,5
3879,5
3886,5
3891,1
3894,5
3895,3
3895,4
3899,5
3900,1
3904,2
3904,5
3908,5
3913,5
3920,5
3927,5
3928,3
3935,3
3937,5
3941,4
3942,5
3947,1
3948,5
3953,5
3955,3
3959,5
3966,1
3966,5
3970,2
3971,5
3975,1
3978,5
3987,5
3994,5
3996,1
4000,5
4006,4
4007,5
4011,3
4014,5
4022,5
4029,5
4035,2
4036,5
4042,5
4049,1
4052,3
4052,5
4054,1
4057,4
4058,5
4067,5
4077,5
4086,5
4090,3
4092,5
4095,2
4095,3
4095,4
4097,1
4098,5
4107,5
4108,3
4117,5
4121,5
4125,5
4131,5
4135,5
4140,5
4146,5
4152,5
4154,1
4157,5
4158,3
4166,4
4167,5
4169,3
4175,2
4177,5
4184,5
4190,3
4192,1
4194,5
4206,3
4206,5
4212,4
4215,5
4218,1
4223,5
4228,2
4234,5
4241,3
4242,5
4254,3
4254,5
4259,1
4263,5
4264,1
4266,4
4270,3
4270,5
4281,5
4283,2
4286,5
4293,5
4295,1
4297,5
4306,5
4308,3
4315,5
4319,4
4324,5
4328,5
4331,1
4333,5
4338,3
4338,5
4344,5
4354,5
4360,5
4364,1
4365,2
4366,5
4373,5
4378,5
4383,5
4384,4
4389,5
4394,5
4398,5
4399,3
4403,1
4405,5
4407,3
4411,5
4419,5
4422,1
4426,5
4432,4
4435,5
4436,3
4444,2
4446,5
4454,5
4459,5
4464,5
4470,1
4471,5
4476,3
4477,5
4481,4
4482,5
4488,5
4493,5
4495,2
4498,5
4505,5
4510,5
4515,1
4517,5
4525,3
4525,5
4527,1
4530,5
4532,4
4536,5
4541,5
4547,5
4554,5
4556,1
4562,5
4566,2
4570,3
4573,5
4577,4
4580,1
4582,5
4588,5
4596,5
4597,3
4606,5
4612,5
4618,5
4622,5
4628,5
4633,2
4633,5
4638,5
4645,5
4646,1
4647,3
4650,4
4650,5
4654,1
4658,5
4659,3
4666,5
4667,3
4669,1
4672,4
4677,5
4683,5
4689,5
4698,5
4703,5
4708,5
4709,2
4715,5
4720,5
4724,5
4730,5
4734,5
4735,4
4738,5
4742,3
4743,1
4743,5
4749,3
4750,5
4755,5
4759,5
4763,5
4767,5
4771,2
4772,5
4777,5
4783,5
4788,5
4791,3
4791,4
4794,1
4794,5
4800,5
4803,3
4806,5
4812,5
4817,5
4823,5
4833,5
4838,1
4840,5
4848,5
4849,2
4853,4
4854,3
4854,5
4857,1
4861,3
4862,5
4871,5
4877,5
4884,5
4893,5
4899,5
4903,1
4909,5
4911,1
4914,5
4920,5
4921,4
4926,5
4927,1
4928,2
4930,5
4932,3
4936,5
4944,5
4951,5
4956,5
4965,1
4966,5
4968,3
4970,4
4972,5
4973,1
4977,5
4984,5
4988,2
4991,5
4997,5
