8,18
8,34
8,36
9,4
9,16
10,1
10,2
10,27
10,35
11,5
11,8
11,22
11,26
11,28
11,29
11,31
11,32
11,39
12,3
12,11
12,14
12,15
12,17
12,23
12,30
12,34
12,37
12,40
13,6
13,12
13,13
13,20
13,24
13,38
14,9
14,10
14,16
14,25
14,33
14,35
15,7
15,21
15,31
15,37
15,39
16,17
16,19
16,32
16,34
16,36
17,3
17,4
17,28
19,1
19,16
19,22
19,40
20,23
20,24
20,37
20,39
21,34
21,35
22,28
22,32
24,38
25,37
26,33
26,36
27,35
29,40
32,37
33,34
34,36
37,37
37,40
38,35
38,39
39,38
42,37
44,35
44,36
47,34
47,38
47,39
48,35
48,37
53,35
55,33
55,38
56,20
57,35
58,17
58,37
58,40
59,34
61,16
61,36
62,38
63,1
63,35
64,13
64,15
64,34
66,3
66,39
67,18
67,37
68,26
68,33
68,40
69,34
69,36
70,7
70,35
70,38
71,30
71,32
72,39
73,10
74,2
74,6
74,37
75,5
75,23
75,29
75,36
75,38
76,12
76,14
76,34
77,22
77,35
78,39
78,40
79,11
79,16
80,4
80,17
80,31
80,37
81,25
81,34
82,27
82,35
82,38
83,36
83,39
84,28
84,34
84,40
85,16
86,33
87,35
88,34
88,37
89,38
90,36
90,39
90,40
92,32
93,34
94,38
95,33
95,35
96,9
96,40
99,34
100,37
100,39
101,35
102,20
103,38
106,34
106,36
106,37
107,19
107,33
107,40
109,35
110,1
111,39
112,37
113,40
114,34
115,35
115,38
116,36
116,37
119,35
121,37
122,21
122,34
123,32
124,35
124,40
126,37
126,38
127,15
129,24
129,35
129,39
130,36
131,17
131,33
131,34
131,37
132,13
133,40
134,16
134,35
135,22
135,36
136,37
138,18
138,38
139,3
139,23
139,35
140,16
140,34
141,36
142,10
142,37
143,5
143,19
144,8
144,39
145,33
145,35
146,2
146,11
146,36
147,40
148,26
148,34
148,38
149,1
149,7
149,29
150,35
152,32
152,34
152,37
153,6
153,31
153,36
154,28
154,38
155,25
155,35
155,40
157,4
157,16
157,34
157,37
158,33
159,36
159,39
160,38
161,32
161,34
161,35
161,37
162,40
164,12
164,38
165,37
166,35
167,27
169,33
169,37
169,38
169,39
170,34
170,40
171,30
171,35
171,36
173,20
173,37
174,22
175,14
176,34
176,38
177,3
177,23
177,35
177,37
178,40
179,19
182,9
182,34
182,37
182,39
183,38
185,1
185,17
185,33
185,35
186,36
187,34
188,37
188,40
189,38
190,24
190,35
191,13
191,39
192,36
193,34
194,35
194,40
197,15
198,33
198,38
199,34
199,35
199,37
201,36
201,40
202,39
204,34
204,35
206,36
210,16
210,34
210,35
210,36
210,40
211,37
212,33
213,32
214,36
215,34
215,37
215,40
216,35
217,7
218,10
218,11
220,18
220,34
220,36
220,37
220,40
221,38
223,12
223,29
224,26
225,33
225,35
226,34
226,37
226,40
227,4
227,17
227,22
227,31
229,25
229,32
229,36
229,39
230,2
231,34
231,35
231,38
232,16
232,23
233,8
233,28
233,37
234,40
235,20
235,36
236,3
236,34
237,35
237,38
238,5
238,33
239,15
239,40
240,13
242,34
242,36
242,37
243,21
243,38
244,39
246,35
246,40
247,6
248,33
248,38
249,14
250,37
251,34
251,36
253,1
254,35
255,27
255,39
256,30
258,37
259,17
259,33
259,34
260,36
260,38
261,40
264,37
265,39
266,35
267,34
267,38
269,37
271,32
272,35
272,36
274,24
274,38
274,40
276,33
276,34
277,12
277,16
277,36
277,37
278,9
280,35
280,40
282,11
282,36
282,39
283,3
283,37
283,38
284,16
284,34
285,33
285,40
287,10
287,19
287,29
288,34
288,36
289,20
289,31
289,35
290,22
290,32
290,37
291,26
291,28
292,7
292,39
293,1
293,6
293,16
293,18
293,25
293,35
293,40
294,15
294,23
294,34
294,37
294,38
296,32
297,36
298,13
298,34
298,37
298,39
299,17
299,33
299,40
300,5
302,2
302,34
302,35
302,37
303,4
303,36
304,38
304,40
306,34
306,37
307,39
310,36
310,37
310,40
313,35
314,37
315,34
316,40
317,36
319,35
320,37
324,34
324,37
324,38
324,39
324,40
325,33
325,35
326,20
327,21
327,36
328,37
330,17
331,34
332,1
332,16
332,24
332,35
332,37
334,3
334,36
334,40
336,34
336,35
336,37
337,33
337,39
341,31
341,35
341,36
341,37
344,11
344,34
345,39
346,16
347,35
347,37
348,20
348,33
349,40
350,18
350,36
351,30
351,32
351,37
352,27
352,28
352,29
352,34
353,22
353,23
354,14
355,35
355,37
356,26
356,31
356,36
356,38
357,12
357,16
358,39
359,1
359,15
359,28
359,33
360,10
360,35
360,36
360,37
361,34
362,9
363,4
363,8
364,7
364,13
365,3
365,32
365,40
366,37
366,39
367,34
367,36
368,2
368,24
368,38
369,25
369,35
370,22
371,23
371,40
372,36
372,37
373,35
374,34
376,37
377,38
378,34
378,35
381,36
381,37
381,39
382,40
384,5
384,34
385,35
387,37
388,36
389,33
389,38
390,35
391,40
392,34
393,37
394,35
397,37
399,35
399,36
399,39
400,19
401,17
401,33
402,38
402,40
403,1
403,34
403,35
403,37
404,16
407,36
407,37
408,33
408,35
410,34
412,29
412,32
412,37
412,39
414,15
414,26
414,35
415,36
416,37
417,34
417,38
418,35
419,6
419,12
419,32
420,23
420,33
421,40
422,11
422,37
422,38
422,39
423,3
423,16
423,34
423,35
425,13
425,28
426,17
426,31
426,37
427,30
428,10
428,34
428,36
429,14
429,20
429,38
429,39
429,40
430,7
430,35
432,18
432,25
432,33
432,37
433,22
434,4
434,34
437,36
437,38
438,35
438,37
439,27
441,34
442,21
445,34
445,39
446,35
447,37
447,40
449,34
452,35
453,39
454,8
455,32
455,34
455,40
457,33
457,37
457,38
458,9
460,35
461,17
461,32
462,12
462,36
462,39
463,34
463,37
464,38
465,19
465,23
466,35
466,40
467,16
468,34
468,39
469,5
470,32
470,37
472,34
472,35
473,1
474,36
475,16
475,39
476,2
476,33
476,37
477,15
477,24
477,34
478,3
479,35
480,29
480,34
480,40
481,11
482,17
482,37
482,38
482,39
483,31
485,4
485,34
485,40
486,13
486,35
486,36
486,37
488,20
488,30
488,39
489,16
489,33
490,40
491,6
491,34
492,35
492,36
492,37
494,25
495,14
497,37
498,20
498,40
499,10
500,26
500,34
500,36
501,7
501,33
501,35
502,22
503,37
503,39
504,19
504,28
506,34
506,40
507,12
507,16
510,15
510,18
510,32
510,37
511,35
511,39
512,27
512,33
512,40
513,1
513,36
515,21
515,34
516,22
516,37
517,23
517,38
519,36
520,37
520,39
521,33
521,34
521,35
521,40
523,5
524,37
527,31
528,34
528,40
529,35
529,36
531,33
531,37
533,39
535,36
536,37
536,40
537,34
537,35
539,37
544,3
544,36
544,37
545,35
546,40
548,29
548,34
548,39
549,9
549,17
549,37
549,38
550,1
550,33
552,13
552,34
553,11
553,16
553,32
553,35
553,37
553,39
553,40
555,36
556,20
556,23
556,34
557,10
557,24
557,38
558,26
558,33
559,2
559,37
559,39
560,7
561,34
562,35
563,4
563,8
563,28
563,36
563,40
564,30
564,37
564,39
566,34
567,22
567,33
567,35
568,12
568,16
569,37
570,15
571,3
571,14
571,25
571,38
572,33
572,39
572,40
573,18
573,32
573,34
573,35
573,36
574,37
579,40
580,33
580,34
580,38
582,35
582,37
583,19
585,40
586,34
586,36
587,38
588,17
588,28
588,33
588,39
589,35
590,20
591,27
591,38
592,36
592,37
593,34
594,35
595,31
595,40
596,39
597,6
598,33
598,34
599,23
600,1
600,5
600,24
601,35
601,40
602,37
602,38
603,34
604,36
608,34
609,13
609,40
610,33
610,39
611,29
611,38
612,34
612,36
614,16
614,35
614,40
615,37
616,10
616,34
617,38
618,17
619,39
620,40
621,32
621,34
621,35
622,4
622,36
622,37
623,38
626,34
627,40
628,39
629,36
629,37
629,38
630,3
631,16
631,34
631,35
632,9
633,12
633,33
634,40
636,32
636,34
636,37
636,38
637,3
637,7
637,11
639,22
640,2
640,35
640,40
641,34
641,36
641,38
641,39
642,14
642,37
643,26
644,15
645,23
645,33
646,36
646,38
646,40
647,20
647,34
647,37
647,39
648,6
649,17
649,35
651,16
652,21
652,37
653,28
653,34
653,36
653,38
653,39
654,32
654,40
656,25
658,1
658,16
658,18
658,31
658,37
659,36
660,34
660,39
661,8
661,38
663,16
663,33
664,37
665,35
665,40
666,38
667,34
668,5
668,39
669,13
669,36
670,32
671,33
671,35
671,37
671,40
673,24
674,22
674,34
674,36
674,39
676,37
676,38
679,29
679,35
679,40
681,36
682,34
682,37
683,10
684,33
685,19
685,35
685,40
686,36
686,38
686,39
689,37
690,1
690,3
691,36
692,33
692,40
693,30
693,35
694,31
694,34
696,39
697,36
697,37
700,38
701,4
701,15
702,17
702,40
703,14
703,16
703,33
704,28
704,36
704,37
705,27
705,34
706,6
707,20
707,38
708,32
709,26
709,37
709,39
709,40
710,9
710,33
710,35
711,23
712,11
712,34
712,36
712,37
716,37
717,2
718,12
718,13
718,34
718,36
719,37
720,40
721,3
721,5
721,35
721,39
722,37
722,38
723,7
723,34
725,37
726,36
729,37
729,40
730,33
730,34
730,36
731,32
732,35
734,37
736,1
737,18
737,36
738,40
739,34
739,37
739,39
740,22
741,16
741,17
742,38
743,35
743,36
743,37
744,31
745,24
745,29
745,33
745,34
745,40
746,12
748,37
748,39
749,10
749,19
750,4
750,16
750,32
750,34
750,36
750,40
751,35
751,37
755,25
755,38
755,39
756,1
756,37
757,34
757,36
758,35
758,40
759,20
761,30
761,37
762,39
763,35
763,36
763,40
765,15
766,23
767,21
767,37
768,35
769,26
770,28
770,39
770,40
771,13
771,22
771,34
771,38
772,33
773,35
773,36
773,37
774,3
775,31
776,27
776,34
778,35
778,39
779,33
779,38
780,40
782,34
782,35
782,37
784,9
786,35
788,11
788,16
788,37
788,40
790,38
790,39
791,34
791,35
792,37
793,18
793,33
794,8
795,17
795,40
796,34
796,35
796,37
797,2
798,38
799,36
800,6
800,20
800,32
800,35
800,39
801,37
803,40
804,33
804,34
804,38
805,29
805,36
806,5
806,23
806,35
806,37
808,34
810,36
812,28
812,35
813,14
813,34
814,37
814,38
816,40
817,7
817,33
817,34
817,35
818,12
819,36
819,37
819,39
822,15
822,34
823,38
824,4
824,35
826,34
826,37
827,3
827,24
827,33
827,40
829,36
830,34
830,37
831,16
832,30
832,39
833,10
833,22
833,26
833,36
835,25
835,32
835,34
835,37
836,16
836,35
837,40
838,13
839,17
839,34
839,36
839,38
840,37
841,33
842,39
843,1
843,35
844,11
844,34
846,36
846,37
848,21
849,35
850,19
850,34
851,36
851,40
852,33
853,35
853,37
853,39
854,34
856,36
857,32
859,27
859,35
860,34
860,36
860,37
862,39
862,40
863,23
865,35
866,20
866,34
866,36
868,37
870,38
871,35
871,36
871,40
872,34
875,37
876,36
877,31
877,33
878,39
879,1
879,16
879,34
879,35
879,40
880,24
881,3
881,37
883,34
883,36
884,9
884,32
885,38
885,40
886,5
886,8
886,13
886,14
886,22
887,36
888,2
888,7
889,17
889,23
889,29
889,34
889,35
889,37
890,12
890,19
891,4
891,10
891,18
891,26
891,33
891,39
892,40
893,11
893,34
893,36
893,37
894,38
895,15
896,3
896,6
896,16
896,28
896,35
898,34
898,36
899,37
900,16
901,32
901,35
901,39
902,34
902,38
903,36
903,40
904,33
905,37
907,34
907,35
908,37
908,39
909,36
912,34
912,38
913,37
914,36
915,25
915,35
917,40
918,34
918,37
920,39
922,20
923,34
923,38
923,40
924,35
925,36
925,37
926,34
929,37
929,39
931,34
931,40
932,38
933,37
934,17
935,35
936,34
936,40
937,38
937,39
939,22
939,37
940,34
940,36
941,33
941,40
943,32
943,38
945,34
945,39
946,35
947,36
947,37
949,10
949,16
949,34
949,38
949,40
950,9
951,37
952,1
953,34
954,15
954,36
954,39
954,40
955,14
955,23
955,26
955,29
956,24
956,33
956,34
956,37
957,35
958,4
958,13
958,36
959,3
959,6
959,34
960,11
960,17
960,27
960,37
961,16
961,31
962,30
962,32
963,2
963,34
963,38
963,40
964,25
964,28
964,36
964,37
964,39
966,16
966,33
967,7
967,35
968,18
968,34
968,36
968,37
970,12
972,40
974,34
974,36
974,38
975,33
975,35
975,37
976,5
976,21
976,22
978,20
979,40
980,19
980,34
981,23
981,35
981,36
983,37
985,39
986,34
987,35
987,36
988,28
989,37
989,40
991,8
991,38
992,32
993,34
994,40
995,17
995,37
996,36
997,16
997,38
998,35
999,34
999,39
1000,37
1001,40
1003,32
1004,37
1006,36
1008,35
1008,38
1008,40
1009,34
1010,32
1010,33
1011,37
1013,39
1014,34
1015,40
1016,3
1016,12
1016,35
1016,37
1017,15
1018,34
1019,10
1020,39
1021,3
1021,13
1021,29
1021,36
1023,33
1023,34
1024,6
1024,30
1024,31
1024,40
1025,4
1025,35
1026,7
1026,9
1026,22
1026,24
1026,37
1026,39
1027,20
1028,11
1029,14
1029,28
1029,38
1030,19
1030,23
1030,34
1030,35
1030,37
1031,2
1031,36
1031,40
1032,16
1032,26
1033,1
1033,39
1034,27
1034,34
1034,37
1035,17
1035,18
1035,33
1035,35
1036,36
1038,37
1040,35
1041,16
1041,39
1042,34
1042,36
1042,37
1047,5
1047,35
1047,36
1047,39
1048,32
1048,37
1049,38
1050,34
1053,40
1054,35
1055,36
1055,37
1055,39
1057,20
1058,34
1059,38
1061,37
1062,35
1063,34
1063,36
1066,28
1066,40
1067,35
1069,33
1069,37
1069,39
1071,34
1072,1
1073,35
1074,15
1074,38
1075,21
1075,37
1076,39
1077,26
1078,17
1078,33
1078,36
1078,40
1079,34
1079,35
1080,6
1081,13
1081,31
1081,32
1084,36
1084,37
1084,38
1086,34
1086,40
1087,22
1087,35
1087,39
1088,10
1088,33
1088,37
1089,7
1089,16
1089,29
1090,3
1091,11
1092,36
1092,37
1093,25
1093,34
1093,35
1094,12
1095,14
1096,38
1097,4
1097,16
1097,23
1097,30
1097,39
1097,40
1098,37
1099,36
1100,33
1101,34
1101,35
1102,8
1102,24
1103,37
1105,20
1105,27
1105,34
1106,36
1107,33
1107,37
1108,9
1108,40
1109,35
1110,32
1111,37
1112,34
1113,1
1113,36
1114,33
1116,37
1117,34
1118,32
1120,3
1121,37
1121,39
1122,16
1122,35
1122,36
1122,40
1123,2
1123,34
1125,22
1126,5
1126,33
1126,37
1127,38
1128,18
1128,36
1129,35
1132,31
1132,34
1132,40
1133,10
1133,19
1134,23
1134,29
1134,39
1135,15
1135,26
1135,37
1137,28
1137,33
1137,36
1137,38
1138,13
1138,17
1138,35
1139,24
1139,37
1140,6
1140,25
1140,34
1140,40
1141,4
1141,39
1142,1
1142,16
1144,34
1144,36
1144,37
1148,33
1148,40
1149,34
1150,35
1151,8
1151,28
1153,34
1153,36
1153,37
1155,40
1156,35
1157,20
1157,39
1158,34
1158,36
1158,38
1160,37
1160,40
1162,35
1165,34
1165,38
1167,33
1167,35
1167,40
1169,12
1169,36
1169,37
1172,39
1173,35
1174,34
1174,40
1175,38
1176,37
1178,17
1180,36
1181,22
1181,34
1181,37
1182,32
1183,33
1183,40
1184,35
1184,39
1187,3
1187,37
1187,38
1188,23
1189,14
1189,34
1191,21
1191,36
1192,11
1192,40
1193,2
1193,39
1194,37
1196,1
1196,13
1197,5
1197,30
1197,34
1197,35
1198,27
1198,37
1198,40
1199,33
1199,39
1201,18
1201,31
1202,10
1202,15
1202,25
1202,34
1203,16
1203,36
1204,7
1204,24
1204,28
1204,37
1204,38
1205,20
1206,26
1206,34
1206,35
1206,40
1207,4
1207,6
1207,16
1207,17
1207,29
1208,32
1209,9
1209,36
1209,37
1210,19
1210,34
1211,28
1213,3
1213,39
1213,40
1214,37
1214,38
1215,32
1216,34
1216,35
1216,36
1218,1
1218,37
1221,35
1222,34
1222,36
1222,37
1224,33
1227,35
1227,36
1227,37
1232,12
1232,37
1233,34
1233,36
1234,35
1235,40
1236,33
1236,38
1237,37
1239,35
1239,36
1241,34
1241,37
1242,16
1243,22
1244,11
1244,37
1245,35
1245,40
1246,32
1248,33
1248,36
1248,37
1248,39
1249,38
1250,19
1250,35
1251,34
1254,37
1254,40
1255,23
1256,16
1257,35
1257,38
1258,34
1258,36
1258,37
1260,39
1262,33
1263,37
1265,35
1266,14
1267,34
1268,3
1268,16
1268,37
1268,38
1271,17
1271,21
1271,29
1271,30
1271,35
1272,8
1272,10
1272,34
1272,37
1272,40
1273,7
1273,20
1274,4
1274,13
1274,15
1274,33
1274,36
1275,39
1276,5
1276,6
1276,16
1276,22
1276,26
1276,37
1277,3
1277,17
1277,24
1278,1
1278,2
1278,31
1278,34
1278,35
1278,36
1278,40
1279,33
1279,37
1279,38
1280,12
1280,39
1281,18
1281,32
1282,34
1283,23
1283,35
1285,16
1285,37
1285,38
1286,25
1286,40
1287,9
1287,27
1287,34
1287,35
1289,36
1290,37
1291,33
1292,35
1293,36
1294,34
1296,22
1296,40
1297,35
1299,36
1299,37
1302,34
1302,35
1303,38
1303,39
1304,37
1305,40
1307,36
1308,34
1308,35
1310,39
1311,19
1312,37
1313,1
1313,31
1314,28
1314,38
1314,40
1315,34
1316,32
1316,35
1316,39
1317,33
1317,36
1320,37
1321,36
1321,40
1322,16
1324,34
1325,35
1326,1
1326,11
1326,15
1326,38
1326,39
1327,32
1327,36
1327,37
1329,33
1329,40
1330,13
1330,17
1330,34
1331,35
1332,29
1333,4
1333,36
1333,37
1333,39
1333,40
1334,12
1334,24
1336,3
1337,34
1338,33
1338,36
1338,40
1339,37
1339,38
1340,2
1340,35
1341,14
1342,7
1342,16
1342,39
1343,22
1344,37
1345,23
1346,9
1346,20
1346,36
1346,40
1347,30
1347,38
1349,35
1350,33
1351,26
1351,39
1352,34
1352,37
1353,36
1353,38
1355,40
1357,10
1357,32
1357,35
1359,38
1360,33
1360,40
1363,34
1363,37
1363,39
1365,5
1365,21
1366,15
1366,40
1367,35
1368,17
1368,34
1368,38
1369,6
1370,3
1370,39
1371,18
1373,34
1373,35
1373,37
1374,33
1374,36
1376,8
1376,40
1377,35
1378,25
1378,27
1378,34
1380,39
1382,11
1382,35
1382,36
1383,31
1383,34
1383,38
1384,33
1384,37
1385,28
1385,40
1388,16
1389,35
1389,39
1390,1
1391,37
1392,33
1392,34
1394,35
1395,13
1395,36
1395,40
1397,20
1397,34
1398,29
1398,33
1398,39
1399,37
1401,3
1401,22
1402,24
1402,34
1403,35
1404,37
1404,40
1405,28
1406,34
1407,10
1407,14
1407,16
1407,36
1407,38
1408,4
1408,19
1408,26
1408,37
1410,7
1410,31
1410,35
1410,39
1410,40
1411,12
1411,15
1411,32
1411,34
1412,33
1412,37
1413,30
1414,6
1415,23
1415,38
1416,1
1417,16
1417,34
1418,17
1418,36
1418,39
1418,40
1419,35
1419,37
1421,25
1422,32
1423,16
1425,36
1425,39
1426,34
1426,38
1427,37
1428,33
1428,40
1429,35
1431,34
1436,34
1436,37
1437,36
1437,39
1437,40
1442,34
1442,36
1442,37
1443,20
1443,35
1444,9
1444,38
1446,39
1447,40
1448,2
1449,5
1449,34
1449,37
1449,38
1450,36
1453,23
1454,35
1455,34
1455,36
1455,39
1458,11
1459,32
1459,37
1461,34
1461,40
1462,33
1462,35
1462,38
1463,13
1463,36
1464,37
1465,22
1465,34
1466,16
1467,8
1467,18
1467,35
1468,17
1468,39
1469,26
1469,34
1469,37
1470,24
1470,40
1471,35
1471,36
1471,38
1473,4
1473,34
1476,16
1476,35
1476,37
1477,34
1480,10
1480,12
1480,15
1480,29
1480,32
1482,3
1482,27
1482,33
1482,34
1482,35
1483,7
1483,16
1483,36
1483,37
1483,39
1484,6
1484,40
1485,28
1485,30
1486,11
1486,34
1487,1
1487,14
1487,32
1487,37
1487,38
1488,35
1488,36
1489,25
1489,40
1490,34
1491,17
1491,21
1491,31
1492,20
1492,37
1493,22
1494,39
1495,34
1495,35
1496,37
1497,36
1497,38
1497,40
1498,33
1499,19
1501,34
1501,35
1501,37
1503,40
1506,33
1506,37
1509,34
1509,35
1510,37
1514,36
1514,37
1514,40
1515,33
1517,39
1518,16
1518,34
1518,35
1519,37
1523,32
1524,33
1524,37
1524,38
1525,5
1525,16
1525,23
1527,40
1528,3
1528,12
1528,18
1528,28
1529,37
1530,31
1530,36
1531,13
1531,32
1531,33
1531,34
1532,26
1532,35
1533,1
1533,7
1533,10
1533,15
1533,38
1533,39
1534,16
1534,37
1536,33
1536,40
1537,2
1537,4
1537,34
1537,39
1538,37
1539,17
1539,24
1539,30
1540,32
1540,35
1540,36
1542,3
1542,11
1542,39
1543,14
1543,16
1543,22
1543,34
1544,27
1544,40
1545,9
1545,25
1545,37
1545,38
1546,33
1547,35
1547,36
1548,34
1549,29
1549,39
1550,23
1552,34
1552,37
1552,40
1553,16
1553,36
1555,35
1556,8
1557,34
1559,6
1559,39
1560,40
1561,34
1561,36
1561,37
1562,35
1563,20
1566,34
1566,36
1569,32
1570,33
1570,37
1571,36
1571,39
1571,40
1572,35
1573,34
1573,38
1577,36
1578,32
1578,34
1578,37
1579,35
1580,40
1583,34
1584,19
1584,35
1584,36
1584,38
1584,39
1585,33
1585,37
1588,17
1589,35
1589,40
1591,13
1591,34
1592,37
1593,1
1593,31
1593,39
1594,38
1596,34
1596,35
1596,36
1596,40
1597,16
1597,21
1598,5
1598,24
1598,28
1598,39
1599,37
1600,33
1600,34
1602,15
1602,16
1602,18
1602,22
1602,32
1602,36
1603,35
1604,3
1604,11
1604,40
1605,4
1605,14
1605,34
1606,12
1606,23
1606,26
1606,33
1606,37
1606,39
1607,7
1609,2
1609,35
1610,17
1611,27
1611,36
1612,34
1612,38
1613,30
1613,39
1614,37
1616,33
1618,10
1618,35
1619,34
1619,38
1620,20
1622,32
1622,37
1623,36
1623,40
1624,6
1625,1
1625,28
1625,35
1625,39
1626,34
1628,9
1628,29
1630,25
1630,33
1630,37
1630,38
1631,16
1631,39
1632,3
1632,35
1632,36
1633,17
1633,34
1634,8
1634,31
1634,37
1634,40
1635,19
1636,38
1636,39
1638,34
1640,40
1642,37
1643,35
1643,38
1643,39
1646,34
1646,37
1649,39
1650,40
1651,37
1652,38
1655,35
1656,34
1658,36
1658,37
1658,39
1662,13
1663,35
1663,37
1663,39
1665,40
1666,34
1667,33
1668,15
1668,32
1669,37
1670,36
1670,38
1671,4
1672,39
1672,40
1673,5
1673,20
1674,23
1674,34
1674,35
1675,12
1675,22
1675,33
1675,37
1676,24
1677,26
1678,6
1679,11
1679,16
1680,10
1680,35
1680,37
1681,14
1681,36
1681,38
1682,39
1683,2
1683,18
1683,21
1683,33
1683,34
1684,7
1684,28
1686,17
1686,35
1686,36
1686,40
1687,1
1687,29
1687,32
1687,37
1688,31
1689,19
1689,39
1690,34
1691,16
1691,36
1692,38
1693,37
1694,32
1694,35
1694,40
1695,36
1695,39
1697,27
1697,34
1700,3
1701,9
1701,36
1701,39
1702,33
1702,37
1706,35
1706,36
1707,34
1708,40
1710,1
1711,36
1712,34
1712,39
1713,16
1714,35
1714,37
1717,33
1718,34
1718,36
1719,30
1719,32
1719,38
1720,35
1723,34
1724,36
1725,12
1725,37
1726,40
1727,23
1728,34
1728,35
1730,16
1730,17
1730,36
1730,38
1731,22
1733,13
1733,33
1733,39
1734,15
1734,34
1734,35
1734,37
1735,20
1735,36
1737,3
1737,10
1738,39
1739,11
1740,32
1740,34
1741,8
1741,25
1741,26
1741,28
1741,35
1741,36
1742,6
1742,40
1743,4
1743,7
1743,37
1744,38
1745,34
1746,35
1747,22
1748,14
1748,23
1748,29
1748,39
1750,16
1750,37
1751,2
1751,31
1751,34
1751,35
1751,36
1752,38
1755,5
1755,17
1755,35
1756,24
1756,33
1756,39
1757,16
1759,18
1759,34
1759,36
1759,37
1760,35
1760,38
1761,19
1763,40
1764,35
1764,39
1768,27
1768,37
1769,35
1769,36
1770,38
1771,21
1771,34
1772,39
1773,9
1773,33
1774,35
1775,20
1775,37
1776,34
1777,38
1777,40
1778,35
1778,36
1779,1
1779,12
1779,23
1782,34
1783,35
1783,38
1784,37
1786,33
1786,39
1786,40
1787,35
1788,3
1789,15
1789,37
1790,34
1791,30
1791,35
1793,13
1794,36
1794,37
1794,38
1794,39
1794,40
1795,32
1795,33
1795,35
1796,16
1798,17
1798,34
1798,37
1799,19
1800,35
1802,37
1802,40
1803,28
1803,39
1804,34
1805,20
1805,38
1806,16
1806,32
1806,35
1807,36
1807,37
1810,34
1811,37
1812,26
1812,29
1812,35
1812,40
1813,36
1814,4
1815,37
1816,6
1816,25
1816,34
1817,39
1819,10
1819,31
1819,36
1819,37
1821,11
1821,33
1822,32
1822,40
1823,24
1823,34
1823,36
1824,35
1825,37
1826,7
1826,36
1827,1
1827,8
1827,18
1828,16
1828,38
1829,2
1829,22
1830,34
1830,36
1831,35
1831,37
1832,14
1832,40
1833,23
1833,33
1833,39
1834,12
1834,32
1835,36
1835,37
1837,38
1838,34
1838,35
1838,36
1839,5
1840,37
1842,15
1842,36
1843,35
1844,40
1845,17
1845,34
1845,37
1847,3
1847,38
1848,36
1848,39
1851,34
1851,35
1852,37
1854,36
1854,39
1857,9
1857,28
1857,34
1857,35
1859,27
1859,37
1859,38
1860,16
1860,39
1862,35
1863,3
1863,33
1864,34
1864,37
1865,21
1865,22
1865,24
1865,40
1867,36
1868,35
1869,30
1870,17
1871,13
1871,20
1872,38
1873,19
1873,29
1873,34
1873,37
1873,39
1874,33
1874,36
1875,1
1877,4
1877,40
1878,16
1878,32
1878,34
1879,35
1880,37
1881,6
1881,33
1882,12
1882,34
1883,38
1884,28
1884,32
1885,11
1887,10
1887,33
1887,34
1888,7
1888,26
1889,37
1889,40
1890,25
1890,31
1890,36
1891,35
1891,38
1893,23
1893,34
1893,37
1893,39
1894,33
1898,35
1898,37
1899,34
1900,14
1902,37
1903,38
1904,15
1904,40
1905,33
1905,39
1906,16
1906,35
1906,37
1907,17
1907,36
1908,34
1911,37
1913,5
1914,33
1915,3
1915,35
1915,36
1916,20
1916,34
1917,37
1919,18
1919,22
1921,1
1921,34
1921,39
1923,31
1923,35
1923,37
1923,38
1925,28
1926,34
1927,16
1927,33
1928,13
1928,23
1928,32
1929,8
1930,40
1931,34
1931,36
1931,37
1932,26
1932,35
1932,38
1933,27
1934,33
1936,34
1936,37
1937,25
1937,39
1938,2
1938,9
1938,35
1940,34
1941,37
1942,35
1943,30
1944,34
1945,36
1946,11
1946,29
1947,34
1947,35
1949,39
1951,28
1951,35
1951,37
1951,40
1952,16
1952,34
1953,15
1954,17
1955,34
1955,36
1956,37
1957,4
1957,33
1957,35
1958,39
1959,37
1959,40
1960,34
1961,36
1963,37
1964,35
1965,34
1965,36
1966,39
1967,37
1969,36
1970,34
1970,40
1973,35
1974,37
1974,39
1976,34
1976,36
1977,10
1977,21
1977,24
1977,38
1979,20
1979,40
1980,35
1981,6
1981,34
1981,36
1981,37
1983,3
1983,14
1983,32
1984,1
1984,35
1985,18
1985,22
1985,24
1985,34
1985,38
1986,7
1986,37
1986,39
1987,19
1987,36
1987,40
1988,5
1988,33
1988,35
1989,12
1989,16
1989,23
1990,34
1993,13
1994,33
1994,35
1994,37
1995,36
1995,40
1996,15
1996,38
1996,39
1997,32
1998,34
2000,35
2001,36
2001,37
2001,40
2003,4
2004,25
2005,34
2005,35
2005,37
2006,36
2007,31
2008,29
2008,33
2011,16
2011,17
2011,26
2011,34
2011,35
2011,37
2012,2
2012,32
2012,36
2013,8
2015,11
2015,39
2016,37
2016,40
2017,30
2017,34
2017,35
2017,38
2018,12
2019,9
2019,16
2019,36
2020,33
2022,23
2022,37
2023,3
2023,34
2023,40
2025,35
2026,36
2027,34
2027,39
2028,16
2028,37
2030,32
2030,34
2031,35
2032,38
2032,40
2034,36
2034,37
2035,34
2036,22
2037,35
2037,39
2038,20
2038,40
2039,38
2040,34
2041,17
2041,27
2041,35
2041,37
2042,1
2043,39
2044,36
2046,34
2046,35
2047,38
2049,37
2050,33
2050,40
2051,34
2053,35
2055,34
2055,36
2055,37
2055,38
2056,39
2057,10
2057,32
2058,35
2058,40
2059,6
2060,16
2060,34
2061,38
2062,4
2062,35
2062,37
2063,28
2064,5
2064,15
2064,34
2065,32
2066,16
2066,29
2066,35
2066,38
2067,26
2067,34
2067,40
2068,3
2068,14
2068,20
2068,31
2068,33
2068,37
2069,19
2069,23
2069,39
2070,7
2070,35
2070,38
2071,13
2072,17
2072,34
2072,40
2073,28
2074,21
2075,2
2075,35
2075,37
2075,38
2076,11
2076,22
2077,18
2077,24
2077,36
2078,1
2078,34
2078,40
2079,25
2079,35
2079,39
2080,37
2081,38
2082,30
2082,34
2082,36
2085,35
2086,17
2088,33
2088,34
2088,40
2089,36
2089,39
2090,37
2091,9
2091,35
2091,38
2092,12
2096,35
2096,38
2097,34
2097,37
2099,36
2100,40
2103,16
2103,35
2103,37
2107,32
2107,33
2107,36
2107,38
2108,34
2108,37
2108,40
2109,35
2109,39
2114,37
2114,40
2115,35
2116,34
2117,15
2118,20
2118,38
2119,37
2120,33
2120,39
2121,34
2121,36
2122,26
2123,27
2124,35
2124,40
2125,37
2126,6
2127,34
2128,23
2128,33
2128,36
2129,3
2129,32
2130,1
2130,10
2131,35
2132,4
2132,34
2132,37
2133,13
2133,40
2134,7
2134,14
2134,24
2134,36
2135,8
2135,11
2135,39
2136,25
2136,34
2136,37
2138,17
2138,40
2139,22
2139,29
2140,36
2140,37
2141,31
2141,34
2142,35
2142,39
2143,16
2143,38
2144,19
2145,5
2145,37
2146,36
2147,35
2148,34
2149,40
2151,33
2151,37
2152,16
2152,34
2155,36
2156,34
2157,12
2157,37
2158,35
2159,9
2159,18
2159,32
2160,38
2160,40
2161,17
2162,3
2162,34
2162,37
2163,26
2163,36
2164,16
2164,30
2164,39
2165,23
2165,28
2165,35
2166,33
2166,34
2166,37
2167,15
2167,32
2170,16
2170,40
2171,2
2171,10
2171,36
2171,37
2172,34
2173,35
2174,39
2175,21
2176,33
2177,32
2177,34
2178,37
2179,1
2179,22
2179,38
2181,4
2182,36
2182,37
2182,40
2183,32
2183,34
2183,35
2184,24
2184,38
2185,37
2186,20
2187,12
2188,39
2189,37
2190,13
2190,19
2190,34
2191,36
2192,37
2192,38
2192,40
2193,39
2194,14
2194,35
2196,34
2196,37
2199,31
2200,37
2201,34
2201,39
2202,36
2203,35
2203,37
2204,11
2204,16
2204,40
2207,34
2207,36
2207,37
2208,17
2208,39
2209,40
2210,29
2211,25
2211,35
2211,37
2212,36
2213,3
2213,34
2214,39
2215,5
2216,6
2216,37
2217,33
2218,28
2218,34
2219,15
2219,36
2219,40
2220,16
2221,35
2221,37
2222,7
2222,39
2223,34
2224,8
2224,26
2224,27
2225,38
2226,37
2227,36
2227,39
2228,34
2228,35
2230,22
2230,23
2231,33
2232,16
2233,40
2234,9
2234,34
2234,37
2234,39
2235,32
2235,38
2236,36
2237,18
2237,35
2238,37
2241,37
2242,34
2242,39
2243,40
2244,10
2245,1
2245,37
2245,38
2246,35
2247,19
2247,36
2248,32
2248,37
2248,40
2249,39
2250,34
2251,13
2252,20
2252,37
2253,40
2254,33
2254,35
2255,30
2256,24
2256,39
2257,21
2257,34
2257,36
2257,37
2257,38
2258,2
2260,16
2260,35
2261,40
2262,14
2262,15
2262,33
2262,37
2264,34
2264,36
2264,39
2265,4
2265,35
2266,37
2268,3
2268,17
2268,31
2270,12
2270,33
2271,35
2271,38
2272,34
2272,36
2272,37
2273,25
2274,28
2275,11
2275,39
2276,33
2276,37
2276,40
2277,35
2279,34
2279,36
2281,29
2281,37
2284,38
2285,23
2285,35
2286,34
2287,36
2287,37
2287,40
2288,16
2290,39
2291,5
2293,35
2294,26
2294,34
2294,37
2295,16
2295,32
2295,36
2297,6
2297,35
2297,38
2298,33
2298,37
2300,3
2300,34
2301,1
2302,10
2303,35
2304,22
2304,37
2305,39
2305,40
2306,32
2306,34
2306,38
2307,31
2308,17
2309,37
2310,35
2311,34
2312,7
2312,39
2313,28
2313,40
2314,36
2314,37
2316,34
2318,33
2318,35
2320,24
2320,34
2321,37
2322,15
2322,38
2323,20
2324,34
2324,40
2325,9
2325,36
2326,37
2327,13
2327,35
2327,39
2328,14
2328,19
2329,4
2329,27
2330,37
2331,28
2331,33
2331,34
2331,36
2331,40
2332,23
2333,12
2333,30
2335,36
2336,2
2336,16
2337,1
2337,35
2337,38
2338,37
2338,39
2339,29
2340,18
2340,33
2340,34
2340,36
2341,17
2341,35
2342,26
2342,37
2342,40
2343,11
2344,16
2345,38
2346,34
2346,35
2346,37
2348,32
2348,36
2349,33
2350,34
2351,3
2351,15
2351,21
2351,22
2351,35
2351,39
2351,40
2352,37
2353,34
2354,25
2355,39
2356,33
2356,35
2357,6
2357,34
2357,36
2357,37
2359,10
2360,38
2361,5
2361,35
2363,34
2364,39
2366,37
2367,8
2367,35
2367,38
2367,40
2368,33
2370,34
2371,37
2374,20
2374,36
2374,38
2375,33
2375,37
2376,34
2377,35
2378,40
2379,37
2381,31
2381,34
2382,32
2382,36
2382,38
2383,35
2384,39
2385,33
2386,37
2386,40
2388,17
2388,34
2388,35
2389,36
2390,16
2390,38
2392,4
2392,26
2393,37
2394,23
2394,34
2395,18
2395,33
2395,35
2395,36
2395,39
2396,24
2396,40
2397,14
2398,11
2398,13
2399,16
2399,30
2399,37
2400,12
2400,36
2401,28
2401,33
2401,34
2401,38
2402,3
2402,19
2402,22
2402,27
2402,40
2403,7
2403,25
2403,35
2404,16
2404,32
2404,37
2406,1
2406,9
2406,29
2406,39
2407,34
2407,36
2408,31
2408,37
2408,38
2409,23
2409,32
2410,33
2411,2
2412,35
2412,39
2413,34
2414,38
2415,37
2415,40
2416,17
2417,33
2417,34
2417,35
2417,36
2418,20
2419,37
2421,34
2422,35
2423,39
2424,37
2425,38
2426,34
2426,35
2427,40
2429,6
2430,34
2430,35
2431,33
2431,37
2433,36
2434,15
2434,35
2435,39
2437,33
2437,34
2438,16
2438,35
2439,37
2441,34
2441,38
2443,35
2443,36
2444,22
2444,39
2446,5
2447,34
2448,36
2448,37
2449,33
2449,35
2451,10
2452,34
2452,36
2454,3
2454,38
2454,39
2455,12
2456,7
2456,37
2456,40
2457,34
2457,36
2458,14
2458,35
2460,21
2460,39
2461,24
2462,29
2462,33
2462,38
2464,4
2464,34
2464,36
2465,13
2465,19
2465,31
2465,37
2466,16
2466,17
2466,40
2467,35
2468,34
2468,39
2469,36
2469,37
2471,26
2472,35
2473,32
2473,37
2474,34
2474,39
2475,11
2475,18
2476,33
2476,38
2477,1
2477,37
2478,8
2478,28
2479,40
2480,34
2481,32
2481,36
2481,37
2482,16
2482,22
2482,35
2482,38
2483,17
2483,39
2484,20
2484,34
2485,1
2485,33
2486,15
2486,35
2486,37
2486,40
2488,23
2488,34
2488,36
2489,32
2490,6
2490,16
2490,38
2491,35
2491,39
2492,34
2493,37
2494,3
2494,27
2496,13
2496,33
2496,36
2497,34
2498,35
2498,38
2498,39
2499,10
2500,9
2500,28
2500,37
2501,40
2502,34
2505,16
2505,24
2505,35
2505,36
2506,39
2507,34
2507,37
2509,30
2509,33
2509,38
2510,35
2511,25
2511,40
2512,16
2512,34
2512,39
2513,36
2513,37
2516,34
2516,35
2519,37
2520,20
2520,34
2520,36
2520,39
2521,40
2522,26
2524,7
2524,34
2525,21
2526,35
2526,37
2528,2
2528,5
2528,12
2528,32
2529,34
2529,36
2529,38
2530,29
2530,37
2531,22
2531,39
2531,40
2532,14
2532,23
2533,11
2533,35
2534,4
2534,10
2534,17
2534,31
2534,32
2534,34
2535,37
2536,15
2536,38
2538,28
2538,33
2538,36
2538,39
2539,19
2539,30
2540,34
2541,1
2541,37
2542,40
2543,18
2543,35
2545,32
2545,36
2546,39
2547,25
2547,37
2548,34
2549,35
2550,33
2551,36
2553,3
2554,35
2554,39
2556,38
2557,8
2557,34
2557,37
2559,33
2559,36
2559,40
2560,35
2563,9
2565,34
2566,35
2566,36
2566,37
2567,24
2568,40
2569,39
2571,13
2571,36
2572,35
2573,34
2573,37
2574,16
2575,3
2576,27
2576,38
2576,40
2577,23
2577,35
2579,33
2579,37
2580,36
2580,39
2582,34
2583,35
2584,6
2585,40
2586,38
2587,5
2587,17
2589,36
2589,37
2590,12
2590,35
2591,28
2592,20
2592,33
2592,34
2593,10
2593,37
2593,38
2593,39
2594,15
2596,1
2596,29
2597,4
2598,3
2598,22
2598,31
2598,36
2598,37
2598,39
2599,21
2599,34
2600,14
2600,38
2601,33
2601,35
2601,40
2602,17
2603,2
2603,16
2603,26
2603,34
2603,37
2606,39
2607,32
2607,35
2607,36
2607,37
2608,11
2608,38
2609,34
2611,37
2611,40
2613,16
2614,39
2615,34
2616,36
2616,37
2616,38
2617,35
2619,33
2620,34
2621,25
2622,39
2623,37
2623,40
2625,34
2627,13
2627,36
2628,40
2629,32
2629,35
2632,37
2633,7
2633,24
2633,38
2633,39
2634,18
2634,23
2634,40
2635,33
2635,36
2636,19
2636,37
2637,34
2639,40
2640,35
2642,1
2642,27
2643,34
2643,36
2644,37
2645,16
2645,20
2645,33
2646,39
2646,40
2647,22
2647,35
2647,36
2648,37
2649,34
2650,9
2650,31
2651,3
2652,37
2653,33
2653,35
2653,36
2653,38
2654,28
2655,14
2655,15
2655,17
2655,39
2656,30
2656,32
2656,40
2657,34
2658,4
2658,37
2659,12
2659,38
2660,35
2660,36
2661,16
2661,37
2661,39
2662,34
2665,10
2665,37
2666,40
2667,36
2669,33
2669,35
2670,8
2670,25
2670,37
2670,38
2672,34
2673,29
2673,36
2674,32
2674,37
2675,26
2677,35
2677,37
2677,38
2678,39
2678,40
2681,32
2681,37
2682,11
2683,33
2683,36
2684,34
2684,35
2686,16
2686,23
2686,37
2687,40
2688,5
2689,20
2690,35
2691,19
2691,32
2691,34
2691,37
2692,36
2693,6
2693,22
2694,38
2695,13
2695,35
2695,40
2696,21
2696,32
2697,1
2697,31
2698,37
2699,33
2699,34
2699,39
2700,16
2700,35
2701,7
2702,17
2702,24
2702,38
2703,18
2703,28
2703,37
2704,34
2705,40
2706,15
2706,35
2708,39
2709,2
2709,16
2709,33
2709,36
2709,37
2710,38
2711,3
2711,34
2711,35
2713,37
2715,9
2715,39
2718,35
2718,36
2718,37
2720,26
2721,20
2721,34
2721,38
2723,23
2723,39
2724,32
2724,37
2725,30
2726,28
2726,35
2727,36
2728,37
2728,40
2729,12
2729,27
2729,39
2730,38
2731,34
2732,4
2732,14
2733,37
2734,36
2734,39
2735,33
2736,38
2738,35
2739,34
2739,37
2742,17
2742,38
2742,39
2743,35
2745,37
2746,19
2746,36
2747,38
2748,34
2748,39
2749,16
2750,40
2751,1
2751,32
2751,35
2751,37
2753,36
2754,34
2755,38
2755,39
2756,11
2756,22
2756,33
2758,29
2758,40
2759,18
2759,34
2760,8
2760,35
2761,37
2761,39
2762,10
2762,31
2763,5
2763,34
2763,38
2764,17
2765,13
2765,40
2766,39
2767,6
2767,24
2767,35
2768,28
2768,37
2769,25
2769,34
2770,33
2770,36
2771,16
2771,39
2772,20
2773,40
2774,3
2774,15
2775,34
2775,37
2776,38
2777,33
2777,39
2779,21
2780,35
2780,40
2781,34
2784,36
2785,37
2785,39
2786,7
2786,40
2787,34
2787,35
2788,23
2788,32
2790,38
2792,37
2792,39
2794,2
2794,40
2795,34
2796,35
2796,37
2797,36
2799,33
2800,4
2800,34
2802,35
2802,37
2803,11
2803,39
2803,40
2804,12
2805,34
2806,37
2807,38
2808,35
2809,25
2810,30
2811,33
2811,34
2811,39
2812,37
2812,40
2814,16
2815,35
2816,14
2816,34
2816,36
2818,22
2818,32
2819,3
2819,37
2820,9
2820,16
2820,34
2821,33
2821,35
2822,26
2822,39
2823,17
2823,19
2823,31
2823,37
2824,10
2824,34
2825,29
2827,16
2827,36
2828,1
2828,27
2828,34
2828,40
2829,32
2829,39
2830,28
2830,35
2830,37
2831,6
2831,24
2831,33
2833,15
2834,34
2834,38
2836,13
2836,18
2836,20
2836,33
2836,37
2836,40
2838,34
2839,5
2839,16
2839,36
2840,21
2842,34
2843,35
2845,37
2846,3
2846,8
2847,33
2848,36
2848,40
2849,19
2849,34
2850,26
2850,38
2850,39
2852,37
2853,35
2853,36
2854,23
2854,32
2854,40
2855,34
2856,33
2858,35
2858,36
2858,37
2859,38
2861,22
2862,4
2862,34
2863,35
2864,36
2865,37
2866,17
2867,12
2867,35
2868,33
2868,39
2868,40
2869,34
2870,28
2870,38
2871,36
2872,35
2874,16
2874,34
2875,37
2876,1
2876,7
2876,11
2876,35
2878,9
2878,34
2878,40
2879,36
2880,35
2881,2
2881,29
2881,37
2883,23
2883,39
2884,33
2884,34
2885,13
2885,35
2885,36
2886,15
2886,25
2887,37
2887,40
2888,31
2889,34
2889,38
2890,3
2890,30
2890,33
2890,35
2891,39
2892,20
2893,34
2894,16
2894,36
2894,37
2896,34
2897,14
2897,24
2898,35
2899,10
2899,36
2899,37
2899,40
2900,34
2901,32
2901,33
2904,35
2905,34
2905,37
2906,36
2907,40
2909,37
2910,5
2910,34
2910,35
2912,38
2914,34
2914,36
2914,37
2914,39
2917,19
2917,35
2918,17
2918,26
2919,34
2919,37
2921,39
2922,16
2923,27
2923,28
2923,33
2923,35
2923,36
2923,37
2924,34
2925,40
2926,38
2927,34
2928,12
2928,35
2928,37
2928,39
2929,22
2929,32
2931,34
2932,35
2932,38
2933,18
2933,36
2933,37
2934,39
2935,4
2935,40
2936,31
2936,34
2938,35
2939,36
2940,39
2941,23
2942,6
2942,34
2942,37
2942,38
2943,40
2944,15
2945,36
2946,13
2946,35
2946,39
2947,11
2948,21
2948,34
2949,17
2949,33
2949,38
2950,24
2950,37
2950,40
2952,8
2952,35
2952,39
2953,1
2953,34
2953,36
2954,20
2954,22
2955,38
2956,3
2957,9
2957,33
2957,35
2958,39
2959,19
2959,34
2959,37
2960,2
2960,29
2961,7
2961,23
2961,36
2962,16
2963,5
2963,10
2963,32
2963,38
2964,39
2964,40
2965,28
2965,34
2966,37
2967,33
2967,35
2968,14
2969,25
2970,34
2971,30
2971,37
2972,39
2973,1
2974,36
2975,35
2975,38
2977,34
2977,40
2978,37
2978,39
2979,16
2979,33
2980,35
2982,34
2984,37
2984,40
2985,36
2986,35
2988,34
2988,37
2988,38
2990,32
2990,39
2992,35
2993,26
2993,33
2993,37
2993,40
2994,34
2995,20
2996,36
2999,6
2999,35
2999,37
3001,34
3002,39
3003,17
3003,27
3003,37
3003,40
3004,32
3006,34
3007,36
3007,37
3008,15
3008,22
3009,35
3010,32
3010,34
3010,37
3011,39
3011,40
3012,3
3012,4
3012,31
3012,38
3013,19
3013,37
3014,10
3014,12
3014,36
3015,14
3015,33
3015,34
3016,35
3017,13
3017,16
3017,23
3017,37
3018,1
3019,39
3019,40
3020,24
3020,30
3020,34
3020,36
3020,37
3021,11
3021,18
3021,35
3022,33
3024,34
3025,3
3026,25
3026,36
3026,37
3027,35
3027,40
3029,34
3031,37
3032,36
3033,34
3033,35
3035,7
3035,38
3036,33
3036,37
3037,29
3038,34
3038,39
3040,37
3042,36
3043,16
3045,34
3045,37
3046,33
3046,40
3047,35
3047,36
3047,38
3048,2
3048,9
3050,17
3050,37
3051,8
3052,26
3052,39
3053,34
3053,38
3055,15
3055,35
3055,37
3056,5
3056,22
3057,33
3059,35
3059,36
3059,37
3062,34
3062,40
3063,21
3063,31
3063,37
3063,38
3064,23
3065,35
3066,36
3066,37
3068,39
3069,16
3069,20
3070,33
3070,37
3071,13
3071,36
3072,34
3073,32
3073,38
3074,35
3074,37
3075,3
3075,14
3077,12
3077,34
3077,36
3078,1
3078,37
3079,38
3079,40
3080,39
3081,37
3082,10
3082,17
3082,35
3083,19
3083,24
3083,34
3085,40
3086,37
3086,38
3087,4
3087,39
3088,33
3088,36
3089,16
3089,35
3090,11
3090,34
3090,37
3090,40
3091,6
3094,28
3094,37
3094,40
3095,18
3095,27
3096,39
3097,34
3098,38
3099,15
3099,33
3099,35
3099,36
3100,32
3101,34
3101,37
3101,40
3104,22
3104,35
3105,34
3107,26
3107,37
3108,39
3109,34
3110,29
3110,35
3111,33
3111,40
3112,30
3112,37
3113,34
3114,7
3115,28
3116,25
3116,36
3116,39
3117,23
3117,40
3118,35
3119,20
3119,33
3120,16
3120,34
3121,37
3122,5
3122,31
3124,34
3124,36
3125,32
3125,35
3125,39
3125,40
3126,8
3127,16
3127,33
3128,34
3128,37
3130,38
3131,35
3131,36
3132,3
3132,4
3133,39
3134,34
3135,9
3135,37
3135,40
3136,2
3137,33
3138,35
3138,38
3138,39
3139,14
3139,17
3141,37
3143,34
3143,36
3145,33
3145,35
3145,38
3145,40
3147,11
3149,34
3150,37
3150,39
3151,33
3151,40
3152,10
3153,36
3154,12
3154,13
3154,34
3154,35
3155,1
3155,32
3155,37
3156,38
3158,39
3158,40
3159,24
3160,33
3160,34
3160,37
3161,22
3163,36
3164,7
3164,35
3165,1
3166,16
3167,40
3168,34
3168,37
3169,18
3169,20
3169,23
3169,33
3170,35
3170,39
3171,26
3171,32
3171,36
3172,31
3172,40
3173,37
3174,5
3174,21
3174,34
3175,25
3176,15
3176,17
3176,33
3177,6
3177,32
3177,35
3177,37
3177,38
3178,34
3178,39
3178,40
3179,36
3181,37
3183,29
3183,30
3184,40
3185,34
3186,36
3186,37
3187,19
3189,3
3189,33
3189,38
3189,39
3190,40
3191,37
3192,27
3192,34
3194,36
3195,10
3195,35
3196,37
3196,40
3198,32
3199,9
3200,33
3200,37
3201,1
3201,40
3203,4
3203,35
3203,36
3203,38
3205,34
3205,37
3206,24
3207,33
3207,39
3208,3
3209,2
3209,37
3209,40
3210,16
3210,17
3211,14
3211,35
3212,11
3212,22
3212,34
3212,36
3212,37
3213,28
3213,39
3214,40
3215,38
3216,33
3217,36
3217,37
3218,34
3220,35
3221,23
3221,40
3222,34
3223,37
3224,33
3225,36
3225,39
3227,20
3227,34
3227,35
3227,37
3228,13
3228,32
3228,40
3231,37
3231,39
3232,12
3232,34
3232,38
3233,36
3234,15
3234,40
3235,35
3235,37
3236,34
3238,39
3239,36
3240,37
3241,34
3242,16
3242,33
3243,36
3244,35
3245,40
3246,34
3246,37
3247,18
3248,32
3249,26
3250,16
3250,36
3251,34
3252,31
3252,37
3252,39
3253,3
3253,32
3253,35
3253,38
3254,22
3254,33
3254,40
3255,6
3255,8
3255,29
3257,28
3257,34
3257,36
3257,38
3258,5
3258,17
3259,10
3259,16
3259,21
3259,37
3260,4
3261,27
3262,34
3262,40
3263,7
3263,14
3263,32
3264,33
3265,12
3265,23
3265,25
3265,30
3265,35
3265,37
3265,38
3265,39
3266,1
3266,36
3268,40
3269,34
3272,11
3273,24
3274,37
3275,35
3275,40
3277,20
3277,38
3278,39
3279,19
3280,34
3280,36
3282,9
3282,37
3282,40
3285,35
3287,37
3288,33
3288,39
3290,2
3291,38
3292,34
3292,35
3292,36
3292,37
3294,22
3297,35
3298,13
3298,15
3298,39
3299,37
3299,40
3300,19
3301,33
3303,1
3303,34
3303,37
3303,39
3304,17
3304,35
3304,38
3305,3
3305,16
3305,23
3305,36
3305,40
3308,32
3308,37
3309,34
3310,39
3311,18
3311,35
3312,38
3314,37
3315,16
3315,40
3317,36
3318,39
3319,35
3320,26
3320,34
3320,37
3320,38
3320,40
3321,14
3321,28
3321,31
3321,33
3323,32
3324,37
3325,16
3325,29
3325,34
3325,39
3326,35
3326,36
3326,40
3327,38
3328,30
3329,33
3329,34
3329,37
3330,4
3332,6
3333,35
3333,37
3333,40
3334,16
3334,34
3335,15
3336,20
3336,36
3337,33
3338,22
3338,34
3339,10
3339,28
3339,37
3340,5
3340,11
3342,3
3342,7
3342,25
3342,35
3342,40
3343,39
3344,12
3344,17
3344,34
3345,37
3346,1
3347,2
3347,38
3348,33
3348,36
3349,35
3350,37
3350,39
3352,27
3354,37
3355,34
3355,38
3355,40
3356,35
3357,21
3357,23
3357,24
3357,36
3358,37
3358,39
3359,13
3360,9
3361,40
3362,8
3362,32
3362,34
3362,37
3363,33
3363,35
3364,19
3367,16
3367,37
3368,34
3368,38
3370,40
3371,33
3372,32
3372,37
3373,36
3374,35
3375,39
3377,38
3378,37
3379,34
3381,40
3382,16
3382,36
3383,20
3383,29
3383,35
3385,34
3386,3
3386,33
3386,37
3386,39
3387,16
3388,17
3388,26
3388,40
3389,22
3389,36
3390,31
3390,35
3390,37
3392,32
3392,34
3393,14
3393,18
3393,39
3394,37
3395,25
3395,35
3395,38
3396,40
3397,15
3397,30
3397,37
3398,1
3398,12
3398,36
3399,4
3399,11
3400,34
3401,33
3401,35
3401,37
3401,39
3402,40
3405,6
3405,32
3405,36
3406,37
3406,38
3407,10
3407,35
3409,5
3411,23
3411,35
3411,36
3411,40
3412,39
3413,37
3415,34
3416,35
3418,36
3418,37
3420,35
3421,13
3422,34
3423,33
3423,36
3423,39
3424,7
3424,16
3424,37
3425,35
3425,40
3427,34
3427,36
3430,33
3430,35
3431,37
3432,3
3433,22
3433,34
3433,36
3435,35
3435,37
3437,34
3437,38
3437,39
3438,36
3439,31
3440,15
3440,35
3440,37
3441,33
3442,16
3442,34
3443,17
3443,36
3444,37
3445,39
3446,9
3446,35
3446,40
3447,11
3447,34
3448,24
3448,36
3448,37
3449,1
3450,33
3451,39
3451,40
3452,29
3452,34
3452,37
3454,35
3454,36
3455,37
3456,17
3457,34
3458,26
3458,37
3459,2
3459,35
3459,36
3459,38
3460,27
3460,39
3460,40
3461,16
3462,37
3463,4
3463,35
3463,36
3464,33
3464,34
3465,15
3465,37
3465,40
3467,20
3469,21
3469,34
3469,36
3469,37
3470,6
3470,23
3470,32
3470,35
3471,14
3471,40
3472,5
3472,28
3472,39
3473,3
3474,37
3475,36
3476,7
3476,19
3476,22
3476,31
3476,34
3476,35
3477,32
3477,33
3477,38
3478,10
3478,12
3478,13
3479,1
3479,28
3479,37
3479,40
3480,18
3480,35
3481,34
3482,8
3482,16
3482,32
3482,38
3482,39
3483,30
3484,34
3484,36
3485,35
3485,37
3486,40
3487,32
3488,16
3488,33
3489,34
3490,37
3490,38
3491,40
3492,35
3493,36
3495,25
3496,34
3498,35
3498,36
3498,37
3498,40
3499,39
3500,20
3501,32
3503,35
3503,36
3504,34
3504,38
3504,40
3508,29
3508,35
3509,33
3509,34
3510,36
3511,37
3511,40
3512,35
3514,34
3517,17
3517,36
3518,26
3518,35
3518,39
3519,34
3520,37
3521,16
3521,33
3521,38
3522,35
3523,11
3524,9
3525,24
3525,39
3525,40
3526,34
3526,35
3526,36
3526,37
3530,40
3531,23
3531,35
3531,39
3532,33
3532,37
3533,15
3533,34
3534,32
3536,35
3536,40
3537,3
3537,38
3538,4
3538,36
3539,34
3539,37
3539,39
3540,33
3540,35
3540,40
3542,2
3542,13
3543,1
3544,27
3545,35
3545,37
3545,40
3546,5
3546,31
3546,34
3546,39
3547,19
3547,33
3548,14
3549,17
3549,37
3550,35
3550,40
3551,16
3551,21
3551,22
3551,38
3553,10
3553,20
3553,37
3554,34
3554,35
3554,36
3555,12
3555,28
3555,33
3555,39
3556,3
3557,18
3557,32
3558,37
3558,40
3560,26
3560,34
3560,35
3561,7
3561,33
3562,22
3562,37
3562,39
3564,35
3564,36
3565,34
3565,40
3566,37
3566,38
3567,29
3568,35
3571,1
3571,34
3571,37
3572,35
3574,37
3574,39
3575,6
3575,33
3575,34
3577,30
3577,40
3578,35
3579,37
3580,34
3582,11
3582,20
3582,25
3582,35
3583,28
3584,37
3586,33
3586,34
3587,35
3587,36
3587,40
3589,8
3589,16
3589,17
3589,39
3590,37
3591,34
3592,15
3592,33
3593,38
3594,9
3594,35
3595,36
3596,34
3597,37
3598,32
3598,33
3599,39
3600,34
3601,38
3601,40
3602,24
3602,35
3603,37
3604,32
3604,34
3606,13
3606,31
3606,36
3607,4
3607,40
3608,33
3608,35
3609,23
3609,34
3610,39
3611,27
3611,37
3612,38
3614,16
3615,3
3615,14
3615,37
3616,34
3616,40
3617,5
3617,7
3617,33
3617,36
3619,12
3619,20
3619,37
3620,10
3620,32
3620,35
3620,39
3622,34
3622,38
3622,40
3623,36
3624,33
3624,37
3625,3
3626,23
3626,34
3628,22
3628,35
3629,16
3629,37
3629,40
3630,34
3633,33
3634,15
3634,38
3635,18
3635,34
3636,35
3636,36
3636,37
3637,40
3638,16
3638,26
3640,17
3640,32
3641,29
3641,33
3641,34
3641,36
3643,35
3643,37
3644,1
3644,39
3646,34
3647,11
3647,32
3647,40
3649,2
3649,6
3649,36
3649,37
3650,21
3650,35
3653,34
3653,38
3653,39
3654,37
3654,40
3657,36
3658,34
3659,37
3663,19
3663,35
3663,36
3663,38
3663,39
3664,34
3665,16
3665,40
3666,24
3666,37
3667,30
3668,36
3669,33
3669,34
3670,35
3671,38
3674,16
3674,37
3675,32
3675,36
3677,27
3677,34
3678,38
3678,39
3678,40
3679,9
3679,12
3679,19
3679,25
3679,33
3679,35
3681,31
3681,34
3682,4
3682,16
3682,37
3683,36
3685,3
3685,7
3685,34
3685,35
3686,32
3687,8
3687,13
3687,28
3687,33
3687,38
3689,1
3689,16
3689,37
3690,10
3690,14
3690,20
3690,34
3690,39
3690,40
3691,17
3691,23
3691,36
3692,22
3692,35
3694,15
3694,33
3694,34
3694,37
3695,38
3696,39
3698,26
3698,29
3698,35
3699,28
3699,34
3701,36
3701,37
3703,5
3703,33
3704,38
3705,35
3706,34
3709,16
3709,37
3710,34
3710,35
3710,40
3711,38
3712,32
3713,18
3713,39
3714,24
3715,35
3716,33
3716,34
3716,37
3719,39
3720,16
3720,19
3720,38
3720,40
3721,35
3722,31
3722,34
3724,11
3724,37
3724,39
3725,32
3725,33
3725,36
3727,34
3727,35
3728,40
3729,1
3731,25
3731,34
3731,38
3731,39
3732,37
3733,33
3733,35
3734,2
3735,22
3735,36
3736,30
3736,34
3738,20
3739,17
3739,23
3739,37
3740,6
3740,35
3741,3
3741,34
3741,36
3741,39
3743,37
3744,29
3745,28
3745,40
3746,4
3746,34
3747,14
3747,32
3747,35
3747,36
3749,16
3749,37
3751,26
3752,12
3752,33
3752,34
3753,35
3753,37
3754,36
3754,39
3755,7
3756,3
3756,15
3756,34
3757,38
3758,13
3758,40
3760,27
3760,34
3760,35
3760,37
3761,32
3761,33
3762,36
3762,39
3763,17
3764,34
3765,9
3765,37
3766,35
3767,10
3767,36
3767,38
3768,34
3769,40
3770,37
3771,34
3772,35
3772,36
3774,37
3775,38
3776,34
3776,40
3779,35
3779,36
3779,37
3779,39
3780,34
3783,37
3784,34
3784,36
3784,38
3785,35
3785,40
3786,39
3788,34
3788,37
3790,40
3792,34
3792,36
3793,37
3793,38
3794,20
3794,39
3795,16
3796,24
3796,28
3796,35
3797,5
3797,34
3798,22
3798,36
3798,37
3798,40
3800,11
3800,19
3801,16
3801,18
3801,31
3801,33
3801,34
3802,15
3802,23
3802,35
3803,4
3803,21
3803,32
3803,39
3803,40
3804,37
3805,3
3805,34
3806,6
3806,30
3806,35
3806,38
3807,1
3807,16
3807,17
3808,13
3809,25
3809,32
3809,33
3809,34
3810,28
3810,36
3810,37
3810,39
3812,35
3812,38
3813,2
3813,29
3813,40
3814,34
3815,12
3816,35
3818,37
3819,7
3819,26
3819,34
3821,35
3821,37
3821,38
3823,33
3823,39
3823,40
3825,34
3825,35
3826,37
3829,35
3830,33
3831,36
3831,37
3833,38
3834,34
3834,35
3834,40
3835,37
3837,35
3837,36
3838,33
3839,34
3841,35
3842,36
3842,37
3843,9
3844,34
3844,39
3845,33
3845,40
3846,35
3848,37
3850,3
3850,10
3850,19
3850,35
3850,36
3851,8
3851,34
3851,38
3852,27
3852,33
3854,1
3854,22
3854,35
3854,39
3855,13
3855,14
3855,37
3856,34
3857,35
3858,12
3858,17
3858,31
3858,33
3858,40
3860,37
3861,20
3861,34
3861,35
3862,38
3863,11
3863,15
3863,36
3865,39
3866,35
3867,16
3867,34
3867,37
3868,5
3868,32
3868,36
3869,33
3869,40
3870,28
3871,23
3871,34
3872,4
3872,18
3873,26
3873,35
3874,37
3875,16
3875,33
3876,34
3876,36
3877,28
3877,32
3878,35
3879,40
3880,24
3880,34
3880,37
3881,39
3882,38
3883,7
3883,35
3884,33
3884,34
3886,29
3887,25
3887,35
3888,40
3889,34
3891,28
3891,36
3891,37
3892,17
3892,30
3893,33
3893,34
3894,3
3894,35
3895,6
3896,16
3897,34
3897,39
3899,37
3900,35
3903,16
3903,36
3903,40
3904,33
3904,34
3904,35
3905,10
3905,11
3905,21
3906,2
3906,37
3907,22
3908,20
3908,38
3909,23
3909,35
3909,40
3910,34
3910,39
3911,19
3912,1
3914,35
3914,37
3915,9
3916,31
3917,34
3918,33
3918,37
3918,38
3918,39
3918,40
3920,26
3921,32
3922,35
3923,36
3923,37
3923,40
3924,38
3925,33
3928,15
3928,40
3929,37
3930,33
3930,34
3930,39
3931,13
3931,35
3932,36
3934,6
3934,40
3936,27
3936,37
3936,38
3937,33
3940,35
3941,34
3941,36
3943,12
3943,14
3943,37
3944,38
3945,1
3945,5
3945,16
3946,19
3946,24
3946,33
3947,37
3947,39
3948,17
3948,34
3948,40
3949,4
3950,10
3950,16
3950,30
3951,32
3951,35
3951,38
3952,37
3953,20
3953,36
3954,22
3954,23
3954,25
3954,29
3954,33
3954,34
3955,8
3955,16
3956,3
3956,18
3957,34
3957,38
3957,39
3958,35
3958,37
3959,11
3959,28
3959,36
3962,31
3962,37
3963,34
3964,9
3966,36
3966,37
3966,40
3967,7
3969,34
3970,13
3970,35
3970,37
3970,39
3971,33
3973,2
3973,26
3973,36
3973,38
3974,15
3975,34
3975,37
3977,35
3978,32
3978,36
3980,34
3980,37
3981,40
3982,17
3982,36
3983,39
3984,34
3985,35
3985,37
3987,40
3988,36
3988,38
3989,32
3989,34
3989,37
3993,36
3994,34
3994,35
3994,40
3995,37
3998,34
3999,36
3999,39
4001,37
4001,40
4002,19
4003,33
4003,34
4003,35
4005,36
4008,37
4008,38
4010,34
4012,37
4012,40
4013,39
4014,20
4014,33
4015,1
4015,10
4015,35
4015,38
4016,34
4017,37
4018,31
4019,24
4019,40
4020,6
4020,16
4020,22
4021,23
4021,33
4022,3
4022,14
4022,34
4022,37
4023,11
4023,21
4023,29
4023,36
4024,1
4024,28
4024,35
4024,39
4025,4
4025,5
4026,15
4026,17
4026,18
4026,27
4026,34
4027,13
4027,37
4027,40
4028,8
4028,36
4028,39
4029,12
4029,16
4029,34
4030,2
4030,26
4031,33
4031,37
4032,3
4032,35
4033,9
4033,30
4033,34
4033,36
4033,38
4035,32
4035,39
4035,40
4037,16
4037,37
4040,34
4040,38
4041,25
4041,36
4042,37
4044,40
4046,34
4047,35
4047,36
4047,38
4050,37
4051,7
4053,33
4053,34
4053,38
4053,39
4054,32
4057,23
4057,37
4058,34
4058,36
4059,22
4059,38
4059,40
4060,35
4062,34
4064,36
4066,37
4066,38
4068,19
4068,34
4068,35
4070,36
4070,39
4070,40
4071,37
4072,16
4072,33
4073,34
4075,36
4076,37
4078,16
4078,35
4078,40
4079,17
4079,32
4079,34
4079,36
4081,38
4082,37
4082,39
4083,4
4083,36
4084,34
4084,40
4088,20
4088,37
4089,36
4090,24
4091,12
4091,39
4092,33
4092,34
4093,10
4093,40
4094,36
4095,15
4095,19
4095,35
4095,37
4096,3
4096,38
4098,5
4098,39
4099,9
4099,11
4099,13
4099,36
4099,37
4100,1
4100,31
4100,34
4101,2
4101,6
4101,18
4102,14
4102,29
4102,35
4102,39
4102,40
4103,16
4103,36
4103,37
4103,38
4104,28
4104,34
4105,17
4105,33
4106,26
4107,7
4107,30
4107,36
4108,37
4109,27
4109,34
4110,16
4110,35
4110,38
4111,40
4112,36
4112,37
4112,39
4113,22
4114,33
4114,34
4115,23
4116,36
4117,35
4117,37
4119,40
4121,34
4121,38
4122,32
4122,36
4124,35
4124,37
4126,38
4128,40
4129,34
4129,37
4130,33
4130,36
4130,39
4132,38
4134,21
4135,35
4136,37
4137,34
4138,38
4140,35
4141,10
4141,28
4141,36
4141,37
4143,39
4144,1
4145,16
4145,35
4146,34
4146,37
4146,40
4147,3
4147,12
4147,15
4147,25
4147,26
4147,31
4147,33
4147,36
4147,38
4148,8
4149,37
4150,13
4150,34
4150,39
4151,35
4152,16
4152,22
4152,33
4153,4
4153,11
4153,37
4153,38
4155,34
4155,36
4156,32
4157,35
4157,37
4158,38
4158,40
4159,17
4159,30
4160,37
4161,33
4161,39
4162,18
4162,20
4162,23
4162,29
4163,38
4164,35
4164,36
4164,37
4166,5
4167,12
4167,16
4168,34
4168,37
4169,19
4169,38
4170,33
4171,40
4172,36
4173,32
4173,35
4173,37
4175,34
4175,38
4175,39
4177,9
4179,16
4179,37
4180,34
4180,38
4180,40
4182,14
4182,36
4183,24
4183,28
4184,7
4185,34
4185,37
4185,38
4186,40
4189,35
4189,37
4190,1
4190,20
4190,34
4190,39
4191,38
4192,15
4193,2
4194,33
4194,34
4194,37
4194,40
4195,38
4196,6
4196,23
4197,35
4199,37
4200,39
4201,34
4201,38
4202,10
4202,27
4202,36
4202,40
4203,32
4205,17
4206,34
4206,39
4207,35
4207,37
4207,38
4208,33
4208,40
4212,34
4212,37
4214,39
4216,22
4216,25
4216,34
4216,40
4218,35
4218,36
4218,37
4218,38
4219,34
4223,34
4224,3
4225,26
4225,40
4227,13
4227,34
4227,36
4228,16
4228,32
4228,35
4228,37
4229,19
4229,33
4229,39
4230,24
4230,34
4231,29
4231,40
4232,38
4233,1
4233,14
4233,34
4233,37
4234,35
4234,36
4235,31
4235,32
4236,4
4236,15
4236,16
4236,34
4237,37
4239,34
4239,36
4239,39
4240,11
4240,28
4240,30
4241,17
4242,35
4243,32
4243,40
4244,33
4244,34
4244,36
4244,37
4245,18
4246,16
4248,21
4249,34
4249,36
4249,38
4250,35
4250,40
4251,20
4252,1
4252,33
4253,37
4254,34
4255,23
4256,5
4256,35
4258,3
4258,33
4259,34
4259,39
4259,40
4260,12
4260,36
4260,37
4260,38
4261,31
4261,35
4263,9
4263,10
4263,33
4264,34
4265,35
4265,37
4267,38
4268,6
4268,7
4268,35
4268,36
4269,33
4271,26
4271,34
4271,37
4271,39
4272,35
4273,29
4274,16
4274,40
4275,34
4275,35
4276,22
4277,33
4277,36
4277,37
4278,35
4280,34
4281,36
4281,38
4282,35
4282,40
4283,37
4285,15
4285,39
4286,13
4287,23
4287,34
4287,35
4287,36
4288,33
4289,2
4289,37
4289,40
4290,17
4290,27
4291,38
4292,37
4292,39
4293,33
4293,35
4294,34
4296,24
4297,4
4297,20
4297,36
4297,37
4299,34
4299,40
4301,16
4301,37
4302,14
4302,35
4303,3
4303,33
4303,36
4303,39
4304,19
4304,32
4304,37
4305,34
4306,8
4309,37
4309,38
4309,39
4309,40
4310,12
4310,25
4311,34
4311,36
4312,35
4315,37
4316,33
4317,34
4317,35
4318,28
4318,36
4319,40
4320,37
4320,38
4323,11
4323,39
4324,31
4324,34
4325,13
4325,33
4325,37
4326,35
4326,36
4326,40
4329,30
4329,37
4330,5
4330,39
4331,1
4331,16
4331,34
4331,35
4331,36
4333,22
4333,33
4333,37
4333,38
4334,17
4335,40
4337,35
4337,37
4338,10
4338,18
4338,34
4338,38
4338,39
4340,36
4342,32
4342,35
4343,26
4343,37
4344,9
4345,34
4346,35
4346,40
4347,15
4347,23
4347,39
4348,29
4348,37
4349,33
4350,3
4350,34
4350,36
4351,35
4352,4
4352,20
4352,37
4354,16
4355,34
4356,6
4356,14
4356,35
4356,37
4357,36
4358,28
4358,38
4359,19
4359,24
4360,1
4360,16
4360,40
4361,12
4361,37
4362,7
4362,33
4362,34
4362,36
4362,39
4364,32
4364,35
4365,11
4367,27
4367,34
4368,17
4368,21
4368,38
4369,33
4369,36
4369,37
4370,35
4371,34
4371,40
4372,22
4373,2
4373,39
4374,13
4375,35
4376,34
4376,37
4377,36
4380,33
4380,34
4380,35
4384,34
4385,31
4385,37
4386,36
4386,40
4388,34
4390,35
4390,39
4392,40
4393,34
4395,37
4397,25
4398,34
4398,38
4400,8
4400,20
4400,30
4400,35
4400,36
4403,28
4403,34
4403,39
4404,16
4404,26
4404,32
4404,40
4405,12
4406,37
4407,5
4408,3
4408,15
4408,32
4408,33
4408,34
4408,38
4409,23
4409,36
4410,14
4410,35
4410,40
4411,10
4412,34
4413,13
4413,17
4413,37
4414,4
4414,22
4416,6
4416,39
4417,18
4417,19
4417,34
4417,35
4417,37
4418,29
4419,7
4420,16
4420,27
4420,36
4420,40
4421,9
4421,24
4421,34
4422,37
4423,11
4425,31
4425,33
4426,36
4427,34
4427,35
4430,40
4432,37
4432,38
4433,1
4434,34
4434,39
4435,20
4436,36
4436,37
4437,40
4439,39
4440,34
4442,37
4444,23
4444,35
4445,34
4447,39
4448,36
4448,40
4449,37
4450,28
4450,34
4451,38
4452,35
4454,36
4455,37
4456,26
4458,34
4459,16
4459,36
4460,15
4461,3
4461,33
4462,34
4462,37
4462,39
4462,40
4463,32
4463,35
4465,36
4467,34
4468,35
4468,37
4469,21
4470,40
4472,10
4472,34
4472,36
4473,2
4474,35
4474,37
4475,17
4475,40
4476,1
4477,39
4478,32
4478,35
4478,38
4479,4
4479,33
4479,34
4479,37
4480,6
4482,13
4482,22
4482,24
4482,40
4483,35
4484,12
4484,29
4484,37
4485,19
4485,31
4485,34
4486,20
4487,5
4487,36
4487,39
4488,16
4488,18
4488,33
4488,40
4489,3
4489,28
4489,30
4489,35
4490,25
4490,38
4491,11
4492,7
4492,32
4492,34
4492,36
4493,8
4493,16
4493,23
4493,37
4494,14
4495,9
4496,40
4497,17
4498,22
4498,35
4498,37
4498,38
4499,34
4499,39
4502,36
4504,34
4506,37
4508,40
4509,35
4510,37
4513,34
4513,36
4513,39
4514,37
4514,38
4518,16
4518,36
4519,37
4520,33
4520,40
4521,34
4523,36
4523,37
4523,39
4524,32
4524,38
4525,35
4527,27
4528,34
4528,37
4531,39
4531,40
4532,28
4532,36
4532,37
4533,35
4534,15
4534,38
4535,14
4536,34
4536,37
4537,33
4538,20
4538,26
4538,39
4540,4
4540,31
4540,37
4542,1
4542,3
4542,19
4542,35
4542,36
4543,28
4543,30
4543,40
4544,32
4544,33
4544,34
4544,37
4544,39
4546,13
4547,10
4548,6
4548,16
4548,23
4548,37
4549,36
4551,11
4551,12
4551,40
4552,2
4552,22
4552,39
4553,34
4553,38
4554,7
4554,25
4555,37
4556,18
4556,24
4556,32
4556,35
4557,1
4557,29
4558,36
4559,17
4559,39
4560,16
4560,34
4560,37
4561,8
4561,38
4562,40
4564,33
4565,34
4565,36
4566,37
4569,34
4570,35
4574,9
4574,34
4574,37
4574,38
4575,40
4577,36
4577,37
4578,20
4578,34
4578,39
4579,35
4580,5
4581,40
4583,37
4584,34
4587,15
4587,35
4587,36
4587,37
4587,38
4588,34
4590,40
4591,21
4592,37
4593,34
4593,35
4594,39
4597,3
4597,37
4597,40
4599,22
4599,34
4599,35
4600,20
4601,26
4601,31
4602,36
4602,38
4603,37
4603,40
4604,27
4604,34
4604,35
4605,10
4605,13
4605,23
4606,6
4606,19
4606,33
4607,37
4607,39
4608,16
4608,32
4609,38
4609,40
4610,34
4611,37
4613,7
4613,36
4614,17
4614,25
4614,34
4614,35
4616,28
4617,11
4617,38
4618,4
4618,16
4618,40
4619,24
4619,34
4619,37
4620,14
4620,32
4620,39
4623,34
4624,12
4624,35
4624,37
4625,29
4625,33
4625,36
4625,40
4626,3
4627,30
4627,34
4629,36
4630,34
4630,35
4634,34
4634,37
4636,39
4637,36
4638,34
4638,35
4639,37
4642,34
4643,16
4643,35
4644,1
4644,33
4644,37
4644,40
4645,38
4646,34
4648,36
4649,35
4651,5
4651,34
4652,37
4654,22
4654,33
4654,39
4655,16
4655,35
4655,36
4656,40
4657,17
4657,34
4659,33
4660,18
4660,35
4660,37
4661,25
4661,38
4662,10
4662,34
4663,32
4664,31
4664,39
4665,36
4666,15
4666,16
4666,26
4666,40
4667,33
4667,35
4668,13
4668,34
4669,23
4669,37
4670,6
4670,9
4672,3
4672,8
4672,28
4672,32
4673,36
4674,11
4674,21
4674,38
4674,40
4675,7
4675,34
4675,39
4676,35
4677,2
4677,37
4678,33
4679,16
4681,14
4681,17
4681,32
4681,40
4682,12
4682,22
4682,37
4683,36
4684,4
4684,35
4684,38
4685,23
4685,34
4686,1
4686,19
4686,33
4686,39
4686,40
4690,37
4691,24
4691,27
4691,34
4691,36
4692,20
4692,40
4693,29
4695,35
4696,34
4697,37
4699,28
4699,39
4699,40
4700,15
4702,34
4702,37
4703,33
4705,40
4706,35
4706,37
4707,36
4709,34
4709,38
4711,35
4712,37
4712,39
4715,40
4717,33
4717,35
4717,37
4718,34
4718,36
4722,16
4722,38
4724,33
4724,37
4725,34
4725,39
4726,32
4726,36
4726,40
4727,18
4727,38
4730,35
4731,34
4731,37
4732,26
4732,31
4734,1
4734,3
4734,37
4735,20
4735,32
4735,33
4735,39
4736,10
4736,17
4736,34
4736,35
4737,30
4738,5
4738,13
4738,16
4738,22
4738,37
4740,4
4740,34
4740,38
4741,23
4741,25
4741,37
4741,39
4742,14
4742,35
4742,36
4743,12
4743,28
4743,32
4743,34
4744,40
4745,6
4745,7
4745,37
4746,33
4747,11
4747,29
4747,34
4747,38
4748,19
4749,35
4750,40
4751,34
4751,36
4751,37
4751,39
4755,34
4755,38
4756,40
4757,8
4757,37
4757,39
4758,2
4758,35
4759,34
4761,33
4761,38
4762,37
4762,39
4763,9
4763,34
4765,35
4765,40
4767,36
4768,34
4770,37
4772,34
4774,16
4775,38
4776,15
4776,28
4776,34
4776,39
4776,40
4777,37
4778,36
4780,33
4780,34
4780,35
4781,21
4782,38
4782,40
4783,17
4783,37
4784,24
4785,34
4785,35
4786,1
4786,13
4786,26
4786,27
4786,39
4788,18
4788,37
4788,38
4788,40
4789,33
4790,22
4790,34
4790,35
4791,39
4792,3
4793,31
4794,37
4796,20
4796,34
4796,35
4796,38
4797,16
4797,39
4798,33
4798,40
4799,32
4799,36
4799,37
4801,10
4802,12
4802,34
4803,17
4804,35
4804,38
4804,40
4805,5
4806,7
4806,36
4807,4
4807,37
4808,30
4808,32
4808,33
4808,34
4810,15
4810,23
4810,25
4810,35
4811,6
4811,12
4811,14
4811,37
4812,36
4812,40
4813,22
4813,34
4814,38
4815,11
4816,16
4816,29
4816,35
4817,37
4818,34
4818,39
4819,19
4819,36
4819,40
4822,16
4822,32
4822,33
4823,35
4824,36
4824,39
4825,2
4825,34
4825,37
4826,40
4827,3
4829,38
4830,34
4830,39
4831,35
4831,40
4832,37
4833,9
4834,36
4836,24
4836,34
4836,39
4838,31
4838,40
4840,37
4841,8
4841,35
4842,34
4842,36
4844,20
4844,37
4844,39
4846,38
4847,36
4849,13
4849,19
4849,35
4849,37
4849,40
4850,23
4851,1
4851,10
4851,39
4852,32
4852,37
4853,34
4853,36
4854,33
4855,38
4856,27
4856,37
4856,40
4857,5
4857,36
4858,34
4858,39
4860,37
4861,35
4862,34
4862,36
4863,17
4864,39
4866,33
4866,36
4866,37
4868,26
4868,34
4870,37
4871,16
4871,35
4871,36
4871,40
4872,34
4874,15
4874,37
4876,33
4876,34
4876,38
4877,37
4877,39
4879,36
4880,35
4880,37
4881,34
4883,11
4883,22
4883,30
4883,32
4884,37
4884,40
4885,35
4886,33
4886,34
4886,38
4887,18
4887,36
4889,37
4890,4
4890,16
4890,25
4890,35
4891,40
4892,34
4893,1
4893,37
4894,14
4894,33
4894,36
4894,39
4896,7
4896,12
4896,35
4896,37
4898,3
4898,20
4900,34
4900,37
4900,40
4901,17
4901,31
4902,33
4902,39
4903,21
4903,23
4903,29
4903,32
4903,38
4904,10
4904,35
4905,13
4905,36
4905,37
4906,24
4906,40
4907,34
4908,1
4908,6
4909,33
4910,2
4910,3
4910,35
4910,37
4910,39
4912,34
4915,11
4915,15
4915,37
4916,28
4916,36
4916,39
4918,40
4919,34
4919,35
4920,33
4920,37
4922,20
4922,26
4923,37
4924,22
4925,19
4925,35
4926,34
4927,5
4927,37
4930,1
4930,34
4930,39
4931,37
4931,40
4932,36
4932,38
4934,35
4935,34
4937,27
4937,37
4939,14
4939,36
4940,8
4940,39
4941,9
4941,34
4941,37
4944,12
4944,37
4945,16
4945,36
4947,32
4947,35
4948,3
4948,34
4948,37
4948,38
4949,18
4949,33
4950,16
4950,40
4951,36
4951,39
4952,37
4954,34
4956,35
4957,31
4957,37
4959,4
4959,34
4960,32
4962,37
4962,39
4963,30
4963,34
4964,25
4964,28
4965,16
4965,35
4965,37
4966,36
4966,40
4967,7
4968,23
4968,34
4969,17
4969,29
4969,32
4969,37
4970,39
4971,22
4971,34
4971,38
4974,10
4974,35
4974,37
4974,40
4975,13
4975,24
4975,34
4976,36
4977,37
4978,15
4979,39
4980,34
4980,40
4981,35
4981,37
4982,26
4983,6
4983,33
4985,37
4986,21
4986,34
4988,35
4988,38
4990,20
4990,34
4992,37
4993,39
4994,34
4994,36
4996,40
4998,28
4998,34
4998,35
4999,39
