8,2
9,4
9,9
10,10
10,14
10,19
11,1
11,12
11,16
11,17
12,3
12,11
12,15
12,18
13,6
13,8
13,20
14,5
15,19
17,7
18,13
18,17
20,18
23,20
25,17
25,19
28,20
29,18
33,17
34,19
34,20
36,18
39,17
41,20
45,18
47,17
47,19
47,20
50,18
52,19
56,18
57,19
58,17
60,13
61,20
63,17
63,19
64,18
67,17
68,18
68,19
69,20
71,9
71,17
72,18
74,19
74,20
76,17
78,8
78,18
80,19
81,10
81,15
81,17
81,20
82,7
83,13
83,18
85,2
85,17
86,14
87,19
88,5
88,20
89,16
89,18
90,17
92,6
92,11
92,12
93,17
93,20
96,18
96,19
97,17
98,1
101,4
101,17
101,19
102,13
103,18
105,20
106,17
110,18
110,19
112,17
116,3
117,19
119,18
119,20
123,17
126,20
127,18
128,19
129,17
130,13
132,12
134,17
134,19
136,18
139,17
139,20
141,19
144,15
145,17
147,9
147,18
149,8
149,19
149,20
150,10
153,2
153,17
155,18
155,19
157,14
160,6
160,7
161,19
162,16
163,17
164,5
165,18
169,20
170,17
170,19
172,12
174,13
174,18
176,17
176,20
178,11
178,19
180,17
181,18
183,20
185,19
186,17
187,18
190,17
192,1
192,19
194,17
194,18
196,20
198,18
199,17
201,19
204,18
206,17
207,3
207,19
208,20
210,18
211,17
214,18
214,19
214,20
218,4
218,18
219,17
219,19
220,20
221,15
222,10
222,18
224,17
224,19
226,6
226,8
227,18
230,19
230,20
231,12
231,18
233,16
233,17
234,5
235,2
235,18
235,19
236,13
236,14
237,17
238,20
239,19
240,18
242,17
243,19
243,20
246,9
246,17
247,18
248,19
250,7
250,17
251,20
253,11
253,19
256,17
256,18
257,20
259,19
262,17
265,18
265,20
266,17
266,19
270,15
271,17
271,20
274,13
274,19
275,20
276,18
277,17
280,20
281,1
281,19
282,18
285,20
287,17
288,19
290,18
291,20
293,14
294,17
294,18
295,19
296,8
296,20
299,18
301,17
302,10
302,20
303,2
305,3
305,19
307,18
308,20
310,6
310,17
311,13
312,18
313,12
313,19
313,20
317,4
317,11
317,17
317,18
319,20
321,18
322,9
322,19
325,17
325,18
326,20
327,16
329,18
331,20
332,17
333,19
337,7
337,18
339,17
340,20
341,18
345,15
346,5
346,17
346,18
347,19
347,20
349,2
351,18
353,19
354,17
354,20
358,17
358,18
359,1
359,13
359,19
361,14
362,17
364,18
364,19
366,20
367,17
368,12
369,8
370,19
371,18
372,10
372,17
377,17
377,19
379,15
380,20
381,17
381,18
385,19
386,3
386,17
388,20
391,17
391,19
394,13
396,18
397,17
398,11
400,6
400,19
400,20
402,9
403,16
404,17
405,7
405,18
405,19
405,20
409,19
413,20
414,17
414,18
414,19
417,5
419,19
420,17
421,20
422,18
423,2
425,19
425,20
427,4
427,17
428,18
431,17
431,19
432,8
434,12
434,17
434,20
436,19
437,18
438,17
441,13
441,17
442,19
443,15
444,17
445,18
445,20
446,19
449,17
450,19
452,14
452,18
454,17
456,19
457,20
458,17
461,17
461,19
462,18
462,20
464,10
464,17
466,20
468,17
469,18
469,19
470,20
471,7
473,17
474,18
474,20
475,11
477,1
477,19
478,9
478,17
478,18
479,20
481,19
483,17
483,18
484,13
487,20
489,17
490,18
491,12
491,19
491,20
495,16
495,17
496,2
497,18
497,19
498,20
500,6
500,8
501,15
502,13
502,17
504,5
504,18
504,19
504,20
505,3
510,17
510,18
510,19
512,20
517,19
517,20
519,18
521,17
522,19
524,20
526,18
527,19
528,17
529,20
531,19
532,18
534,4
534,20
535,17
536,19
537,14
539,10
539,18
540,20
542,19
545,17
546,19
546,20
548,13
548,18
550,20
551,19
552,11
553,12
553,17
555,1
555,18
555,20
556,19
557,8
558,2
560,15
561,7
561,20
562,18
562,19
564,9
564,17
569,19
571,20
573,17
573,18
577,17
578,19
579,20
581,18
582,6
582,17
587,17
587,20
590,3
590,19
591,16
591,20
593,13
593,18
594,17
596,20
600,19
601,17
601,18
601,20
602,5
605,14
605,20
606,17
607,18
611,20
612,17
612,18
613,19
616,17
618,20
619,17
620,18
621,13
622,20
623,17
623,19
625,18
626,11
627,15
628,17
628,20
631,18
632,2
632,4
633,19
633,20
634,17
635,10
636,9
636,18
638,17
639,8
639,16
639,20
640,7
640,19
642,18
643,12
643,17
646,19
646,20
648,18
650,1
650,17
651,19
655,17
655,18
655,20
657,19
660,18
663,17
663,20
666,19
667,18
668,15
668,20
669,17
670,3
672,18
674,19
676,17
677,18
677,20
681,5
681,18
683,19
685,6
685,18
688,17
689,18
689,20
690,19
694,18
695,2
698,18
698,19
698,20
699,13
699,17
703,11
705,14
706,13
706,19
707,17
707,18
707,20
713,7
713,18
713,19
714,17
715,10
717,9
719,4
720,12
720,18
720,19
721,8
722,17
722,20
723,15
723,16
726,18
726,19
727,17
728,13
731,18
733,17
735,18
736,3
737,19
737,20
738,17
739,18
742,17
743,18
745,20
746,17
748,6
749,18
750,19
751,17
753,18
755,17
755,19
757,1
757,5
758,17
758,18
760,20
761,17
761,19
763,18
764,12
764,14
765,17
766,19
768,18
768,20
769,17
770,19
772,2
773,8
773,18
774,17
774,19
777,20
779,18
779,19
782,17
782,20
784,19
786,18
787,15
787,17
788,20
789,7
790,19
792,11
792,18
794,10
794,17
796,19
796,20
798,16
798,18
801,17
801,19
801,20
802,9
802,18
806,17
806,19
808,4
808,18
808,20
810,19
811,17
813,13
813,18
813,20
815,19
818,17
819,18
820,19
820,20
824,17
826,18
826,19
827,20
830,18
832,17
832,20
833,19
836,18
837,17
838,20
839,19
841,18
843,12
843,17
843,19
846,18
847,20
848,17
848,19
849,1
849,8
850,18
852,14
852,19
854,6
854,15
855,3
855,17
855,18
857,5
858,19
859,2
859,20
860,17
861,18
863,10
864,19
865,13
866,17
868,18
869,7
870,9
870,20
871,11
871,17
872,19
875,18
875,20
876,17
880,17
880,19
882,18
882,20
883,12
886,17
889,18
889,20
891,19
893,17
898,17
898,18
898,20
900,13
901,15
903,18
903,19
905,16
907,17
910,18
911,13
912,17
912,19
912,20
914,4
918,17
918,18
918,20
921,2
922,19
923,11
924,18
924,20
927,10
927,14
927,17
929,8
929,18
930,19
931,20
932,17
933,6
934,5
934,9
936,1
936,18
938,19
939,17
940,18
940,20
942,3
944,18
945,15
945,19
945,20
947,7
948,17
948,18
952,20
954,18
954,19
956,17
959,18
960,20
963,19
965,13
965,17
966,18
970,12
970,20
971,17
971,19
973,18
976,19
978,17
978,20
980,18
983,19
985,18
986,20
988,13
989,18
991,17
991,19
993,20
994,11
994,18
995,17
997,19
998,2
998,18
998,20
999,8
1000,17
1001,14
1001,18
1002,19
1002,20
1003,15
1004,17
1005,18
1007,20
1008,5
1009,17
1010,18
1010,19
1011,20
1013,17
1014,4
1016,20
1017,18
1019,9
1019,13
1019,16
1019,19
1020,10
1020,17
1021,20
1022,18
1023,7
1025,12
1025,17
1027,19
1028,18
1028,20
1029,13
1031,17
1033,19
1033,20
1035,18
1037,6
1037,20
1038,19
1039,17
1041,1
1042,18
1042,20
1043,19
1046,17
1048,20
1049,19
1051,18
1053,20
1054,17
1054,19
1056,15
1059,18
1059,19
1061,17
1061,20
1063,3
1064,19
1066,18
1067,17
1068,8
1068,20
1069,13
1069,19
1072,2
1072,20
1073,17
1075,18
1075,19
1077,20
1078,11
1079,17
1080,19
1081,20
1083,18
1084,4
1084,7
1085,17
1086,20
1087,14
1088,9
1089,19
1090,17
1091,16
1091,18
1091,20
1092,10
1094,17
1095,20
1097,12
1097,18
1097,19
1099,17
1101,18
1103,19
1104,5
1104,20
1105,17
1105,18
1106,1
1109,6
1110,18
1110,20
1112,15
1112,17
1115,18
1116,19
1117,17
1117,20
1120,18
1121,17
1125,18
1126,17
1126,19
1127,20
1129,2
1130,18
1133,17
1134,13
1134,19
1136,20
1137,18
1140,3
1140,17
1144,20
1145,19
1146,17
1146,18
1148,8
1153,17
1153,18
1153,20
1154,12
1155,4
1157,10
1157,19
1158,18
1159,13
1160,16
1161,17
1162,12
1162,20
1163,11
1163,18
1165,17
1166,9
1166,14
1167,18
1167,19
1167,20
1171,17
1172,7
1172,18
1172,19
1175,17
1176,13
1176,20
1177,18
1178,15
1179,17
1180,19
1184,17
1186,18
1186,19
1187,20
1192,5
1192,18
1193,17
1193,19
1193,20
1194,1
1196,2
1198,18
1198,20
1199,19
1200,17
1203,8
1203,20
1206,17
1207,6
1208,18
1208,20
1209,19
1210,17
1212,3
1216,17
1216,20
1220,17
1222,12
1222,13
1222,20
1224,19
1225,17
1225,18
1228,9
1229,17
1229,20
1230,11
1232,19
1233,17
1234,18
1238,16
1238,17
1239,18
1239,19
1240,14
1240,15
1241,20
1245,17
1246,18
1246,20
1248,19
1249,17
1251,18
1252,20
1254,4
1254,7
1254,17
1256,10
1257,18
1257,19
1259,17
1259,20
1260,2
1260,13
1261,18
1263,9
1265,6
1266,17
1266,19
1266,20
1267,18
1269,1
1272,20
1273,17
1273,18
1277,17
1277,20
1278,19
1279,5
1281,17
1281,18
1285,8
1285,17
1285,20
1286,18
1286,19
1289,17
1291,20
1292,18
1295,17
1295,19
1295,20
1297,18
1298,15
1300,17
1301,20
1303,18
1303,19
1305,17
1306,20
1309,3
1310,18
1310,20
1311,13
1311,19
1312,17
1314,11
1314,20
1316,19
1318,18
1319,17
1320,20
1321,12
1323,17
1323,19
1328,17
1328,20
1329,19
1330,13
1330,18
1331,10
1332,12
1333,14
1333,17
1334,2
1334,20
1335,19
1337,18
1338,16
1340,7
1340,17
1340,20
1341,9
1341,15
1343,19
1345,17
1346,8
1346,18
1346,20
1350,5
1350,20
1351,19
1352,17
1354,18
1355,4
1357,19
1358,17
1358,20
1359,18
1364,17
1364,19
1364,20
1366,18
1368,19
1369,17
1369,20
1370,1
1371,18
1374,17
1374,20
1375,19
1378,18
1379,20
1380,19
1381,6
1382,17
1382,18
1386,19
1386,20
1387,17
1387,18
1390,13
1391,19
1393,17
1393,18
1394,20
1395,19
1396,14
1397,17
1398,11
1399,18
1400,19
1401,17
1401,20
1404,2
1404,3
1405,17
1406,18
1406,19
1406,20
1407,15
1409,12
1411,7
1411,17
1411,18
1412,19
1413,20
1414,8
1417,18
1418,17
1419,13
1419,20
1420,4
1420,10
1420,16
1421,19
1422,18
1423,9
1424,17
1425,20
1426,19
1430,18
1431,19
1432,20
1435,17
1437,19
1439,18
1440,20
1441,17
1442,19
1446,18
1446,19
1449,17
1451,11
1451,19
1451,20
1452,5
1452,6
1453,18
1454,17
1456,20
1459,15
1459,18
1459,19
1462,17
1464,20
1466,17
1467,13
1467,19
1470,18
1471,17
1471,20
1475,14
1475,19
1475,20
1477,17
1479,1
1479,7
1479,18
1480,20
1481,19
1482,2
1485,17
1485,18
1486,20
1488,19
1491,20
1493,17
1493,18
1496,20
1498,19
1502,17
1502,18
1504,20
1505,4
1506,3
1506,16
1506,18
1507,15
1508,20
1510,17
1510,19
1511,18
1513,8
1514,17
1514,20
1518,17
1518,18
1519,19
1520,10
1521,12
1522,9
1522,17
1522,20
1523,11
1524,13
1525,18
1525,19
1526,17
1526,20
1530,18
1530,20
1532,17
1535,20
1536,18
1536,19
1537,5
1538,17
1539,18
1541,20
1544,18
1546,17
1546,19
1547,2
1548,14
1549,7
1549,18
1550,6
1550,15
1551,19
1551,20
1555,19
1556,17
1556,18
1557,1
1557,20
1559,13
1561,19
1561,20
1562,17
1563,18
1566,20
1568,19
1570,18
1571,20
1572,17
1573,12
1574,19
1577,17
1577,20
1579,18
1581,19
1582,17
1584,20
1586,18
1587,8
1590,17
1590,20
1591,3
1591,19
1592,4
1595,11
1595,13
1595,18
1597,17
1598,9
1598,10
1598,16
1600,19
1600,20
1601,18
1602,17
1604,12
1606,20
1607,18
1608,2
1608,17
1610,19
1612,15
1612,20
1613,18
1616,19
1617,17
1618,14
1619,7
1620,5
1621,18
1622,19
1623,20
1626,17
1627,6
1628,18
1629,19
1633,19
1634,20
1635,18
1638,19
1639,17
1642,20
1644,19
1645,18
1649,1
1651,20
1652,17
1653,18
1653,19
1654,13
1658,8
1659,11
1660,13
1660,18
1660,19
1662,17
1662,20
1663,4
1665,2
1666,7
1667,17
1667,18
1668,19
1669,9
1669,10
1670,20
1672,14
1672,16
1673,17
1673,18
1675,3
1677,17
1678,12
1678,18
1678,19
1678,20
1681,17
1683,19
1685,15
1685,18
1686,17
1688,19
1692,17
1693,19
1695,18
1696,20
1697,17
1697,19
1701,17
1702,20
1703,19
1706,18
1707,17
1709,20
1711,17
1711,19
1713,20
1715,18
1717,17
1717,19
1718,20
1719,13
1721,17
1721,18
1722,19
1725,20
1726,17
1726,19
1728,12
1729,18
1730,17
1731,6
1731,13
1731,19
1734,5
1734,20
1735,2
1735,17
1737,18
1737,19
1740,15
1741,8
1741,11
1741,17
1743,19
1744,20
1745,10
1745,17
1748,14
1748,17
1750,3
1750,9
1751,19
1751,20
1752,17
1752,18
1753,16
1755,12
1756,4
1756,17
1758,20
1759,18
1760,13
1760,19
1762,17
1766,1
1766,7
1766,18
1767,19
1768,20
1769,17
1773,19
1774,18
1776,17
1779,18
1780,19
1781,20
1782,17
1783,18
1787,18
1788,17
1790,19
1791,18
1793,17
1793,20
1796,18
1798,17
1798,19
1800,2
1803,17
1803,18
1804,6
1804,20
1805,15
1805,19
1809,17
1810,8
1810,18
1812,13
1812,17
1812,20
1817,17
1817,18
1817,19
1819,14
1821,17
1825,17
1825,18
1825,20
1828,10
1829,17
1829,19
1830,16
1831,18
1833,9
1833,17
1833,20
1834,11
1835,2
1836,18
1836,19
1839,17
1839,20
1842,12
1844,20
1845,18
1846,19
1847,5
1847,17
1848,7
1852,17
1852,18
1853,20
1854,13
1857,1
1857,18
1858,20
1859,15
1859,17
1859,19
1862,18
1865,19
1865,20
1866,17
1866,18
1867,4
1868,3
1870,18
1871,20
1872,6
1872,19
1873,17
1875,18
1876,8
1878,17
1879,20
1880,18
1883,19
1885,17
1886,18
1888,12
1890,17
1890,19
1890,20
1891,18
1893,13
1894,17
1897,18
1897,20
1898,17
1899,2
1900,14
1901,19
1904,10
1905,17
1905,18
1907,9
1907,20
1908,19
1911,17
1912,20
1913,16
1913,18
1916,13
1916,20
1917,11
1918,17
1918,19
1919,18
1921,20
1924,7
1924,19
1925,17
1926,18
1928,20
1929,19
1930,15
1931,17
1935,5
1935,18
1936,19
1936,20
1940,17
1943,18
1944,19
1945,2
1946,13
1946,20
1947,3
1948,1
1948,12
1948,17
1949,4
1949,8
1950,19
1951,18
1954,20
1955,6
1955,19
1956,17
1961,18
1961,19
1962,20
1965,17
1966,19
1972,20
1973,18
1975,14
1976,19
1978,18
1979,17
1984,19
1985,18
1986,20
1989,17
1990,15
1992,9
1992,18
1993,17
1995,19
1996,11
1997,13
1997,17
1998,10
1998,16
1999,18
1999,20
2000,12
2001,17
2003,19
2003,20
2004,18
2005,2
2006,17
2007,7
2009,20
2010,18
2010,19
2014,17
2015,18
2016,20
2020,18
2023,6
2023,17
2023,20
2024,18
2024,19
2025,1
2027,17
2029,5
2029,8
2030,18
2031,17
2032,20
2033,19
2035,14
2036,17
2036,18
2037,13
2038,20
2040,17
2041,3
2044,18
2044,19
2045,17
2046,20
2049,19
2051,18
2052,17
2055,19
2056,20
2060,17
2060,18
2061,4
2061,12
2061,20
2062,19
2064,9
2065,2
2066,18
2066,20
2067,7
2067,19
2068,17
2069,13
2071,15
2071,16
2072,11
2072,18
2073,19
2073,20
2075,17
2077,20
2078,18
2079,17
2080,19
2083,20
2084,17
2085,18
2085,19
2086,10
2089,8
2090,20
2091,17
2091,18
2091,19
2096,17
2096,18
2099,18
2099,20
2101,19
2103,17
2104,18
2108,12
2109,19
2110,18
2110,20
2113,17
2114,18
2114,20
2115,14
2116,6
2119,18
2119,20
2120,5
2120,19
2121,17
2124,15
2124,18
2126,17
2127,20
2128,13
2129,3
2130,18
2132,9
2133,1
2133,2
2133,17
2133,20
2134,19
2136,7
2136,18
2140,17
2141,16
2142,18
2142,20
2144,19
2147,17
2147,20
2149,19
2150,18
2152,20
2154,11
2154,18
2155,19
2156,10
2156,17
2156,20
2160,18
2160,20
2161,17
2163,20
2165,19
2166,17
2167,18
2167,20
2168,4
2171,20
2172,17
2172,18
2173,19
2175,13
2176,17
2176,20
2178,18
2180,20
2182,17
2183,19
2187,18
2187,20
2188,17
2190,14
2191,12
2192,19
2193,17
2193,20
2194,18
2196,5
2196,8
2196,13
2198,17
2199,7
2201,18
2201,19
2201,20
2202,2
2203,6
2203,15
2205,17
2208,16
2208,18
2208,20
2209,19
2210,1
2212,17
2212,20
2214,9
2215,18
2216,20
2218,17
2219,19
2223,17
2223,18
2224,20
2228,11
2228,20
2229,13
2229,17
2230,19
2231,18
2232,20
2235,3
2235,10
2235,17
2237,19
2237,20
2238,12
2241,15
2242,18
2243,17
2243,19
2243,20
2246,4
2247,17
2248,20
2250,18
2250,19
2252,20
2254,17
2257,20
2258,19
2260,17
2262,18
2265,17
2265,19
2265,20
2266,8
2266,14
2269,17
2272,5
2272,18
2272,19
2273,20
2274,17
2277,13
2278,2
2278,17
2279,19
2280,18
2282,6
2282,7
2282,20
2283,17
2286,9
2287,12
2288,20
2289,1
2289,17
2289,19
2290,18
2292,16
2293,20
2295,17
2298,19
2299,20
2300,11
2302,17
2304,18
2304,19
2306,20
2309,17
2311,15
2312,18
2313,13
2313,17
2313,19
2315,3
2315,20
2317,17
2318,18
2323,10
2323,17
2325,19
2327,18
2327,20
2328,17
2332,17
2332,20
2334,4
2335,19
2336,18
2337,17
2337,20
2338,13
2340,20
2341,17
2341,18
2341,19
2345,14
2345,20
2346,19
2347,17
2347,18
2348,8
2350,20
2351,19
2352,2
2353,5
2353,17
2353,18
2355,20
2356,7
2357,19
2359,6
2360,9
2360,18
2362,17
2363,19
2364,15
2364,20
2366,16
2366,18
2369,17
2370,20
2373,18
2373,19
2375,17
2377,20
2380,17
2381,18
2381,19
2383,17
2385,20
2386,18
2387,17
2389,19
2391,17
2392,18
2393,20
2396,13
2396,17
2397,19
2398,11
2398,18
2399,20
2401,10
2401,17
2401,19
2403,18
2404,2
2406,19
2407,18
2408,17
2408,20
2409,12
2412,3
2412,18
2412,19
2414,1
2415,17
2417,14
2417,18
2418,8
2419,4
2420,18
2421,20
2422,17
2422,19
2424,18
2425,5
2426,17
2430,15
2430,18
2431,17
2433,19
2433,20
2434,6
2434,18
2435,12
2436,17
2437,9
2438,18
2439,19
2442,7
2442,13
2442,17
2443,18
2443,20
2447,19
2448,18
2449,17
2454,18
2457,17
2457,19
2459,18
2459,20
2463,17
2465,18
2467,19
2467,20
2469,16
2470,17
2472,2
2472,18
2474,17
2474,20
2475,10
2476,19
2477,18
2479,17
2480,14
2482,18
2482,20
2485,17
2486,3
2487,11
2488,18
2490,8
2490,17
2490,20
2492,1
2493,19
2494,15
2494,18
2494,20
2496,17
2498,20
2499,13
2501,19
2502,7
2502,17
2502,18
2502,20
2505,9
2507,19
2507,20
2508,18
2510,17
2512,20
2516,17
2516,19
2516,20
2517,18
2522,17
2522,19
2522,20
2523,18
2527,20
2528,19
2530,18
2531,17
2532,4
2532,6
2533,12
2533,19
2534,5
2535,20
2536,13
2537,18
2538,2
2538,17
2538,19
2539,10
2542,15
2543,17
2543,18
2543,19
2545,20
2546,3
2546,12
2546,16
2548,19
2549,17
2552,19
2554,11
2554,17
2554,18
2556,19
2559,14
2559,17
2559,20
2560,18
2560,19
2562,8
2563,17
2564,19
2565,18
2565,20
2567,17
2570,17
2571,19
2573,13
2573,17
2573,20
2574,18
2576,19
2577,17
2580,7
2581,17
2581,18
2581,19
2581,20
2586,17
2587,19
2589,1
2589,18
2589,20
2590,13
2592,17
2593,19
2598,20
2600,9
2600,17
2600,18
2600,19
2602,2
2602,12
2602,20
2604,19
2606,18
2608,17
2609,20
2610,10
2612,15
2613,18
2613,19
2615,17
2616,20
2622,17
2622,18
2624,19
2624,20
2625,5
2627,3
2627,13
2628,11
2629,4
2629,6
2629,17
2631,19
2631,20
2632,14
2633,18
2635,13
2636,16
2636,17
2636,19
2637,8
2639,18
2640,20
2641,19
2643,17
2643,18
2646,19
2648,18
2650,17
2651,19
2652,7
2652,18
2654,17
2657,18
2657,20
2660,17
2660,19
2663,18
2666,17
2666,19
2670,2
2671,17
2672,18
2672,19
2674,20
2677,15
2677,17
2678,9
2679,6
2679,12
2679,20
2680,18
2681,19
2682,1
2683,17
2683,20
2685,18
2688,20
2689,17
2689,19
2690,10
2692,18
2692,20
2694,19
2695,17
2696,20
2699,13
2699,18
2700,19
2700,20
2701,17
2704,14
2705,11
2705,19
2706,18
2706,20
2708,17
2710,8
2710,19
2711,18
2712,4
2712,17
2712,20
2715,5
2715,19
2717,17
2717,18
2717,20
2721,17
2721,19
2723,13
2724,17
2724,18
2725,2
2725,20
2726,7
2728,17
2728,19
2729,16
2730,18
2731,20
2732,17
2733,19
2736,17
2737,3
2737,15
2738,9
2738,19
2739,18
2740,20
2742,17
2744,19
2745,20
2747,17
2750,17
2750,19
2751,18
2751,20
2754,17
2755,19
2755,20
2758,17
2758,18
2759,13
2760,19
2760,20
2763,17
2765,18
2765,20
2766,12
2766,19
2768,17
2770,20
2771,19
2772,11
2772,17
2773,2
2773,18
2775,20
2776,6
2776,10
2776,17
2777,19
2778,14
2779,8
2780,17
2780,18
2781,15
2783,19
2783,20
2784,18
2785,17
2788,7
2789,18
2789,19
2790,5
2790,17
2791,20
2795,18
2796,19
2796,20
2797,1
2797,17
2802,13
2802,17
2802,18
2803,20
2805,4
2805,19
2806,17
2809,18
2811,17
2811,20
2812,9
2813,19
2816,12
2816,17
2818,18
2818,19
2818,20
2819,16
2820,17
2823,18
2825,17
2826,20
2827,18
2829,17
2830,19
2830,20
2831,18
2835,17
2835,19
2836,18
2836,20
2839,15
2842,17
2842,19
2843,18
2843,20
2846,17
2848,14
2848,18
2848,20
2849,13
2849,19
2850,17
2853,2
2853,8
2853,19
2854,7
2855,18
2855,20
2856,17
2858,3
2858,19
2859,10
2859,11
2862,20
2863,6
2863,17
2863,18
2863,19
2867,19
2868,20
2871,13
2871,17
2872,19
2873,18
2873,20
2875,5
2878,19
2879,17
2880,20
2881,1
2881,12
2882,18
2882,19
2887,4
2887,17
2887,19
2887,20
2889,16
2889,18
2891,19
2894,17
2894,20
2895,9
2895,13
2895,18
2895,19
2901,19
2902,17
2902,20
2905,18
2906,19
2909,17
2910,19
2913,18
2914,2
2914,20
2915,13
2916,15
2916,19
2918,17
2918,18
2922,14
2922,18
2922,19
2924,17
2927,18
2929,8
2931,11
2931,17
2931,19
2932,18
2932,20
2935,17
2937,7
2937,18
2937,19
2939,17
2942,17
2942,18
2942,20
2943,19
2944,6
2947,17
2947,18
2948,12
2950,19
2950,20
2952,17
2953,1
2953,18
2955,19
2957,10
2957,17
2958,20
2960,2
2961,19
2962,17
2962,18
2964,15
2966,20
2967,3
2967,13
2968,19
2970,17
2971,18
2973,19
2975,17
2976,20
2978,5
2978,12
2978,18
2978,19
2982,17
2982,20
2984,19
2985,9
2987,8
2987,16
2987,18
2988,20
2989,17
2989,19
2991,11
2991,18
2994,4
2994,13
2994,15
2994,19
2995,17
2996,18
2998,20
2999,7
3000,14
3000,17
3001,18
3003,19
3007,17
3007,18
3008,20
3012,19
3013,18
3014,17
3018,20
3020,17
3022,18
3023,19
3024,17
3025,20
3028,17
3033,18
3033,19
3034,17
3034,20
3038,17
3039,18
3040,2
3040,6
3041,13
3042,17
3043,10
3045,17
3045,19
3046,20
3048,3
3048,18
3049,12
3049,17
3053,17
3053,18
3053,19
3055,1
3057,9
3057,17
3059,11
3060,8
3060,18
3061,20
3062,17
3062,19
3064,14
3064,15
3065,17
3065,18
3069,5
3069,17
3069,19
3071,18
3073,20
3074,17
3078,20
3079,17
3081,18
3082,19
3083,13
3084,17
3084,20
3087,18
3090,17
3091,20
3093,16
3093,18
3095,17
3095,19
3096,20
3098,18
3099,17
3103,17
3103,20
3104,7
3104,19
3108,17
3110,18
3111,15
3112,9
3112,17
3112,20
3114,6
3115,2
3115,17
3115,18
3115,19
3116,4
3118,18
3119,12
3119,17
3123,18
3123,20
3124,10
3124,17
3126,13
3126,19
3128,18
3130,17
3132,8
3132,20
3133,11
3134,18
3135,19
3136,14
3137,13
3137,17
3137,20
3140,5
3141,17
3142,18
3143,20
3145,17
3148,20
3149,17
3150,18
3151,19
3152,3
3153,20
3154,17
3158,20
3160,18
3161,17
3162,19
3163,20
3167,17
3168,1
3168,18
3168,20
3171,2
3172,13
3172,20
3174,16
3175,17
3176,18
3176,19
3177,20
3179,7
3179,15
3182,17
3182,20
3184,18
3186,20
3187,4
3188,17
3189,19
3192,20
3193,18
3194,9
3194,10
3195,12
3195,17
3196,19
3197,13
3197,20
3200,8
3201,11
3201,17
3202,18
3203,6
3203,20
3205,17
3207,14
3207,19
3209,17
3210,18
3210,20
3213,3
3214,17
3215,19
3216,20
3220,18
3221,17
3222,5
3222,19
3224,20
3225,15
3225,17
3230,17
3231,16
3231,19
3232,18
3234,20
3235,12
3236,17
3239,19
3240,18
3240,20
3241,17
3245,20
3247,13
3247,17
3249,18
3250,2
3250,19
3252,17
3252,20
3256,17
3257,18
3257,20
3258,19
3261,17
3263,18
3265,20
3267,18
3267,19
3270,20
3271,7
3272,17
3272,18
3273,19
3274,20
3275,1
3277,4
3278,9
3278,18
3279,17
3279,20
3281,19
3282,8
3282,18
3283,10
3284,20
3286,11
3287,17
3287,18
3287,20
3288,19
3289,14
3291,18
3291,20
3294,2
3294,17
3295,20
3296,15
3296,18
3299,19
3300,5
3300,18
3300,20
3303,6
3303,13
3304,20
3306,18
3308,17
3308,19
3309,20
3312,18
3313,19
3315,17
3317,20
3318,18
3318,19
3319,16
3321,13
3321,17
3323,18
3324,19
3324,20
3327,17
3330,18
3330,19
3332,12
3332,17
3332,20
3337,17
3337,18
3337,19
3343,17
3344,18
3344,20
3345,3
3345,9
3345,19
3349,14
3349,17
3349,18
3350,19
3351,2
3351,20
3352,7
3353,8
3353,11
3354,1
3354,19
3355,18
3356,17
3357,10
3358,15
3358,20
3359,18
3359,19
3364,12
3364,17
3365,13
3365,18
3366,19
3371,17
3371,18
3372,20
3375,18
3375,19
3379,18
3382,17
3383,19
3384,4
3384,20
3386,18
3388,19
3392,5
3392,19
3393,17
3393,18
3393,20
3397,6
3398,19
3399,17
3400,16
3400,18
3403,17
3403,19
3404,20
3406,18
3407,17
3408,11
3409,19
3410,20
3411,17
3411,18
3415,13
3415,19
3415,20
3419,17
3419,18
3420,15
3424,17
3426,2
3426,18
3426,19
3426,20
3430,17
3431,7
3432,19
3433,9
3434,17
3434,20
3435,18
3438,8
3438,17
3438,19
3439,10
3439,20
3441,12
3441,17
3442,14
3442,18
3442,19
3443,3
3443,20
3445,4
3445,17
3447,19
3447,20
3448,18
3449,17
3451,19
3452,20
3453,13
3455,17
3457,18
3457,19
3458,20
3462,13
3462,19
3463,1
3463,17
3464,15
3465,20
3466,18
3468,19
3469,17
3473,6
3474,17
3474,20
3475,19
3476,18
3479,17
3481,5
3481,19
3482,16
3482,18
3485,20
3486,17
3487,19
3488,18
3491,11
3493,17
3494,19
3496,20
3499,18
3500,7
3500,13
3501,17
3505,17
3505,18
3505,20
3506,8
3507,2
3507,19
3510,18
3511,15
3511,17
3511,20
3513,19
3514,3
3514,10
3515,18
3516,17
3517,20
3518,9
3520,12
3520,18
3520,19
3522,17
3523,20
3527,18
3527,19
3529,14
3530,17
3533,18
3535,12
3535,20
3536,17
3537,19
3538,4
3539,13
3539,18
3541,17
3544,18
3544,19
3547,6
3547,17
3548,18
3552,18
3552,20
3553,19
3554,17
3556,18
3559,17
3561,18
3561,19
3561,20
3566,18
3567,17
3568,1
3570,19
3571,18
3572,17
3573,2
3573,20
3576,11
3576,15
3576,18
3576,19
3577,14
3578,5
3578,17
3579,8
3579,20
3580,16
3581,19
3583,18
3584,17
3584,20
3585,7
3585,19
3589,17
3590,9
3590,12
3590,13
3590,19
3592,20
3594,19
3595,18
3596,10
3598,17
3598,20
3599,19
3602,13
3603,19
3605,17
3605,18
3607,19
3610,17
3610,20
3612,19
3615,17
3615,18
3620,19
3620,20
3621,17
3621,18
3625,15
3626,17
3626,20
3627,19
3631,3
3631,17
3631,18
3633,4
3633,12
3633,19
3633,20
3636,6
3636,18
3637,8
3638,1
3638,2
3639,17
3639,20
3640,19
3641,14
3642,18
3643,17
3645,20
3646,19
3647,11
3648,17
3648,18
3650,20
3651,19
3654,17
3654,20
3655,18
3658,13
3659,19
3659,20
3660,17
3664,20
3665,18
3666,17
3666,19
3668,7
3669,10
3670,16
3671,20
3672,5
3672,9
3672,17
3673,18
3673,19
3675,20
3678,2
3680,17
3680,18
3682,19
3682,20
3684,18
3687,19
3689,17
3689,20
3690,15
3690,18
3693,19
3695,18
3698,19
3699,20
3700,17
3702,18
3705,19
3706,18
3708,13
3708,17
3709,20
3710,18
3712,1
3713,19
3715,17
3715,18
3717,14
3717,20
3720,8
3720,19
3721,18
3722,17
3723,20
3726,4
3726,18
3727,19
3729,3
3729,6
3730,17
3731,20
3732,19
3734,18
3736,17
3737,19
3738,9
3738,11
3740,18
3741,17
3741,20
3742,12
3742,19
3743,7
3744,15
3744,18
3746,2
3747,17
3747,19
3748,13
3749,20
3750,18
3752,19
3754,17
3755,10
3755,16
3756,18
3756,20
3758,19
3760,17
3764,19
3764,20
3765,17
3765,18
3769,18
3770,13
3770,17
3772,19
3772,20
3775,18
3777,19
3778,17
3781,20
3782,18
3782,19
3784,12
3786,17
3786,20
3787,18
3787,19
3791,18
3792,19
3793,5
3793,17
3793,20
3795,18
3797,20
3799,18
3800,19
3801,20
3802,17
3803,1
3805,18
3806,20
3807,8
3807,15
3809,14
3809,17
3810,9
3810,19
3811,18
3811,20
3814,2
3814,11
3815,17
3815,19
3817,6
3817,20
3819,18
3823,17
3823,20
3825,13
3825,19
3826,3
3828,4
3829,7
3830,13
3830,18
3830,19
3832,20
3833,12
3833,17
3836,19
3837,16
3837,18
3838,10
3842,17
3842,20
3843,18
3843,19
3849,18
3851,20
3852,17
3853,18
3853,19
3856,20
3857,18
3860,19
3861,17
3861,20
3863,18
3866,11
3867,20
3868,15
3870,17
3870,19
3871,18
3873,5
3874,17
3874,20
3876,2
3876,19
3878,17
3880,18
3881,19
3884,17
3884,18
3886,6
3887,13
3888,9
3888,14
3888,20
3889,19
3890,18
3892,17
3892,20
3893,3
3894,7
3894,8
3895,19
3896,18
3896,20
3898,17
3901,19
3901,20
3902,1
3904,4
3904,18
3905,17
3905,19
3907,20
3910,17
3910,18
3910,19
3911,20
3915,17
3915,19
3917,18
3917,20
3920,17
3921,18
3922,20
3925,16
3925,19
3926,17
3927,18
3929,20
3930,10
3931,18
3933,17
3935,12
3935,15
3936,19
3937,18
3939,20
3940,17
3943,18
3945,13
3946,2
3946,11
3946,17
3946,20
3948,19
3949,18
3952,17
3953,18
3954,20
3956,17
3958,18
3958,19
3961,17
3963,18
3965,7
3965,17
3965,19
3966,20
3967,3
3967,18
3968,17
3969,9
3971,17
3971,18
3973,8
3973,20
3974,19
3975,17
3976,18
3979,5
3979,14
3979,17
3981,12
3981,19
3982,18
3982,20
3983,6
3984,13
3984,17
3986,1
3986,19
3987,17
3987,18
3988,2
3989,15
3991,17
3992,18
3992,20
3993,4
3994,19
3995,17
3996,13
3997,18
3998,20
3999,11
3999,17
4001,16
4001,19
4003,17
4003,18
4003,20
4007,20
4009,17
4011,18
4011,20
4013,17
4015,19
4015,20
4018,17
4020,18
4020,20
4023,13
4024,17
4024,19
4025,20
4027,18
4028,17
4029,10
4030,19
4031,20
4033,17
4035,8
4035,12
4035,14
4035,18
4035,19
4038,7
4038,20
4040,19
4041,17
4042,5
4044,2
4044,18
4045,9
4046,17
4046,19
4048,6
4049,18
4050,20
4052,15
4053,17
4054,19
4058,18
4060,17
4061,19
4061,20
4063,13
4066,17
4066,19
4068,18
4069,20
4070,19
4073,17
4075,19
4075,20
4077,18
4079,19
4080,1
4082,17
4084,19
4085,20
4086,18
4089,17
4090,19
4090,20
4093,18
4094,17
4094,20
4096,19
4097,7
4097,12
4097,18
4099,13
4099,17
4099,20
4100,8
4100,11
4102,18
4102,19
4103,3
4103,4
4103,17
4103,20
4104,14
4104,16
4106,18
4107,17
4107,20
4109,15
4110,9
4110,19
4111,18
4112,17
4114,19
4116,18
4116,20
4118,19
4119,17
4122,18
4123,10
4123,19
4124,2
4126,18
4127,17
4128,20
4129,6
4129,19
4131,18
4133,5
4134,17
4134,19
4135,20
4136,18
4141,17
4141,20
4143,18
4143,19
4145,1
4146,20
4148,17
4149,19
4151,20
4152,18
4154,19
4155,15
4156,17
4156,20
4158,13
4159,18
4161,19
4163,20
4165,17
4166,19
4167,11
4167,18
4168,12
4169,20
4170,17
4170,19
4171,13
4172,18
4173,20
4176,7
4177,14
4177,19
4178,2
4178,20
4179,16
4179,17
4180,18
4181,20
4182,8
4184,4
4184,9
4184,17
4184,19
4185,20
4188,18
4189,10
4189,17
4190,20
4191,19
4194,17
4194,18
4198,17
4198,20
4199,13
4199,18
4201,19
4203,17
4204,20
4205,3
4205,18
4207,17
4210,6
4210,17
4210,18
4211,19
4213,17
4213,20
4215,18
4216,17
4220,17
4220,18
4220,20
4221,19
4223,12
4225,17
4225,18
4228,19
4230,17
4230,20
4231,5
4232,18
4233,1
4234,17
4235,2
4235,20
4237,19
4238,7
4238,18
4239,11
4239,14
4239,17
4241,15
4242,20
4243,17
4244,18
4245,19
4248,13
4248,18
4248,20
4250,17
4252,18
4253,19
4255,20
4257,8
4258,17
4258,18
4262,20
4263,13
4263,19
4265,18
4268,17
4268,19
4269,20
4272,18
4275,9
4275,10
4275,19
4277,12
4277,15
4277,20
4279,4
4279,16
4279,18
4280,2
4280,17
4281,19
4283,18
4283,20
4284,17
4288,20
4289,17
4291,19
4292,18
4292,20
4294,13
4296,17
4298,18
4299,20
4301,19
4303,17
4304,6
4304,11
4304,18
4304,20
4308,19
4309,20
4310,17
4311,1
4313,18
4314,17
4315,20
4316,12
4318,17
4318,19
4319,8
4320,3
4321,18
4323,17
4324,20
4325,15
4325,19
4326,14
4327,5
4328,7
4328,17
4328,18
4332,17
4332,19
4335,18
4336,17
4338,20
4339,17
4342,19
4343,17
4344,13
4345,20
4346,17
4346,18
4350,17
4350,19
4351,18
4351,20
4353,17
4356,17
4358,18
4359,19
4359,20
4360,17
4363,18
4366,17
4367,10
4368,9
4370,17
4370,18
4371,2
4371,16
4371,19
4371,20
4374,15
4374,17
4374,18
4378,8
4378,11
4379,18
4380,20
4381,17
4382,19
4386,6
4386,17
4387,18
4388,19
4390,3
4390,17
4391,4
4392,18
4393,19
4395,7
4395,13
4396,1
4396,5
4396,17
4398,18
4398,19
4398,20
4400,14
4401,12
4401,17
4403,19
4404,18
4406,17
4407,13
4408,19
4409,20
4410,18
4413,19
4413,20
4415,17
4415,18
4417,19
4419,17
4419,20
4420,18
4421,19
4424,17
4426,19
4426,20
4427,18
4428,9
4428,17
4430,2
4430,19
4431,17
4432,20
4434,17
4435,18
4435,19
4436,15
4437,16
4438,17
4438,20
4439,19
4440,18
4441,10
4443,11
4443,17
4445,18
4445,19
4446,20
4447,17
4449,18
4451,17
4451,19
4453,12
4454,20
4455,7
4455,18
4456,17
4456,19
4459,18
4461,17
4461,19
4462,13
4463,8
4463,18
4464,3
4465,6
4467,17
4468,14
4468,18
4468,19
4471,17
4472,5
4473,18
4474,20
4476,17
4476,19
4478,18
4481,17
4481,20
4483,18
4485,17
4485,19
4488,20
4490,17
4490,18
4494,18
4495,19
4495,20
4496,17
4497,15
4500,18
4501,1
4503,19
4504,4
4504,17
4504,18
4505,20
4507,18
4512,18
4513,2
4514,9
4514,17
4515,12
4515,19
4516,13
4517,18
4517,20
4518,16
4521,17
4522,18
4522,19
4524,7
4527,18
4530,11
4530,17
4530,20
4531,18
4532,19
4535,18
4537,6
4537,8
4537,17
4538,20
4540,18
4541,17
4544,10
4544,19
4546,15
4546,17
4546,20
4547,18
4550,19
4551,17
4552,18
4553,3
4555,17
4557,19
4557,20
4558,13
4558,18
4561,17
4565,18
4565,19
4566,20
4567,17
4569,14
4570,1
4572,19
4573,17
4573,20
4574,18
4575,12
4577,5
4578,2
4578,18
4579,17
4580,19
4582,18
4586,18
4586,20
4588,17
4590,9
4590,18
4590,19
4591,20
4593,17
4594,18
4594,19
4598,18
4599,17
4599,19
4599,20
4603,18
4604,4
4605,7
4605,17
4608,11
4608,13
4608,15
4608,16
4609,18
4609,19
4609,20
4611,17
4614,6
4614,19
4615,18
4616,17
4618,8
4620,12
4621,18
4621,19
4622,17
4623,20
4626,10
4628,14
4628,17
4628,18
4628,20
4631,19
4633,20
4634,3
4635,2
4636,17
4637,18
4639,13
4639,19
4639,20
4642,17
4644,18
4645,19
4645,20
4646,17
4649,9
4650,18
4651,17
4651,19
4653,20
4657,18
4658,17
4658,19
4662,17
4664,18
4665,20
4668,17
4668,19
4669,15
4670,13
4672,18
4673,17
4674,5
4676,19
4678,7
4678,17
4679,20
4681,18
4681,19
4683,17
4685,2
4687,17
4687,19
4688,8
4688,16
4688,18
4690,20
4691,17
4693,6
4693,11
4694,19
4696,17
4698,20
4699,18
4701,14
4703,17
4704,1
4704,19
4706,12
4706,18
4707,17
4708,3
4709,20
4710,18
4711,17
4711,19
4715,19
4716,13
4716,17
4717,18
4719,4
4720,19
4722,17
4722,18
4724,20
4727,9
4727,17
4728,19
4729,18
4732,17
4733,20
4737,17
4737,18
4738,19
4740,20
4741,15
4741,17
4744,18
4745,17
4745,19
4749,10
4749,17
4751,20
4752,7
4752,18
4752,19
4753,12
4754,17
4756,2
4757,18
4757,19
4758,17
4759,8
4762,18
4763,17
4763,19
4763,20
4767,14
4767,18
4769,5
4769,11
4769,17
4770,6
4771,19
4771,20
4773,18
4775,17
4779,20
4780,13
4780,18
4783,15
4783,19
4784,17
4784,18
4788,17
4789,18
4789,20
4792,1
4792,3
4794,17
4794,19
4795,16
4795,18
4797,4
4798,17
4801,12
4801,20
4802,18
4802,19
4803,9
4804,17
4806,20
4808,8
4808,18
4808,19
4810,17
4811,2
4813,20
4814,10
4815,18
4815,19
4817,20
4818,17
4820,12
4821,18
4822,20
4823,13
4824,17
4824,19
4828,20
4829,17
4829,18
4831,19
4833,20
4836,17
4838,18
4840,19
4840,20
4842,13
4845,7
4845,11
4846,17
4846,18
4846,20
4849,19
4852,6
4852,15
4853,17
4853,20
4854,14
4856,18
4857,5
4857,19
4858,13
4859,2
4859,17
4860,20
4863,18
4865,17
4865,19
4866,20
4870,18
4871,20
4873,17
4874,16
4875,18
4876,3
4876,19
4878,20
4882,19
4883,18
4884,17
4887,12
4887,20
4888,17
4888,19
4890,8
4890,18
4891,1
4891,9
4893,13
4893,19
4894,17
4895,4
4897,19
4898,10
4898,15
4898,18
4898,20
4900,17
4903,19
4904,20
4905,11
4907,17
4907,19
4908,18
4911,12
4912,19
4913,7
4913,20
4915,18
4916,17
4917,2
4918,19
4920,18
4921,20
4923,19
4925,17
4926,6
4926,18
4928,19
4928,20
4929,13
4931,14
4931,17
4932,18
4933,20
4934,19
4938,17
4938,18
4938,20
4940,19
4942,13
4945,17
4945,18
4945,20
4946,19
4949,15
4953,17
4953,20
4954,13
4955,5
4955,18
4956,1
4956,16
4956,19
4960,17
4961,20
4964,7
4964,18
4965,17
4966,19
4968,20
4970,9
4970,17
4971,18
4972,20
4973,10
4973,19
4974,8
4974,17
4977,2
4977,20
4979,17
4979,18
4981,19
4981,20
4984,17
4984,20
4987,4
4988,20
4989,17
4990,18
4990,19
4992,12
4992,20
4994,17
4995,13
4996,20
4998,17
4998,19
5000,11
5000,20
