NaN,0.00048259767585751,2.52346828871208e-05,0.000386268284063906,0.00378975853715763,0.00490651991689234,0.000211025589615443,0.00152261712481633,0.000139460872911112,0.000879074741495622,0.000238976112797273,0.00192998274542483,0.00039455274927791,0.000311004420888494,0.000518627224275148,0.000775493422478124,0.0103791878488744,0.000369400887851201,9.64496050042118e-05,8.80653923522323e-05
0.000619425270867946,NaN,0.000349467624377098,0.000675373966188775,0.00688468836981526,0.00035314866539593,0.00124950351051833,0.00140780844634253,0.00371662762507069,0.00519105495007671,0.000715912653649842,0.00329733710300789,0.000166193578211016,0.000437179530769938,0.000377938105360187,0.000728566849986345,0.000186480674854661,0.000459939243924956,0.000437455871379666,0.000883368864573575
3.24351800938816e-05,0.00136508893669801,NaN,0.0006568985438824,0.000591790826090455,0.000276423124185576,0.000805468371527451,0.00047767666463433,0.000205218079315228,0.000390457220667717,0.000273000853542538,0.000519411876498677,0.000472414764511375,0.00365308784428692,0.00374558987857326,0.000124326565553223,0.00135434925255534,0.000525267320910849,0.0151822288564797,0.0084373228789803
0.00149657134972653,0.000395047856819819,0.00696339258122902,NaN,0.000227787215284603,6.69561406642094e-05,0.000342141431093068,0.00351032636906157,0.000150649820010895,0.000450342412989302,0.000986804807787456,0.000608927025131156,0.000705219927336409,0.000517808660841557,0.000290773014119672,0.000142079833182485,0.0175640334946818,0.000214427609376955,0.00099592208896937,0.000664837482103442
4.18605134529515e-05,0.000405104676928392,0.000400977374776068,0.000138323422700704,NaN,0.00579601125705448,0.000304935406249374,0.000787461258700772,0.000968947646479257,0.00036872319349518,0.000890326122399809,0.000166770850389353,0.000168494382316309,0.00629977476223259,0.00347885511104629,0.000747891829102121,0.0172331851774747,0.000963228819398865,0.000448507855424551,0.000351472545132792
0.000280056767820447,0.00479442934736235,0.00265987105596255,0.00187056349811504,0.00348589884087125,NaN,0.000328383990749415,0.00070047795128142,0.000655897590263688,0.000510286487318767,0.00520606178856731,0.000137175464614891,0.000615726635546543,0.000698197137307788,9.08231640895374e-05,0.000104633183021008,0.00134425512586817,0.000303979498832929,0.00042210251384156,0.0130385177899602
0.000275560777317219,0.00369692636388402,9.33312913932172e-05,0.000883814250578652,0.00183354527089419,0.000722366289188647,NaN,0.00213142568821229,0.00145837053779335,0.000189547331461482,0.000357880230896723,0.00118509627397911,0.00196665556382897,0.000791485829076621,0.000498043936216275,0.000465623047478492,0.000439802937323375,0.00126503461757727,0.000118828647651725,0.000755598793795165
0.00164597565986496,0.000918764448643472,0.00144161467957044,4.41334290570694e-05,0.000523233454308714,0.000306482537391295,0.000435245402338524,NaN,0.00217727140764029,0.00047873985038005,0.00232880978641398,0.00279948348734316,0.000277916637129505,0.00657670546377997,0.000356538883722057,0.000398046277640174,0.000500288989644992,0.00052676879186625,0.000182800125351157,0.000933735642725031
8.76430150842378e-05,0.00178851181725365,9.90113233213519e-05,0.00269102474468175,0.000360039141962309,0.000983546061530172,0.0082677615743274,0.000167631196515305,NaN,0.00442062569190171,0.00110014885880244,0.000160954074081399,0.000513435303501897,0.000566090174588751,0.00133431199444195,0.00102850798572779,0.00010096936460674,0.000149133939314872,0.00171728332008159,0.00105580473192074
0.000609386397414646,0.0055928237961464,0.000563932400193423,0.00356970620805552,0.000730364492810331,0.000550450376211264,9.19306435798184e-05,0.00423099190688225,0.00132149507110518,NaN,0.00209154704136844,0.000274485733799734,0.000561372622066569,0.000624361015439168,0.000459373455033885,0.00166420328978978,0.000512817785070452,0.00898409630287594,0.000277607358020127,0.000710920927656788
0.000415359253026437,8.87254032394535e-05,0.00187632557733447,0.00045237775719803,0.000816214158444351,0.000976028303727505,0.00124128326432926,0.00135179854608314,0.00140156902790861,0.000372543187901309,NaN,0.000421005427134413,0.00631483049846165,0.000905534821901088,0.000673471136733383,0.00265628441206434,0.00088163196475588,0.00223688688732593,0.00043259185747202,0.0006029992800623
4.45743715636326e-05,0.000420409165788727,0.000616177980428345,0.000240172323524579,4.53824364206046e-05,0.0009057227825916,5.01971471210672e-05,0.00028722881833626,0.00309323301295605,0.0044653256748225,0.000448876781369068,NaN,0.000702937686580363,0.000891901974367393,0.000630175459463755,0.00114493107683789,0.00153154022621538,0.00873413265607909,0.000405482942107682,0.0093160305808519
0.000218924388297903,0.000731870183481809,0.000361670333410946,0.00169379048737506,0.000699822379453652,0.000854772450967156,0.000283904186626049,0.000254686631752321,0.000888297725879117,0.0011420542109366,0.00152421401815594,0.00417882148064264,NaN,0.000673180623817826,1.47127452163054e-05,0.000246818563830076,0.000577877244375635,0.00481734080152413,0.000291450161723494,0.000184968545444808
0.00180671361682938,0.0046268618912243,0.000432910416507171,0.00156801630026598,9.82741299931922e-05,0.00133504994586015,0.00176292724839539,0.0032003951875072,0.000772031887832758,0.0010887762922917,0.00245936140528441,0.000931703474597867,0.00158630982359675,NaN,0.000500246532081083,0.000639822518264721,0.00113792597231432,0.000813475989680734,0.00111400220715235,0.00148870916650917
0.000431066706567784,0.00516228803997976,0.000190734296351636,0.000572224864157034,0.000789080710946299,0.000439827960517392,0.000841165838022184,0.000541610219567612,0.000328531928275255,0.00225137855249657,9.58857744415287e-05,0.000198277834953853,0.00102021547328046,0.00174391308450483,NaN,0.000292939000616443,0.000739339298533537,0.000645250974579792,0.000266965409164377,0.000193066534096675
0.000849522829128091,0.0030534227349176,0.000161467460688292,0.00324086153861997,0.00185860517756975,0.000181941456846302,0.00267402958368934,0.000291393950886065,0.0083971562650148,0.00339103431510379,0.000234555530505665,0.00123911693403522,0.00148823113055091,0.000878912462012105,0.000252251523771507,NaN,0.00077125108213244,0.0236961854858222,0.0112596438658373,0.000421809878809132
0.000244911523444302,0.000113311471183125,0.000260895252329418,0.000398255351847371,0.00072063360426472,0.000330336125000441,0.000503817905785686,0.00074626102723363,1.06861903488853e-05,0.00033565171171912,0.00211721138839924,0.00055322613558817,0.000357479860540105,0.000962985261709515,0.000469600986776758,0.00111897247491505,NaN,0.00105310499129332,0.000428541787631048,0.00113653464612232
0.000248431428065521,0.00251629414270885,0.00109070240532741,0.00205599933531361,0.00113819856200831,0.00152575234795646,1.54697724308595e-05,0.000432324441247522,0.000292293260136495,0.000814672756885487,0.000257856058088202,0.00199988921809471,0.000295160697012881,0.000240037670611593,0.000340861920961638,0.00129083217638284,0.000405101580469136,NaN,0.000197416609742845,0.000544585457375485
0.00200478831535308,0.00132302651926752,0.000511028657450396,0.000736804036003513,0.000596472757321276,0.000531508573388378,0.000147820124834552,1.91054573697169e-05,0.00230550842352054,0.000311796368538675,0.00162085045218893,0.00136955201232652,0.000270637797361833,0.00103801298694001,0.000454457573265815,0.00141323855114803,0.000288114693486885,0.000913644477517406,NaN,0.000614433075371762
0.000171624196510511,0.00081521790565553,0.000556914892558186,0.000468333855969144,0.00016993106860641,0.000740697745637175,0.000437612128166176,0.00158047011021697,0.000511203039756852,0.000478657721238729,0.00306317266146483,0.00329912899261164,0.000904557185031823,0.000616744442909822,0.000602367743491788,0.000339723728274122,0.000316633535321825,0.000151817420893069,0.00255654837968966,NaN
