8,13
8,16
9,15
10,7
10,9
10,14
10,17
11,1
11,5
12,3
12,4
12,6
12,10
12,11
12,12
12,18
12,19
13,2
13,8
13,20
14,17
16,14
16,18
17,19
19,17
20,18
20,20
25,19
27,17
28,18
32,17
37,18
38,17
38,19
38,20
43,18
48,19
49,17
50,18
51,20
57,17
59,18
62,19
63,17
67,20
69,17
69,18
73,17
74,18
75,2
75,19
76,1
77,20
79,3
79,12
79,17
79,18
80,7
80,8
81,9
83,5
83,6
83,18
83,19
84,4
84,11
84,17
87,14
87,15
87,20
89,16
90,17
90,18
94,10
96,19
96,20
97,17
97,18
107,18
108,17
110,20
112,19
113,13
113,17
117,20
120,17
120,19
121,12
122,18
128,20
130,19
131,17
131,18
140,1
143,17
143,20
145,9
145,18
145,19
146,8
146,11
147,3
150,14
151,7
151,18
152,4
152,5
152,16
152,17
153,19
154,2
155,15
157,18
158,20
163,18
163,19
164,14
168,17
169,20
170,18
173,6
175,18
177,10
178,19
180,18
182,20
187,17
187,18
192,18
195,19
197,18
198,20
199,17
201,18
206,18
209,17
211,18
214,4
214,8
214,19
215,20
216,18
217,17
218,2
219,9
219,11
221,18
222,12
223,17
224,7
226,14
227,5
227,18
229,19
230,13
230,20
232,16
236,17
237,3
237,18
237,19
239,1
241,15
242,18
245,19
247,18
249,20
252,18
253,17
257,18
259,6
261,14
261,17
262,20
263,18
266,17
266,19
267,10
270,4
271,17
271,18
272,20
273,19
279,18
283,19
284,17
285,20
289,2
289,18
292,17
294,12
294,18
296,8
297,14
298,19
299,7
299,18
300,20
301,17
306,18
307,5
308,19
308,20
310,9
313,17
313,18
315,15
318,11
318,19
320,18
323,17
326,3
327,1
327,20
328,18
328,19
329,16
331,13
333,17
335,19
337,6
337,18
341,20
344,17
344,18
346,4
351,19
351,20
354,17
354,18
355,12
358,2
359,19
361,18
361,20
362,10
366,17
367,14
368,20
370,8
370,18
371,17
372,7
374,5
375,20
376,18
376,19
377,17
379,15
382,18
383,17
383,20
387,18
387,19
393,16
393,17
393,18
400,17
402,3
402,11
402,18
403,20
406,19
410,9
412,18
414,20
415,2
415,14
415,17
418,18
418,19
422,13
423,1
423,10
424,17
425,18
427,19
428,12
429,6
431,20
433,18
434,7
435,4
436,14
441,17
442,15
442,18
443,20
445,8
446,19
447,5
450,18
450,20
453,1
457,18
457,19
459,17
464,18
468,17
469,18
470,9
474,2
474,18
476,11
476,19
477,17
478,3
478,16
478,18
483,14
483,17
483,18
483,20
487,17
487,18
489,19
493,17
494,18
496,12
498,18
498,19
501,17
502,18
504,20
507,7
508,6
508,19
509,17
509,18
513,10
514,4
516,3
517,17
517,18
518,13
519,19
519,20
520,5
521,11
521,15
524,17
524,18
525,1
525,12
529,20
530,8
535,18
537,17
537,19
538,2
538,14
538,20
541,18
548,16
548,18
550,17
557,9
557,18
560,17
564,20
565,18
567,17
569,6
574,18
574,20
575,4
575,14
576,19
577,17
578,18
583,18
588,7
588,12
588,17
589,18
594,17
594,19
595,18
601,5
602,18
604,17
604,20
605,11
606,8
608,15
609,1
610,18
612,3
612,13
612,17
612,20
613,14
613,19
615,18
617,20
618,2
619,10
620,18
621,17
624,9
625,18
626,16
628,17
631,18
631,20
638,17
640,18
641,20
642,19
644,17
647,18
649,20
652,12
654,17
655,18
658,4
658,17
660,7
660,18
660,20
663,17
663,19
664,6
665,18
668,17
669,1
671,18
672,2
673,8
674,17
674,20
676,14
676,18
676,19
680,5
680,17
681,18
684,19
685,17
686,11
688,18
690,3
690,17
693,20
694,19
695,18
696,16
696,17
698,15
699,20
701,14
701,17
702,18
706,20
707,13
708,17
711,19
717,10
717,18
718,20
719,17
722,19
725,18
726,17
730,17
732,12
733,6
734,18
736,17
737,1
738,4
738,9
738,19
740,2
740,11
740,20
741,7
741,17
742,18
744,14
747,17
749,8
749,20
750,18
751,17
752,5
752,19
758,17
758,20
760,18
762,19
768,17
770,18
772,3
775,17
778,18
779,15
780,19
783,14
786,17
786,18
787,20
797,18
798,17
798,19
799,20
801,13
802,18
804,17
805,9
808,16
808,18
809,4
809,12
809,17
812,19
815,18
816,2
816,20
818,17
822,18
823,5
823,14
824,11
825,1
826,6
826,10
826,17
827,19
828,7
828,8
828,20
829,18
832,3
833,17
837,18
839,17
842,19
845,20
848,18
851,17
857,18
858,17
860,9
862,18
866,17
868,12
868,18
868,19
868,20
875,15
876,19
877,18
880,8
880,16
882,17
883,14
883,18
884,4
886,20
888,17
888,19
891,2
893,17
894,18
895,6
897,5
899,18
900,20
902,3
902,17
902,19
903,18
904,7
905,1
907,10
908,17
908,18
910,11
911,19
915,17
915,18
916,20
922,13
924,17
925,18
929,19
930,9
931,20
933,2
933,12
933,17
934,18
937,14
941,17
942,19
943,20
944,16
944,18
947,17
951,15
951,18
955,4
955,17
955,19
957,18
964,20
966,18
967,17
970,5
973,19
975,20
977,17
979,7
979,18
982,8
984,3
984,6
984,17
984,18
984,20
986,14
986,19
988,1
988,2
988,18
991,17
993,9
993,20
996,11
996,17
996,18
997,12
998,14
999,19
1001,17
1003,18
1003,20
1008,17
1012,19
1013,18
1014,20
1016,10
1016,17
1020,18
1022,17
1024,13
1031,18
1031,19
1032,17
1038,20
1041,19
1043,17
1044,20
1045,2
1045,15
1045,18
1047,16
1047,19
1049,3
1049,14
1051,8
1051,18
1052,7
1052,17
1053,20
1054,4
1055,1
1055,5
1055,19
1058,12
1059,6
1060,11
1060,18
1061,19
1062,20
1064,9
1064,17
1066,18
1075,19
1077,20
1078,10
1081,17
1083,18
1088,14
1092,17
1092,18
1092,20
1094,19
1095,16
1100,18
1103,17
1105,18
1108,19
1111,17
1111,18
1114,20
1115,18
1117,17
1119,18
1121,17
1124,18
1125,17
1128,19
1131,17
1132,18
1133,8
1133,15
1136,18
1137,2
1137,3
1137,7
1138,5
1138,17
1138,20
1139,1
1139,14
1140,4
1140,18
1140,19
1143,11
1143,17
1144,9
1144,12
1146,6
1146,16
1146,18
1147,17
1147,20
1151,13
1152,19
1153,17
1153,18
1158,17
1160,2
1160,18
1163,10
1163,17
1166,14
1166,20
1168,18
1169,17
1173,18
1176,17
1179,18
1184,17
1184,18
1189,18
1189,20
1198,17
1198,18
1200,19
1201,8
1204,20
1206,18
1207,19
1212,18
1214,17
1220,18
1223,3
1225,19
1226,1
1226,4
1226,14
1226,17
1227,9
1227,18
1228,5
1228,7
1228,15
1229,6
1229,16
1230,17
1230,20
1231,2
1231,11
1232,12
1232,19
1233,18
1234,10
1235,13
1237,14
1237,17
1241,20
1242,18
1245,17
1253,19
1254,17
1262,17
1264,18
1268,20
1271,17
1272,18
1275,8
1279,18
1279,19
1280,20
1281,17
1288,1
1289,12
1289,17
1290,2
1290,19
1292,7
1293,3
1293,16
1293,18
1296,11
1296,17
1297,5
1298,13
1298,15
1299,4
1300,20
1301,14
1301,18
1302,19
1303,17
1309,18
1310,6
1310,17
1314,18
1315,20
1316,17
1317,19
1319,18
1324,20
1325,18
1327,9
1330,17
1332,18
1334,20
1340,10
1340,17
1340,20
1343,18
1343,19
1344,12
1346,17
1348,18
1350,20
1353,18
1354,17
1356,19
1359,18
1362,2
1363,7
1363,17
1364,8
1365,18
1367,20
1368,3
1368,14
1369,11
1370,4
1370,5
1370,17
1371,19
1372,1
1372,18
1373,16
1374,6
1374,15
1374,20
1376,9
1377,18
1379,17
1381,13
1387,14
1387,19
1389,17
1390,18
1390,20
1399,18
1405,17
1407,19
1412,20
1413,12
1413,18
1418,17
1425,19
1427,7
1430,18
1430,20
1431,2
1431,10
1432,17
1435,14
1435,18
1438,11
1439,6
1440,18
1441,19
1443,3
1443,17
1444,1
1444,16
1444,20
1447,18
1449,17
1450,4
1453,19
1455,9
1455,12
1455,17
1455,18
1458,5
1459,20
1461,17
1462,8
1462,15
1463,19
1464,18
1467,17
1468,13
1468,20
1471,18
1472,17
1480,17
1480,18
1481,19
1489,14
1489,18
1490,17
1491,20
1497,19
1498,2
1498,17
1498,18
1504,7
1507,20
1512,10
1513,5
1513,6
1514,4
1514,17
1515,18
1516,11
1516,16
1517,1
1518,19
1520,3
1520,9
1521,20
1522,12
1523,18
1526,14
1527,17
1528,8
1528,18
1530,19
1533,15
1533,18
1533,20
1537,18
1538,17
1544,18
1550,17
1551,18
1557,19
1557,20
1559,18
1566,2
1566,18
1570,13
1571,17
1572,16
1573,14
1573,19
1574,18
1576,6
1577,17
1577,20
1579,7
1581,4
1582,18
1583,17
1584,10
1587,19
1587,20
1591,18
1594,17
1596,9
1598,20
1601,12
1601,18
1602,5
1603,17
1605,1
1607,18
1607,19
1609,3
1610,11
1610,15
1613,18
1613,20
1614,14
1615,8
1616,17
1618,18
1619,20
1620,7
1622,19
1624,17
1624,18
1632,18
1636,17
1637,18
1644,18
1647,17
1647,19
1648,4
1650,2
1651,18
1655,16
1658,18
1658,20
1659,10
1659,13
1660,17
1661,6
1663,5
1663,19
1665,18
1666,14
1667,15
1670,17
1671,18
1671,20
1673,19
1677,18
1680,20
1681,17
1683,12
1684,9
1685,1
1685,18
1685,19
1690,17
1691,8
1691,11
1691,18
1694,3
1695,18
1697,17
1700,7
1701,14
1702,18
1704,17
1704,20
1708,18
1708,19
1713,2
1715,4
1715,18
1717,17
1720,18
1720,19
1725,18
1730,17
1730,18
1734,19
1734,20
1736,18
1737,17
1744,17
1744,19
1745,18
1748,20
1750,5
1751,17
1753,20
1754,12
1754,16
1756,18
1757,17
1757,19
1758,13
1759,11
1760,15
1761,6
1762,9
1763,1
1763,18
1764,3
1764,14
1764,17
1764,19
1765,10
1766,8
1768,18
1769,2
1769,7
1769,20
1772,17
1774,19
1778,14
1778,18
1779,20
1781,17
1783,18
1788,17
1789,18
1792,19
1793,18
1795,4
1795,17
1798,18
1802,17
1802,19
1804,18
1808,17
1809,20
1812,18
1813,17
1818,19
1819,17
1819,18
1827,17
1828,12
1828,18
1830,20
1832,9
1835,18
1837,2
1837,5
1837,17
1839,11
1839,18
1841,3
1841,10
1843,16
1843,20
1844,1
1844,18
1845,14
1845,17
1846,7
1846,13
1848,19
1850,4
1850,6
1850,18
1850,20
1853,15
1856,17
1857,8
1857,18
1857,19
1859,20
1860,14
1863,17
1864,18
1866,20
1872,17
1876,18
1876,20
1882,18
1884,17
1885,19
1893,18
1893,20
1894,19
1899,2
1899,17
1899,18
1903,18
1903,19
1906,9
1907,17
1907,20
1908,18
1913,12
1914,5
1915,17
1916,1
1916,20
1917,11
1917,18
1919,19
1920,4
1921,7
1921,14
1922,17
1923,3
1924,6
1924,8
1924,16
1924,18
1924,20
1925,15
1928,18
1929,10
1929,17
1930,19
1931,20
1932,14
1936,17
1936,20
1937,18
1939,19
1943,18
1943,20
1949,18
1949,20
1952,17
1956,19
1957,18
1957,20
1962,18
1963,13
1963,17
1963,19
1965,20
1967,18
1969,19
1971,2
1972,17
1972,18
1980,19
1981,18
1984,20
1985,17
1988,1
1990,18
1990,20
1992,9
1993,19
1995,4
1996,17
1997,12
1999,11
1999,20
2002,7
2002,17
2002,19
2004,8
2004,18
2005,14
2005,15
2007,17
2008,3
2008,5
2008,10
2008,18
2009,20
2010,19
2016,18
2017,17
2018,19
2020,16
2022,6
2023,17
2025,18
2027,19
2030,2
2030,17
2030,18
2035,18
2035,19
2036,17
2041,17
2041,18
2045,18
2047,17
2047,20
2050,18
2051,19
2052,17
2057,12
2057,18
2060,17
2063,4
2063,9
2063,20
2064,1
2064,7
2065,13
2065,19
2066,17
2066,18
2068,11
2074,14
2074,17
2074,18
2075,20
2076,3
2077,10
2080,5
2080,17
2080,18
2084,15
2084,19
2085,18
2086,20
2089,18
2092,19
2095,17
2096,18
2097,8
2099,6
2101,18
2101,19
2101,20
2102,2
2104,16
2106,18
2107,17
2111,19
2111,20
2114,18
2120,17
2124,4
2124,20
2125,14
2125,18
2125,19
2132,12
2133,18
2134,19
2136,20
2137,17
2143,1
2144,17
2145,11
2146,18
2146,19
2147,9
2148,7
2150,13
2150,18
2150,20
2151,2
2152,17
2153,5
2154,14
2155,10
2155,18
2157,19
2157,20
2158,8
2158,15
2160,16
2160,18
2161,17
2165,3
2167,17
2167,18
2171,19
2172,20
2174,18
2175,12
2178,17
2179,18
2184,6
2184,19
2186,18
2189,17
2193,18
2195,17
2195,20
2196,19
2200,18
2203,20
2205,18
2208,17
2209,18
2215,18
2221,17
2221,18
2221,19
2222,14
2223,4
2223,5
2223,8
2225,18
2225,20
2227,19
2228,7
2228,11
2228,17
2229,1
2230,18
2232,2
2233,3
2234,17
2234,19
2235,9
2235,18
2237,12
2238,15
2239,17
2241,18
2242,19
2243,13
2244,16
2244,20
2247,17
2248,18
2253,19
2254,17
2255,18
2258,10
2260,17
2262,20
2264,18
2268,17
2269,18
2274,19
2275,18
2276,6
2278,17
2280,2
2280,20
2281,18
2283,4
2283,14
2284,19
2285,8
2287,17
2287,18
2289,20
2292,18
2292,19
2293,17
2296,18
2300,18
2301,7
2302,17
2302,19
2304,18
2305,3
2306,5
2306,20
2308,14
2308,16
2308,17
2308,18
2309,1
2310,12
2310,19
2313,17
2313,18
2314,11
2314,20
2316,15
2319,9
2320,17
2321,18
2324,19
2328,18
2329,20
2331,17
2339,18
2341,17
2342,13
2344,20
2350,17
2351,18
2354,19
2355,20
2357,17
2359,2
2359,14
2359,18
2364,17
2365,8
2365,19
2367,18
2368,10
2369,6
2371,5
2372,17
2373,4
2373,18
2374,1
2374,14
2375,7
2376,12
2377,19
2378,16
2378,17
2379,11
2380,3
2382,18
2382,20
2383,15
2383,17
2387,18
2387,19
2391,17
2391,18
2397,18
2399,17
2400,19
2400,20
2401,18
2405,18
2410,17
2411,18
2413,19
2416,9
2417,18
2421,19
2423,18
2425,20
2426,17
2428,2
2428,18
2431,17
2432,14
2434,18
2434,19
2437,17
2438,8
2440,4
2440,20
2441,18
2442,19
2443,6
2445,7
2445,12
2445,17
2445,18
2450,3
2450,10
2450,17
2451,1
2451,18
2453,19
2454,17
2455,13
2455,20
2456,18
2459,17
2460,18
2464,17
2464,18
2468,11
2468,18
2468,20
2470,17
2471,5
2473,18
2475,17
2476,19
2477,18
2478,20
2480,17
2482,18
2486,15
2486,18
2486,19
2486,20
2487,17
2490,18
2492,19
2495,17
2496,18
2500,17
2502,9
2502,18
2502,19
2503,20
2506,2
2506,18
2507,17
2508,14
2510,18
2510,19
2512,4
2515,17
2516,16
2516,18
2517,19
2520,7
2521,12
2521,17
2521,18
2522,20
2523,8
2526,6
2526,18
2526,19
2529,14
2530,1
2531,18
2532,20
2533,3
2533,19
2534,10
2536,5
2536,17
2538,18
2539,19
2544,15
2545,18
2546,19
2546,20
2547,16
2547,17
2548,11
2552,17
2553,2
2553,18
2555,13
2559,19
2561,20
2565,18
2566,17
2567,19
2575,18
2577,19
2579,20
2581,12
2583,18
2584,9
2586,14
2586,17
2588,20
2591,4
2593,1
2593,18
2599,17
2600,7
2600,11
2601,19
2602,8
2602,18
2603,3
2603,6
2603,20
2604,2
2604,17
2606,18
2608,5
2608,10
2611,17
2612,14
2612,18
2612,19
2612,20
2617,18
2618,15
2622,19
2623,17
2623,18
2624,13
2632,17
2632,18
2634,20
2638,16
2641,18
2643,17
2647,9
2647,18
2648,12
2651,17
2652,19
2652,20
2656,4
2656,18
2661,19
2664,7
2665,18
2666,2
2666,17
2668,20
2669,8
2670,3
2670,19
2672,18
2674,1
2674,6
2674,10
2678,5
2678,14
2678,18
2679,11
2679,19
2680,17
2682,20
2683,15
2683,16
2683,18
2687,17
2687,18
2689,13
2690,19
2693,18
2694,20
2696,17
2701,18
2702,20
2704,17
2705,19
2710,18
2711,17
2711,20
2714,19
2716,14
2717,18
2718,12
2720,17
2723,18
2723,19
2727,20
2728,9
2729,4
2729,18
2731,17
2736,2
2737,18
2737,19
2744,10
2744,17
2744,20
2747,18
2748,19
2752,17
2755,19
2757,18
2758,3
2758,15
2760,1
2761,18
2761,19
2763,5
2763,8
2765,6
2765,14
2766,7
2766,11
2766,18
2767,17
2768,16
2768,19
2768,20
2769,12
2771,4
2772,18
2775,19
2775,20
2777,13
2777,17
2782,20
2783,18
2784,9
2784,19
2786,17
2789,20
2790,18
2792,19
2798,17
2798,18
2799,20
2803,2
2803,18
2803,19
2808,14
2808,18
2810,17
2812,18
2812,20
2814,19
2818,18
2820,20
2823,18
2824,17
2826,8
2828,18
2831,17
2832,20
2834,6
2834,18
2835,19
2836,7
2836,11
2837,1
2838,17
2839,2
2840,3
2840,10
2840,18
2841,15
2841,19
2842,14
2842,16
2843,5
2844,18
2846,17
2848,13
2849,4
2851,17
2851,18
2853,12
2854,19
2857,18
2858,17
2861,20
2862,9
2864,18
2867,17
2871,18
2872,19
2875,20
2881,17
2881,19
2883,18
2886,20
2889,19
2891,17
2894,20
2895,14
2896,18
2901,17
2901,20
2902,8
2902,12
2903,15
2906,1
2906,18
2906,19
2907,7
2907,20
2908,4
2908,11
2910,2
2910,6
2910,17
2912,5
2912,18
2913,3
2913,10
2913,19
2913,20
2914,16
2916,18
2918,14
2918,17
2919,20
2921,18
2923,17
2926,18
2928,20
2929,9
2929,17
2931,18
2934,17
2936,18
2939,19
2939,20
2943,17
2943,18
2950,18
2953,13
2954,17
2955,19
2956,20
2957,18
2958,12
2963,18
2968,17
2968,19
2970,18
2975,18
2976,17
2978,8
2978,19
2980,18
2981,7
2984,1
2984,20
2985,17
2986,18
2987,6
2988,2
2989,19
2990,18
2991,14
2991,16
2992,3
2993,4
2993,9
2993,10
2993,15
2994,18
2995,5
2995,17
2996,20
2997,19
2998,11
3002,18
3003,12
3004,20
3007,17
3008,19
3010,14
3010,18
3012,20
3015,18
3017,17
3020,18
3021,19
3024,18
3029,18
3030,19
3031,17
3037,18
3042,20
3043,17
3044,13
3046,18
3047,19
3048,2
3048,17
3051,18
3052,20
3055,17
3056,18
3062,17
3065,18
3066,6
3066,7
3066,14
3068,8
3068,11
3069,4
3069,17
3070,1
3070,5
3070,9
3070,10
3070,18
3070,19
3072,3
3072,12
3072,15
3073,2
3073,16
3073,20
3074,18
3078,17
3078,18
3083,18
3085,17
3088,18
3090,19
3091,17
3094,18
3099,17
3102,18
3103,20
3104,17
3107,19
3108,18
3110,17
3114,18
3115,17
3119,19
3120,18
3122,17
3124,6
3125,20
3127,18
3129,14
3129,17
3129,19
3134,18
3136,20
3138,2
3138,17
3140,19
3143,8
3146,18
3146,19
3147,1
3147,7
3149,12
3149,15
3150,5
3151,10
3151,11
3151,13
3151,14
3151,17
3151,20
3152,18
3152,19
3153,3
3153,4
3156,9
3156,16
3157,19
3158,17
3158,18
3164,19
3166,18
3173,19
3175,17
3175,18
3176,20
3181,19
3183,18
3186,19
3188,18
3194,18
3195,17
3195,19
3199,18
3203,19
3205,6
3205,20
3206,14
3207,18
3211,2
3211,17
3212,10
3214,1
3215,5
3215,18
3215,19
3216,8
3216,20
3218,11
3219,3
3221,12
3221,17
3221,18
3223,19
3225,16
3225,18
3225,20
3227,7
3230,4
3230,17
3230,18
3232,19
3237,15
3237,18
3240,20
3241,13
3242,18
3243,17
3244,19
3246,9
3247,18
3251,17
3254,18
3257,2
3257,19
3260,18
3264,14
3265,17
3265,20
3266,18
3271,17
3273,19
3274,18
3274,20
3282,17
3283,20
3286,18
3288,12
3290,20
3291,17
3293,18
3295,4
3299,6
3299,11
3300,8
3300,17
3300,19
3301,16
3301,20
3302,1
3302,3
3303,2
3303,18
3304,5
3304,10
3304,14
3306,7
3307,15
3307,17
3307,19
3308,20
3310,13
3311,18
3316,17
3318,9
3321,18
3324,19
3327,17
3327,18
3331,14
3336,18
3336,20
3338,17
3339,19
3342,18
3346,12
3347,17
3350,18
3351,17
3352,1
3353,19
3355,20
3358,18
3359,17
3364,17
3364,18
3364,20
3370,18
3371,17
3374,8
3377,4
3377,6
3377,18
3378,3
3378,14
3379,17
3379,19
3379,20
3380,16
3381,5
3381,18
3385,17
3388,19
3390,7
3390,20
3391,17
3392,18
3395,2
3397,17
3397,19
3398,10
3399,18
3401,11
3403,15
3403,20
3404,17
3406,18
3407,13
3407,14
3408,9
3410,17
3412,12
3412,19
3413,18
3420,20
3424,17
3425,18
3432,17
3433,18
3436,20
3440,17
3441,19
3442,18
3448,20
3452,1
3453,4
3453,17
3454,2
3454,18
3454,20
3455,6
3456,5
3456,11
3457,16
3458,7
3458,9
3459,3
3459,18
3460,14
3460,17
3460,20
3461,19
3462,18
3463,8
3466,12
3466,18
3467,10
3467,17
3468,19
3472,18
3473,20
3476,17
3480,18
3484,17
3484,20
3485,19
3487,18
3491,17
3492,20
3494,15
3494,18
3496,17
3496,19
3499,18
3501,17
3501,20
3505,17
3507,18
3507,19
3511,17
3513,20
3517,18
3518,17
3519,2
3520,19
3525,18
3526,20
3527,3
3528,17
3530,13
3531,18
3533,6
3534,14
3535,12
3535,20
3536,17
3536,19
3537,4
3537,9
3537,16
3537,18
3541,1
3541,5
3542,17
3543,7
3543,11
3544,18
3547,17
3550,10
3551,20
3554,17
3554,18
3559,17
3561,8
3561,19
3565,18
3566,17
3566,20
3568,14
3570,19
3573,2
3573,18
3574,17
3575,15
3579,18
3579,19
3579,20
3587,18
3588,19
3591,17
3594,18
3598,17
3598,19
3601,18
3603,3
3603,12
3604,20
3605,17
3605,18
3607,7
3608,19
3609,11
3611,18
3615,2
3615,16
3615,20
3616,17
3617,4
3617,18
3620,14
3621,5
3622,9
3622,19
3623,6
3623,13
3624,17
3624,18
3629,12
3629,19
3632,20
3635,1
3636,10
3637,17
3638,18
3641,8
3641,15
3641,19
3644,18
3651,17
3651,19
3657,20
3658,17
3658,18
3664,18
3668,17
3668,19
3669,20
3671,14
3671,18
3677,17
3677,18
3678,19
3683,7
3683,18
3687,20
3688,4
3688,11
3688,17
3689,3
3689,5
3690,2
3690,6
3690,18
3692,16
3693,1
3693,8
3694,14
3694,19
3695,18
3697,9
3697,17
3698,13
3700,18
3700,20
3703,17
3705,19
3707,18
3710,12
3711,20
3716,10
3716,17
3717,18
3721,15
3721,17
3721,20
3726,17
3726,18
3726,19
3729,20
3731,18
3735,17
3737,18
3742,17
3745,18
3748,14
3749,7
3749,19
3752,17
3752,18
3753,20
3754,2
3754,3
3758,17
3758,18
3761,20
3763,17
3764,19
3765,18
3768,4
3771,17
3771,20
3774,11
3774,16
3775,18
3776,1
3776,17
3779,14
3779,19
3781,8
3783,17
3783,18
3783,20
3787,5
3791,17
3791,19
3792,9
3792,12
3794,18
3794,20
3795,6
3799,17
3799,18
3802,19
3804,10
3806,17
3806,18
3809,15
3812,18
3813,20
3814,17
3815,14
3815,19
3816,2
3820,18
3820,20
3823,16
3825,19
3826,13
3827,17
3829,4
3829,18
3830,3
3830,7
3831,20
3833,18
3834,5
3834,17
3840,18
3840,19
3841,20
3845,17
3845,18
3846,11
3848,19
3850,18
3853,17
3855,18
3859,17
3863,14
3863,18
3866,12
3867,9
3868,20
3870,1
3870,8
3870,17
3870,18
3870,19
3875,6
3877,18
3878,2
3879,17
3880,10
3883,19
3884,18
3884,20
3887,17
3888,3
3892,18
3892,19
3893,17
3900,17
3900,20
3901,18
3902,16
3902,19
3904,4
3911,13
3912,17
3912,18
3912,20
3914,15
3915,7
3917,14
3917,18
3918,5
3918,12
3921,18
3922,17
3922,20
3923,19
3925,18
3932,2
3932,18
3933,17
3935,8
3937,18
3938,11
3939,19
3943,18
3945,17
3948,19
3950,20
3951,17
3951,18
3956,17
3962,6
3963,17
3965,3
3965,18
3966,1
3966,4
3966,10
3967,20
3968,9
3968,14
3970,19
3971,5
3971,16
3971,17
3971,18
3977,7
3978,18
3979,12
3979,17
3983,18
3985,19
3987,18
3991,17
3991,18
3996,18
3997,20
3999,17
4001,18
4003,15
4005,18
4006,19
4010,17
4010,18
4012,2
4012,11
4014,14
4015,17
4015,18
4017,13
4017,19
4018,3
4019,18
4022,8
4022,17
4022,20
4024,18
4027,19
4028,6
4029,18
4033,18
4036,9
4037,18
4039,17
4042,18
4044,12
4044,19
4046,1
4047,18
4049,20
4050,17
4052,4
4054,5
4054,18
4056,19
4057,16
4058,17
4060,18
4061,7
4064,17
4065,2
4065,18
4066,19
4067,8
4067,20
4069,17
4069,18
4070,14
4073,18
4074,17
4078,10
4078,18
4080,17
4083,18
4085,17
4087,18
4090,17
4091,15
4091,18
4094,19
4095,18
4098,17
4101,18
4102,20
4103,17
4105,12
4105,18
4108,17
4108,19
4109,6
4110,18
4112,1
4113,11
4114,2
4114,17
4116,18
4117,3
4117,7
4117,9
4117,14
4117,16
4118,17
4119,5
4120,18
4120,19
4120,20
4121,4
4122,17
4125,13
4125,18
4128,17
4129,8
4130,18
4135,17
4135,18
4135,19
4142,17
4142,18
4147,18
4150,17
4151,20
4153,18
4157,17
4159,18
4161,19
4166,17
4168,20
4169,19
4170,18
4175,17
4176,18
4178,12
4178,20
4183,6
4183,14
4183,18
4184,15
4184,19
4185,7
4185,10
4187,17
4187,20
4188,16
4188,18
4189,3
4191,4
4191,5
4191,14
4194,11
4194,18
4194,20
4195,13
4197,1
4197,17
4199,18
4202,19
4203,9
4203,18
4203,20
4205,8
4206,17
4207,18
4210,19
4212,2
4212,18
4213,20
4216,17
4217,18
4218,19
4219,20
4224,18
4228,20
4230,17
4231,18
4231,19
4236,20
4239,17
4240,19
4242,18
4246,20
4251,17
4252,18
4256,2
4256,12
4256,14
4258,20
4259,7
4259,18
4260,4
4260,17
4260,19
4261,10
4262,1
4262,11
4262,16
4264,6
4264,15
4265,3
4265,5
4265,18
4267,17
4268,13
4268,19
4269,20
4271,18
4273,14
4273,17
4277,18
4279,17
4282,19
4285,18
4285,20
4287,17
4290,9
4292,17
4293,18
4297,19
4298,17
4300,12
4303,2
4303,18
4304,19
4305,17
4307,8
4311,20
4312,17
4312,18
4312,19
4319,20
4320,19
4321,17
4321,18
4328,20
4329,17
4329,19
4330,18
4336,18
4337,17
4338,19
4340,20
4344,7
4344,18
4345,17
4347,1
4347,4
4349,2
4349,5
4349,6
4350,3
4350,10
4350,11
4350,15
4350,17
4350,19
4351,18
4352,9
4352,16
4353,14
4353,20
4355,17
4358,13
4358,18
4360,17
4364,20
4365,18
4368,17
4369,19
4375,17
4379,20
4380,12
4380,17
4380,18
4384,19
4386,17
4393,2
4393,17
4393,18
4394,8
4397,14
4398,16
4399,17
4399,19
4399,20
4400,18
4401,3
4405,17
4406,18
4411,14
4412,17
4414,18
4414,20
4418,4
4422,12
4422,18
4423,19
4424,17
4424,20
4427,6
4428,7
4430,1
4431,18
4432,17
4433,10
4435,18
4437,5
4437,11
4438,19
4440,18
4441,9
4441,17
4442,2
4445,18
4447,15
4448,13
4448,19
4450,20
4451,18
4456,17
4458,18
4458,20
4460,14
4464,17
4464,18
4470,8
4470,20
4471,18
4472,19
4478,17
4481,19
4482,14
4484,17
4484,20
4485,18
4486,16
4492,3
4492,4
4492,17
4495,18
4495,19
4497,11
4499,7
4500,1
4501,5
4501,20
4503,17
4504,6
4505,18
4506,19
4507,12
4510,9
4510,18
4513,2
4513,19
4515,17
4515,18
4523,10
4524,17
4524,20
4525,18
4529,19
4530,13
4532,15
4534,18
4538,17
4540,18
4540,19
4541,20
4547,14
4549,18
4550,8
4550,17
4553,20
4554,18
4555,17
4559,17
4559,18
4561,19
4565,17
4566,18
4568,12
4571,18
4573,17
4576,19
4577,2
4577,18
4578,3
4578,17
4580,6
4581,18
4581,20
4583,17
4584,1
4585,7
4585,16
4587,9
4588,4
4588,17
4589,11
4589,18
4589,20
4590,5
4590,14
4593,18
4593,19
4594,15
4594,17
4598,18
4604,20
4605,18
4606,17
4606,19
4611,18
4612,17
4614,10
4614,20
4618,17
4618,19
4619,18
4619,20
4625,19
4626,14
4626,17
4626,20
4627,18
4633,20
4634,19
4637,18
4639,13
4640,17
4641,19
4643,12
4644,8
4645,20
4647,1
4648,18
4649,11
4649,19
4650,7
4650,17
4653,2
4654,3
4655,9
4655,18
4656,4
4656,17
4659,5
4661,15
4664,16
4664,18
4664,19
4665,17
4666,20
4668,6
4676,18
4676,19
4678,20
4681,18
4683,17
4689,14
4689,18
4690,19
4697,10
4698,17
4698,19
4698,20
4702,18
4706,19
4709,18
4710,8
4710,20
4712,12
4713,18
4718,17
4718,18
4718,19
4718,20
4719,7
4719,14
4720,2
4722,18
4724,5
4725,4
4726,14
4726,17
4728,19
4729,16
4729,18
4730,15
4730,20
4731,11
4733,13
4733,18
4735,17
4737,19
4738,1
4738,18
4741,9
4744,18
4744,20
4746,3
4749,12
4749,18
4749,19
4750,17
4754,19
4755,18
4757,6
4758,18
4762,14
4763,18
4763,20
4764,17
4764,19
4767,18
4772,17
4772,18
4776,18
4779,17
4779,19
4781,18
4787,17
4789,18
4789,19
4793,2
4793,8
4795,7
4796,17
4796,20
4797,14
4797,18
4798,5
4798,16
4799,10
4799,11
4800,1
4800,4
4801,17
4801,20
4802,15
4802,19
4804,18
4805,3
4808,18
4812,18
4812,20
4815,17
4815,19
4817,9
4819,18
4826,17
4826,19
4827,12
4827,18
4833,13
4836,20
4837,17
4838,6
4838,19
4839,18
4843,17
4845,2
4847,18
4848,19
4849,16
4849,20
4850,8
4850,17
4853,18
4856,17
4859,19
4860,20
4862,1
4863,17
4863,18
4866,19
4867,12
4867,20
4873,17
4874,10
4874,20
4875,18
4876,11
4878,17
4878,19
4880,5
4880,14
4881,15
4882,7
4882,20
4883,18
4885,4
4886,17
4887,19
4888,3
4889,20
4891,18
4895,17
4897,19
4899,18
4902,20
4909,18
4912,17
4914,14
4918,6
4918,20
4919,16
4921,2
4921,18
4922,17
4923,13
4923,19
4926,9
4926,18
4929,12
4930,17
4934,18
4934,19
4935,20
4937,8
4938,11
4938,18
4939,17
4941,19
4943,18
4944,1
4950,3
4950,17
4951,10
4951,18
4951,19
4952,7
4955,17
4955,20
4957,5
4958,15
4958,18
4961,17
4962,19
4963,18
4963,20
4968,18
4969,17
4973,18
4975,4
4975,19
4977,17
4977,20
4978,14
4978,18
4983,16
4983,17
4983,18
4987,18
4988,20
4993,18
4996,17
4997,20
4998,18
5000,12
