9,15
10,3
10,4
10,5
10,12
11,7
11,8
11,9
11,11
11,13
11,16
11,17
11,18
11,20
12,6
12,10
12,19
13,14
14,1
14,2
14,5
16,15
16,20
17,16
19,18
24,17
25,12
27,19
27,20
30,18
36,19
37,18
40,20
44,18
44,19
45,20
53,20
54,18
55,6
56,17
56,19
59,1
60,20
65,2
66,20
67,19
68,18
69,4
72,14
72,20
75,5
75,8
75,18
78,7
78,20
79,13
79,15
79,19
81,10
81,11
81,18
83,6
83,20
86,12
87,16
87,19
88,20
89,9
93,17
95,18
98,19
98,20
101,2
102,18
103,20
106,5
107,19
109,18
109,20
111,3
114,18
114,20
118,19
120,18
122,20
125,18
129,18
129,20
130,19
134,1
135,18
135,20
138,4
140,16
140,18
141,20
142,15
143,5
144,14
145,17
145,18
148,6
148,20
153,18
153,19
153,20
160,18
161,19
161,20
166,18
167,20
169,12
169,13
172,11
173,20
174,2
174,5
174,19
175,9
175,10
176,17
176,18
177,8
177,20
178,6
179,7
179,16
181,20
182,4
182,19
183,15
183,18
185,5
189,18
189,20
193,1
193,19
198,3
198,20
200,18
204,19
205,18
209,20
210,18
216,20
220,18
223,2
223,20
226,19
228,17
229,6
230,20
232,9
232,19
235,18
241,10
241,20
242,14
242,18
242,19
244,17
248,15
249,19
251,1
252,18
253,13
253,16
255,12
256,7
256,8
256,20
257,4
257,11
258,19
259,5
260,2
260,18
261,6
262,20
263,17
266,19
267,20
270,18
274,20
277,18
283,19
283,20
284,18
291,18
291,19
293,3
298,18
298,20
299,5
303,15
303,19
305,20
307,4
308,18
310,10
311,12
311,20
312,2
313,1
315,17
316,16
316,18
317,9
318,6
318,8
318,14
318,20
321,19
323,11
325,18
325,20
327,13
331,18
334,20
337,6
337,19
341,18
344,7
344,20
345,17
346,18
352,5
352,20
353,19
356,18
361,15
363,18
365,16
365,19
365,20
368,2
371,20
374,18
375,3
375,4
377,17
377,20
378,18
380,1
380,19
382,5
384,10
385,6
385,20
386,18
387,19
389,8
389,9
389,12
391,14
394,20
395,17
395,18
395,19
402,13
402,20
404,18
405,11
406,19
407,6
409,18
412,20
414,19
416,7
416,18
417,20
418,15
422,2
422,18
423,20
427,18
430,16
431,17
432,18
435,20
436,19
438,18
442,5
444,20
445,18
445,19
452,1
452,18
454,20
455,6
457,19
458,4
460,9
460,20
461,18
465,10
466,5
467,3
467,12
467,18
468,14
469,13
469,17
469,20
470,16
470,19
471,18
475,6
477,11
477,18
478,15
479,19
481,2
481,8
482,18
483,17
486,20
488,18
492,20
493,19
497,20
498,18
502,5
503,18
503,19
505,7
505,20
509,18
510,19
517,18
517,20
518,4
522,17
522,19
522,20
526,1
528,18
528,20
530,19
533,15
534,16
536,20
538,19
539,18
540,5
540,10
541,2
542,17
543,18
543,20
544,9
544,12
545,14
545,19
546,4
547,5
547,6
548,18
549,8
550,20
552,13
554,3
555,18
557,20
558,6
561,19
561,20
564,18
568,20
572,18
577,20
582,19
583,18
583,20
591,7
591,18
591,20
593,19
594,11
595,17
597,1
598,2
598,16
598,18
598,20
599,15
602,12
602,14
604,4
605,19
606,6
606,18
606,20
609,8
610,5
611,20
612,18
617,18
617,20
622,18
623,6
626,20
627,17
627,18
627,19
629,10
631,3
632,20
634,18
638,19
639,18
639,20
644,18
645,9
649,19
651,16
651,18
651,20
653,2
653,5
653,13
656,6
656,11
656,18
657,15
658,20
661,14
662,1
662,12
662,18
663,20
664,19
668,18
669,20
671,19
673,18
678,4
678,18
678,19
679,20
682,18
683,7
687,5
687,18
687,20
688,19
693,18
693,20
694,17
700,18
701,19
703,20
708,18
711,19
712,2
712,20
714,13
715,17
715,18
716,3
716,10
718,9
718,19
719,6
719,18
719,20
720,8
720,16
721,5
722,1
723,4
723,15
724,18
724,20
725,12
727,14
727,19
729,17
731,18
734,20
736,19
738,18
740,6
741,20
744,11
746,18
746,19
752,7
753,18
753,19
757,20
761,18
765,17
765,19
768,2
770,18
773,20
776,18
778,16
778,19
781,18
784,20
786,4
787,6
787,18
791,18
792,15
793,1
793,19
794,20
795,18
798,5
799,12
800,18
800,19
804,13
804,18
805,3
805,17
806,10
808,6
808,14
808,19
809,18
809,20
810,8
815,5
815,18
816,9
817,2
818,20
820,16
820,19
822,18
824,4
825,11
826,20
828,7
828,18
829,17
831,19
832,15
837,20
839,18
840,19
847,19
849,20
850,18
854,19
859,20
860,18
864,6
866,1
867,18
867,19
868,20
869,5
869,13
870,15
871,16
872,18
874,2
874,20
876,17
877,12
877,14
879,19
881,20
882,18
890,9
892,20
893,18
894,17
894,19
895,3
895,10
897,6
898,20
901,8
901,18
903,20
904,5
907,20
908,1
909,18
910,19
911,4
911,7
913,20
915,18
916,19
918,11
920,2
921,18
923,20
926,18
926,19
927,13
931,18
932,16
933,20
936,18
937,19
940,15
941,18
943,17
945,20
946,12
948,18
949,6
951,19
952,14
956,20
958,18
959,19
960,5
965,18
966,19
968,20
970,18
971,19
975,18
978,4
978,19
979,18
983,20
984,5
984,18
987,2
987,10
987,19
990,3
990,18
991,8
991,20
992,13
992,16
992,17
993,9
994,1
995,18
995,19
996,6
996,12
998,5
999,7
1000,19
1001,15
1001,18
1002,20
1005,11
1005,17
1005,19
1007,18
1011,19
1012,20
1014,18
1017,19
1017,20
1018,17
1024,20
1025,19
1027,18
1028,2
1031,19
1034,17
1035,20
1038,18
1039,19
1045,18
1045,19
1046,4
1046,14
1051,18
1051,19
1051,20
1053,6
1057,16
1058,18
1058,19
1060,10
1061,1
1063,15
1064,20
1065,19
1066,2
1066,5
1066,18
1068,12
1069,7
1070,9
1070,13
1071,8
1071,18
1072,17
1073,5
1073,19
1073,20
1075,11
1077,3
1077,18
1080,20
1081,19
1085,18
1087,6
1087,20
1091,5
1094,19
1094,20
1095,18
1096,1
1100,18
1102,20
1104,17
1108,18
1108,19
1109,20
1116,18
1117,17
1117,20
1119,4
1122,6
1124,14
1124,18
1125,20
1126,2
1127,15
1127,16
1129,10
1131,5
1131,18
1132,12
1132,19
1133,20
1134,17
1135,13
1141,9
1142,18
1143,20
1144,8
1145,17
1147,11
1147,19
1149,6
1149,18
1151,7
1153,20
1155,19
1157,18
1158,20
1159,4
1162,18
1165,20
1166,19
1168,18
1169,1
1175,18
1176,5
1176,20
1179,15
1180,18
1181,17
1182,20
1185,18
1186,2
1189,6
1189,20
1190,18
1190,19
1191,14
1191,16
1193,3
1196,17
1196,18
1196,20
1197,19
1201,12
1201,18
1202,10
1204,18
1204,19
1209,18
1211,20
1212,5
1213,18
1216,20
1218,18
1221,13
1223,20
1224,4
1224,18
1226,6
1227,11
1227,19
1229,20
1230,18
1231,2
1235,1
1236,9
1237,16
1237,19
1238,8
1239,7
1239,18
1243,19
1243,20
1245,18
1250,19
1250,20
1252,15
1255,20
1256,18
1260,19
1260,20
1262,18
1265,20
1267,18
1267,19
1270,20
1271,6
1272,14
1273,19
1275,3
1275,18
1275,20
1276,10
1277,13
1278,5
1278,12
1279,18
1279,19
1279,20
1281,1
1282,6
1282,16
1282,17
1284,2
1284,20
1285,18
1288,4
1289,15
1289,19
1289,20
1290,18
1294,11
1294,18
1297,19
1297,20
1299,18
1302,20
1304,18
1306,5
1307,19
1308,20
1310,18
1314,18
1314,19
1319,18
1319,20
1323,18
1324,19
1326,17
1329,18
1329,20
1333,7
1335,9
1335,18
1337,8
1337,20
1338,12
1338,19
1341,18
1344,2
1345,19
1346,13
1347,6
1349,18
1351,15
1351,20
1355,18
1355,19
1357,4
1357,17
1360,20
1362,3
1362,18
1362,19
1363,1
1364,14
1365,16
1366,18
1368,5
1368,20
1369,19
1371,18
1374,10
1376,18
1376,19
1379,20
1380,18
1385,18
1385,19
1386,17
1390,18
1394,20
1395,19
1396,18
1400,11
1402,6
1403,2
1403,18
1403,19
1405,13
1406,8
1406,15
1407,20
1409,16
1410,18
1411,5
1411,12
1411,17
1414,7
1414,9
1416,18
1416,19
1416,20
1417,1
1420,4
1421,18
1422,19
1427,3
1428,18
1428,19
1433,20
1434,19
1437,18
1441,20
1443,6
1443,19
1444,14
1445,18
1450,15
1451,20
1454,10
1455,2
1455,5
1455,18
1455,19
1457,20
1458,12
1461,16
1462,13
1462,20
1465,17
1466,4
1466,19
1467,20
1471,20
1473,18
1474,19
1476,20
1478,6
1480,20
1485,19
1485,20
1486,11
1486,18
1492,18
1493,19
1493,20
1494,7
1494,17
1498,2
1498,20
1500,8
1501,18
1502,9
1503,20
1506,14
1506,19
1507,1
1507,5
1507,16
1507,18
1510,15
1510,20
1513,18
1519,17
1520,6
1520,20
1523,5
1526,3
1526,18
1527,10
1528,20
1529,13
1529,19
1531,1
1531,18
1535,18
1536,19
1537,12
1538,4
1539,20
1541,17
1541,18
1546,20
1547,18
1549,5
1551,18
1555,6
1555,18
1555,20
1559,19
1560,18
1564,2
1565,16
1566,18
1566,20
1568,11
1571,8
1571,15
1572,18
1573,14
1573,19
1574,20
1580,18
1584,19
1585,20
1593,19
1593,20
1595,9
1595,18
1596,7
1600,10
1600,18
1603,12
1605,19
1606,13
1606,18
1607,17
1608,2
1608,6
1610,5
1611,4
1611,18
1611,20
1612,1
1613,16
1614,3
1617,18
1617,19
1617,20
1618,17
1619,5
1619,15
1621,18
1626,18
1627,14
1630,20
1632,18
1636,6
1636,18
1638,5
1638,20
1639,17
1639,19
1641,18
1644,20
1647,18
1651,19
1652,20
1655,11
1656,18
1659,19
1660,20
1661,8
1664,18
1667,20
1668,2
1669,19
1671,4
1671,5
1672,12
1674,18
1675,20
1676,19
1677,3
1679,17
1680,20
1682,10
1682,15
1684,1
1684,20
1686,16
1686,19
1687,7
1688,18
1690,20
1691,9
1691,14
1692,13
1696,18
1696,20
1697,6
1697,19
1701,20
1706,18
1706,20
1709,5
1711,20
1717,20
1718,18
1718,19
1723,18
1723,20
1725,17
1728,20
1733,18
1734,20
1736,19
1738,18
1740,2
1744,18
1744,20
1745,16
1747,11
1749,3
1749,8
1749,12
1749,15
1749,18
1751,19
1752,5
1752,18
1752,20
1753,1
1753,6
1754,17
1756,4
1757,9
1757,18
1758,13
1759,7
1759,20
1760,14
1761,18
1761,19
1763,10
1764,6
1766,18
1768,2
1768,17
1768,20
1769,19
1772,18
1778,18
1780,20
1781,19
1784,18
1790,19
1791,12
1792,17
1792,20
1793,18
1799,19
1804,18
1806,19
1807,20
1812,18
1813,5
1814,16
1816,19
1818,15
1818,20
1819,17
1824,18
1825,2
1827,6
1828,1
1828,19
1831,8
1831,10
1831,20
1832,9
1833,4
1833,11
1833,14
1833,16
1834,18
1835,5
1836,13
1838,15
1838,20
1840,7
1841,19
1842,12
1843,3
1843,18
1844,20
1845,6
1847,19
1848,17
1850,18
1853,19
1858,18
1862,19
1864,20
1865,18
1870,19
1873,5
1874,18
1875,20
1876,19
1880,2
1885,18
1886,17
1886,19
1891,8
1894,20
1895,1
1896,19
1897,18
1899,4
1900,13
1903,18
1904,20
1905,19
1906,10
1906,11
1907,14
1908,6
1908,16
1909,15
1909,19
1910,18
1910,20
1911,12
1912,7
1912,17
1914,9
1916,19
1918,18
1920,20
1921,3
1922,5
1925,2
1925,18
1926,20
1933,18
1934,17
1939,19
1941,20
1944,18
1948,17
1952,4
1954,18
1954,20
1955,1
1959,6
1959,19
1962,18
1965,16
1966,10
1966,20
1967,19
1968,15
1970,5
1970,11
1970,18
1972,13
1973,12
1973,19
1975,18
1976,14
1976,20
1977,8
1983,19
1984,18
1984,20
1986,9
1989,18
1993,6
1994,18
1996,20
2000,18
2001,17
2001,19
2003,20
2004,18
2010,18
2011,2
2012,19
2014,5
2014,20
2016,18
2019,20
2020,16
2023,18
2024,20
2026,19
2028,1
2028,7
2029,20
2030,18
2031,4
2034,10
2036,18
2037,3
2038,19
2038,20
2039,17
2040,18
2041,15
2042,2
2043,6
2043,12
2045,18
2046,17
2046,19
2047,20
2048,6
2048,14
2049,5
2049,11
2050,18
2052,13
2053,9
2053,19
2053,20
2055,18
2057,1
2059,16
2059,19
2063,18
2064,19
2065,8
2068,20
2069,19
2071,18
2074,20
2076,19
2078,18
2087,18
2088,20
2090,17
2092,5
2094,4
2095,20
2097,7
2097,19
2098,6
2098,18
2100,3
2101,10
2101,20
2103,19
2104,15
2104,16
2106,17
2106,18
2106,20
2108,2
2112,19
2115,20
2118,18
2120,6
2123,1
2123,12
2123,20
2124,19
2126,9
2126,17
2127,5
2129,8
2130,18
2130,20
2132,14
2133,13
2137,18
2139,11
2141,6
2141,20
2142,15
2142,19
2143,18
2148,18
2155,18
2155,20
2156,19
2161,18
2165,18
2166,5
2166,20
2167,17
2168,4
2170,18
2171,20
2172,1
2174,18
2175,16
2176,19
2177,20
2179,7
2179,18
2180,2
2183,18
2185,6
2185,14
2186,18
2187,19
2190,18
2190,20
2195,12
2195,18
2200,3
2200,17
2201,18
2201,19
2204,20
2206,18
2211,15
2211,18
2213,10
2214,9
2214,19
2216,13
2216,17
2216,18
2217,20
2218,2
2221,5
2223,18
2225,20
2228,18
2233,6
2234,4
2234,18
2235,16
2236,19
2236,20
2238,11
2239,1
2239,18
2241,8
2244,19
2244,20
2245,17
2246,15
2246,18
2249,7
2252,18
2254,2
2254,14
2254,19
2255,20
2258,18
2268,20
2269,19
2270,18
2272,17
2278,6
2279,5
2280,19
2282,18
2283,20
2285,9
2285,12
2287,18
2290,3
2291,13
2291,19
2293,10
2293,18
2298,17
2298,19
2298,20
2299,5
2301,16
2301,18
2306,20
2307,1
2308,4
2308,19
2309,15
2309,18
2312,6
2312,20
2314,14
2315,18
2318,19
2323,2
2323,11
2325,18
2325,19
2325,20
2326,8
2328,7
2328,17
2329,13
2332,20
2335,18
2342,18
2342,19
2345,5
2346,6
2348,20
2350,18
2352,9
2355,18
2359,12
2359,19
2360,18
2363,20
2366,19
2368,18
2370,16
2371,10
2373,18
2374,15
2376,19
2376,20
2377,4
2377,17
2377,18
2378,2
2378,14
2379,1
2383,18
2383,19
2386,20
2391,5
2391,18
2393,19
2394,3
2397,18
2398,20
2399,17
2403,7
2404,19
2405,8
2405,18
2410,2
2410,6
2410,11
2410,18
2414,5
2414,18
2414,20
2415,13
2415,15
2416,12
2418,4
2418,16
2418,18
2418,19
2420,6
2422,18
2424,1
2427,18
2427,19
2429,20
2430,9
2432,18
2437,18
2437,19
2445,18
2446,10
2451,20
2452,14
2452,19
2453,17
2453,18
2460,6
2460,20
2461,18
2463,5
2464,19
2467,15
2467,20
2468,18
2473,18
2474,2
2474,16
2474,17
2474,19
2480,3
2480,18
2481,7
2482,20
2485,11
2485,18
2486,13
2486,19
2490,12
2490,18
2491,8
2493,4
2494,6
2495,1
2495,19
2495,20
2496,18
2498,9
2500,18
2506,10
2506,18
2508,19
2509,5
2510,17
2511,18
2511,20
2513,15
2516,2
2516,18
2518,14
2518,17
2521,18
2526,19
2527,18
2528,20
2532,18
2542,18
2543,5
2543,11
2543,17
2544,19
2546,20
2547,7
2547,16
2548,18
2550,13
2551,15
2552,4
2554,18
2554,19
2556,6
2556,20
2558,18
2559,1
2563,18
2563,19
2565,3
2566,12
2567,20
2568,18
2570,19
2571,17
2576,18
2576,20
2578,8
2579,6
2580,2
2583,9
2583,16
2583,18
2583,20
2584,10
2584,19
2586,5
2590,4
2590,18
2590,20
2595,18
2597,13
2597,14
2598,19
2599,18
2600,20
2605,11
2605,18
2611,2
2611,19
2612,18
2613,17
2613,20
2622,18
2622,19
2625,20
2628,12
2628,15
2632,18
2633,1
2633,7
2634,19
2635,5
2635,17
2636,20
2637,6
2641,18
2646,20
2647,16
2650,10
2650,18
2651,15
2651,19
2652,20
2655,18
2657,4
2659,2
2660,3
2660,18
2661,20
2662,8
2666,14
2666,18
2667,9
2668,20
2671,18
2675,19
2676,6
2678,20
2679,18
2682,17
2686,18
2686,19
2687,20
2692,18
2694,19
2695,20
2700,5
2702,18
2704,20
2705,19
2706,1
2710,18
2710,20
2711,16
2713,7
2713,11
2715,4
2715,18
2716,6
2716,12
2716,15
2717,13
2717,19
2717,20
2718,10
2718,14
2719,2
2720,5
2721,18
2722,20
2723,17
2727,20
2729,18
2733,20
2737,18
2738,20
2744,18
2745,20
2746,19
2750,3
2751,18
2752,17
2752,20
2754,19
2755,5
2759,20
2762,6
2763,18
2764,9
2766,8
2767,1
2767,19
2767,20
2769,16
2771,18
2775,7
2775,15
2776,20
2777,4
2777,18
2778,13
2779,2
2781,12
2781,18
2783,5
2783,11
2783,20
2784,18
2784,19
2785,14
2788,18
2792,19
2793,18
2794,20
2798,17
2798,18
2800,19
2805,18
2806,20
2811,19
2815,20
2817,19
2818,10
2818,16
2818,18
2824,2
2824,4
2824,17
2824,19
2824,20
2825,15
2829,9
2830,19
2830,20
2831,18
2838,6
2838,18
2838,19
2840,17
2841,13
2842,20
2843,19
2845,1
2847,8
2847,18
2848,12
2848,19
2849,20
2852,16
2852,18
2855,5
2858,18
2858,20
2859,19
2860,3
2863,7
2864,18
2864,20
2865,14
2866,19
2867,6
2868,17
2870,20
2873,2
2875,11
2875,18
2875,20
2880,19
2884,20
2885,18
2890,15
2892,19
2893,4
2895,18
2895,20
2896,5
2897,10
2900,17
2902,1
2902,12
2904,9
2905,19
2905,20
2907,18
2908,6
2910,3
2912,8
2912,20
2913,5
2914,18
2914,19
2916,16
2920,13
2923,20
2930,18
2934,14
2934,19
2937,2
2939,18
2941,20
2946,19
2951,20
2953,15
2953,17
2955,10
2956,7
2956,11
2956,18
2957,4
2959,19
2960,20
2961,6
2961,12
2962,2
2962,18
2964,5
2967,1
2967,20
2968,16
2968,18
2968,19
2973,18
2977,18
2978,19
2982,17
2983,18
2984,20
2985,6
2989,18
2991,19
2993,20
2994,18
2999,18
3004,17
3004,19
3006,18
3012,20
3013,9
3013,18
3016,14
3018,3
3019,18
3020,8
3021,5
3021,6
3021,19
3022,13
3022,17
3023,1
3024,7
3024,16
3024,18
3024,20
3025,10
3025,15
3027,4
3027,18
3029,2
3029,19
3030,12
3030,20
3031,11
3032,18
3034,19
3036,20
3039,18
3045,20
3046,18
3048,19
3054,18
3054,20
3062,18
3062,19
3063,6
3063,20
3065,17
3069,20
3071,5
3072,18
3073,16
3075,15
3077,18
3079,17
3079,20
3086,18
3086,19
3086,20
3088,4
3093,18
3095,20
3096,2
3098,18
3098,19
3099,8
3101,12
3103,20
3104,9
3104,18
3104,19
3106,5
3107,14
3109,13
3110,18
3110,19
3111,1
3111,7
3112,10
3114,3
3114,11
3114,20
3115,6
3115,18
3115,19
3120,18
3122,19
3125,16
3126,18
3126,20
3129,17
3134,18
3134,19
3139,17
3139,20
3140,19
3144,4
3148,18
3149,19
3149,20
3152,8
3153,2
3154,18
3155,20
3156,5
3159,1
3159,20
3160,18
3160,19
3161,15
3163,12
3165,17
3165,20
3168,18
3169,6
3171,20
3173,16
3174,14
3175,18
3178,9
3178,20
3181,18
3181,19
3182,10
3184,13
3186,20
3188,11
3191,18
3192,6
3192,17
3195,20
3198,19
3199,5
3200,7
3202,18
3203,20
3205,2
3206,15
3208,4
3210,17
3210,18
3211,3
3211,12
3212,19
3214,20
3218,6
3218,8
3219,17
3222,20
3224,5
3225,18
3227,14
3230,1
3230,16
3230,19
3233,17
3233,20
3236,13
3239,10
3240,20
3242,18
3244,17
3248,19
3248,20
3254,18
3257,20
3260,18
3263,20
3265,9
3267,18
3267,19
3269,20
3275,18
3276,20
3277,12
3279,2
3279,5
3280,6
3280,19
3282,7
3282,11
3282,18
3282,20
3283,4
3285,15
3286,14
3286,16
3286,18
3287,19
3288,8
3289,20
3290,1
3291,17
3292,3
3293,18
3293,20
3300,18
3300,20
3303,19
3309,20
3310,18
3317,20
3320,6
3320,18
3322,19
3323,5
3325,20
3327,18
3328,13
3329,5
3329,17
3330,15
3330,19
3332,2
3332,18
3332,20
3338,12
3339,18
3339,20
3342,19
3348,10
3348,17
3348,18
3350,20
3353,16
3354,4
3354,18
3355,1
3358,18
3360,8
3360,11
3360,19
3362,20
3364,18
3366,9
3366,14
3367,19
3370,7
3370,17
3370,18
3371,2
3371,6
3371,13
3373,20
3374,19
3380,20
3381,19
3382,6
3382,18
3385,19
3386,5
3388,18
3390,20
3391,15
3393,19
3394,18
3400,3
3401,19
3402,18
3405,17
3406,20
3407,19
3411,18
3412,19
3413,20
3419,18
3420,19
3422,20
3425,5
3427,12
3428,20
3429,18
3430,16
3430,19
3431,4
3432,10
3432,17
3434,1
3434,14
3434,20
3436,8
3436,11
3436,18
3438,2
3438,6
3439,9
3439,15
3439,19
3439,20
3442,7
3442,18
3443,13
3444,16
3446,18
3446,20
3448,17
3449,19
3452,18
3453,20
3459,18
3459,20
3465,18
3465,20
3469,5
3473,17
3473,18
3473,19
3474,3
3474,20
3481,18
3484,20
3485,6
3486,17
3486,19
3487,18
3491,2
3492,12
3493,18
3493,19
3494,4
3498,18
3499,8
3499,20
3502,5
3506,18
3506,20
3507,1
3507,13
3508,15
3508,19
3512,11
3512,18
3513,14
3514,17
3514,20
3515,19
3517,10
3517,18
3521,19
3521,20
3522,18
3527,2
3527,18
3528,16
3528,20
3529,19
3532,18
3534,20
3537,18
3537,19
3542,18
3544,19
3546,6
3548,20
3549,18
3552,9
3553,5
3554,17
3554,18
3555,19
3557,7
3557,12
3558,20
3560,6
3561,18
3562,19
3564,20
3565,4
3566,18
3567,1
3569,20
3571,15
3571,18
3576,18
3580,19
3581,18
3582,20
3587,18
3590,5
3592,8
3592,19
3593,2
3593,20
3594,18
3595,13
3596,14
3596,16
3597,3
3599,11
3601,17
3601,18
3602,10
3602,20
3603,6
3603,19
3604,5
3605,7
3607,18
3608,15
3610,19
3610,20
3614,18
3615,12
3618,19
3619,20
3621,18
3623,9
3630,18
3630,20
3631,17
3631,19
3637,4
3644,18
3644,20
3646,17
3647,19
3649,18
3651,16
3653,18
3654,20
3655,1
3655,19
3656,17
3657,8
3658,18
3659,6
3660,20
3662,2
3662,19
3663,18
3666,5
3668,11
3668,18
3670,12
3670,19
3673,18
3674,13
3677,14
3678,20
3679,18
3680,19
3684,6
3686,20
3687,17
3688,19
3689,10
3689,18
3693,15
3693,18
3694,7
3695,4
3696,19
3697,16
3697,18
3701,2
3701,19
3702,20
3704,18
3709,9
3711,19
3712,18
3713,3
3713,20
3716,5
3718,18
3718,19
3720,20
3722,1
3726,19
3726,20
3727,6
3727,18
3733,18
3734,15
3735,20
3736,19
3737,5
3738,18
3740,20
3741,12
3744,18
3745,14
3747,19
3749,18
3749,20
3755,17
3755,20
3756,18
3761,20
3763,18
3765,11
3766,4
3766,8
3767,2
3767,18
3768,20
3769,19
3770,16
3771,13
3773,6
3773,18
3773,20
3774,5
3775,10
3777,1
3777,15
3777,18
3778,20
3780,19
3781,18
3782,9
3784,18
3787,17
3788,18
3788,19
3788,20
3793,18
3794,20
3795,19
3798,7
3798,18
3799,20
3803,18
3803,20
3807,19
3809,20
3810,18
3812,3
3815,20
3816,18
3816,19
3822,20
3823,18
3827,16
3828,12
3829,20
3830,4
3831,5
3831,18
3832,6
3832,11
3832,14
3832,17
3834,1
3834,15
3834,19
3834,20
3838,2
3838,18
3841,20
3842,8
3842,16
3846,20
3847,5
3847,17
3848,18
3852,19
3854,20
3858,7
3858,18
3861,20
3862,19
3866,20
3867,18
3868,13
3873,20
3874,18
3876,17
3877,6
3877,10
3877,19
3879,20
3882,9
3883,18
3884,19
3885,2
3888,12
3888,20
3889,3
3891,4
3893,17
3893,18
3893,20
3900,1
3900,20
3902,5
3902,19
3905,14
3905,18
3905,20
3906,15
3907,16
3908,6
3911,18
3911,20
3912,19
3915,11
3916,18
3918,20
3923,18
3923,19
3924,2
3924,8
3924,20
3930,5
3931,20
3932,18
3934,19
3937,13
3939,20
3942,18
3947,18
3948,19
3951,10
3952,12
3952,17
3952,18
3953,4
3955,20
3957,2
3957,18
3958,1
3958,5
3959,6
3961,15
3961,18
3961,19
3962,7
3962,16
3962,20
3963,9
3965,14
3965,18
3966,3
3967,11
3970,19
3971,18
3971,20
3977,18
3978,19
3985,18
3985,20
3990,19
3991,6
3993,5
3993,20
3995,18
4000,20
4002,13
4004,18
4005,19
4009,12
4009,17
4009,18
4012,10
4012,19
4016,18
4016,20
4020,2
4020,19
4022,15
4023,4
4023,18
4025,17
4026,8
4027,16
4027,18
4027,20
4029,1
4033,18
4035,19
4036,20
4038,18
4044,18
4046,19
4048,20
4049,18
4052,17
4054,14
4055,18
4056,6
4060,16
4060,18
4061,20
4062,5
4062,11
4063,18
4063,19
4064,9
4065,7
4067,18
4068,1
4068,2
4072,4
4072,20
4073,18
4073,19
4076,3
4078,18
4083,20
4087,18
4088,12
4092,15
4093,5
4093,19
4094,17
4095,6
4096,8
4096,13
4096,18
4096,20
4104,16
4104,20
4107,10
4110,18
4111,19
4116,18
4117,20
4127,15
4127,18
4128,19
4129,20
4131,17
4132,18
4135,2
4137,20
4139,18
4140,14
4141,11
4145,12
4145,18
4146,1
4146,6
4146,19
4146,20
4149,5
4149,7
4149,9
4150,18
4150,20
4151,4
4152,13
4154,18
4155,10
4155,20
4158,8
4159,19
4160,16
4160,20
4161,5
4161,6
4161,18
4165,18
4165,20
4166,15
4169,18
4170,17
4171,20
4172,19
4177,18
4180,20
4184,19
4185,18
4186,6
4187,17
4188,3
4188,20
4189,2
4192,19
4194,7
4195,20
4197,18
4198,19
4199,14
4204,20
4205,12
4208,11
4208,18
4208,19
4210,6
4210,17
4211,9
4212,20
4213,19
4214,18
4219,5
4220,4
4220,18
4220,19
4221,20
4223,1
4224,16
4226,18
4226,19
4230,15
4232,19
4233,18
4234,2
4234,20
4239,18
4244,19
4245,20
4246,17
4249,18
4254,18
4254,19
4260,19
4261,13
4262,20
4265,10
4266,6
4267,12
4267,18
4268,19
4269,5
4270,1
4270,3
4272,15
4273,8
4273,16
4273,20
4275,7
4275,18
4275,19
4276,4
4277,17
4279,14
4280,2
4280,18
4282,20
4283,9
4285,18
4289,18
4289,19
4293,20
4294,18
4298,18
4300,11
4301,6
4302,18
4304,5
4305,19
4306,18
4306,20
4312,18
4312,19
4312,20
4317,18
4318,17
4322,20
4324,18
4327,19
4330,18
4332,20
4337,18
4338,6
4339,19
4341,1
4341,16
4343,20
4344,10
4344,18
4345,4
4345,15
4346,8
4348,2
4348,12
4348,14
4348,20
4349,13
4349,18
4351,5
4352,6
4352,9
4352,19
4353,3
4354,20
4355,18
4356,7
4358,16
4360,5
4360,18
4362,19
4363,17
4363,20
4364,11
4367,18
4372,19
4373,20
4379,18
4382,19
4386,20
4394,18
4396,2
4397,19
4397,20
4398,15
4403,12
4404,17
4404,19
4405,18
4407,20
4410,4
4410,6
4412,9
4413,1
4413,18
4413,20
4414,5
4414,10
4414,19
4417,3
4418,13
4418,18
4418,20
4419,16
4421,15
4421,19
4422,14
4423,18
4424,7
4425,20
4427,18
4431,2
4431,18
4431,19
4433,20
4437,18
4440,20
4442,19
4444,18
4445,20
4449,6
4449,20
4452,18
4452,19
4454,20
4455,5
4456,11
4458,18
4459,8
4460,20
4461,19
4465,13
4466,12
4466,18
4468,17
4469,19
4469,20
4473,18
4474,20
4479,18
4480,19
4485,18
4486,20
4487,1
4488,19
4493,4
4493,5
4493,6
4493,18
4493,20
4495,16
4496,7
4497,9
4497,15
4498,18
4499,10
4499,14
4500,2
4500,19
4501,17
4502,20
4503,3
4505,12
4505,18
4510,5
4510,19
4512,18
4512,20
4521,18
4521,20
4527,17
4530,20
4531,18
4534,6
4537,20
4539,18
4539,19
4540,2
4545,17
4546,11
4549,8
4550,20
4551,13
4553,18
4554,14
4556,15
4558,16
4559,1
4561,20
4562,17
4562,18
4562,19
4570,20
4571,18
4577,5
4577,19
4578,4
4578,18
4581,20
4585,3
4585,18
4587,7
4589,19
4590,10
4590,18
4590,20
4592,6
4597,2
4597,12
4598,9
4598,18
4599,17
4600,19
4601,5
4601,16
4603,8
4604,20
4608,11
4608,18
4611,17
4614,18
4621,19
4623,20
4624,18
4625,4
4627,15
4629,1
4630,18
4633,19
4634,13
4634,20
4638,6
4640,18
4640,20
4642,5
4646,20
4648,18
4652,7
4652,14
4654,20
4655,18
4656,19
4657,2
4664,16
4664,20
4665,18
4667,3
4671,20
4672,18
4673,12
4673,15
4675,6
4676,17
4677,19
4679,9
4680,10
4680,20
4681,5
4682,18
4687,1
4687,20
4689,17
4689,18
4690,2
4691,19
4692,4
4694,20
4698,8
4699,11
4699,18
4701,20
4703,13
4707,18
4708,6
4711,17
4711,19
4711,20
4717,20
4721,18
4723,14
4723,20
4727,18
4727,19
4731,20
4733,12
4735,18
4736,5
4739,17
4739,19
4739,20
4740,1
4740,16
4743,9
4743,15
4745,7
4745,19
4746,18
4746,20
4747,10
4749,2
4751,20
4752,19
4753,4
4753,12
4754,3
4755,18
4756,20
4758,19
4760,18
4767,18
4768,17
4768,20
4774,18
4775,19
4776,20
4782,18
4783,6
4786,5
4786,17
4787,20
4788,19
4792,18
4795,19
4797,16
4797,18
4802,14
4802,17
4802,19
4803,18
4804,13
4805,8
4808,18
4809,2
4809,11
4809,19
4810,20
4813,18
4816,6
4818,19
4819,18
4819,20
4823,15
4824,18
4825,10
4827,4
4828,5
4829,1
4829,20
4830,18
4830,19
4832,7
4833,12
4836,18
4838,20
4839,19
4842,17
4843,9
4844,20
4847,18
4848,3
4849,20
4852,6
4853,20
4854,18
4859,19
4859,20
4860,2
4861,18
4863,16
4864,14
4866,15
4866,18
4868,20
4869,8
4870,18
4873,17
4873,20
4875,18
4879,18
4879,19
4880,20
4884,5
4884,20
4885,1
4886,18
4888,19
4889,20
4891,18
4893,11
4896,4
4896,18
4896,19
4896,20
4901,12
4901,18
4903,20
4906,18
4908,5
4908,6
4908,19
4909,13
4911,20
4912,10
4912,18
4914,9
4916,2
4917,17
4917,18
4918,5
4918,7
4918,16
4921,15
4921,19
4922,20
4923,18
4926,3
4928,14
4929,1
4930,18
4930,20
4932,17
4932,19
4933,8
4935,4
4936,6
4938,18
4938,20
4941,19
4944,18
4951,20
4952,18
4960,18
4961,5
4964,19
4965,13
4968,11
4968,20
4970,18
4972,17
4974,12
4978,10
4978,18
4979,2
4980,6
4982,19
4983,9
4984,18
4984,20
4986,16
4988,18
4993,18
4993,20
4995,14
4997,18
4998,15
4999,17
5000,1
