10,6
11,5
11,9
12,2
12,7
13,1
13,10
14,8
16,3
16,4
20,10
22,9
23,4
26,10
28,9
31,10
34,9
36,10
39,9
42,10
45,9
50,4
50,10
52,9
57,10
58,2
60,9
64,10
69,9
70,10
75,8
75,9
79,10
81,9
85,10
87,9
90,10
91,7
93,5
94,6
95,9
96,3
96,10
100,4
101,2
102,9
102,10
103,1
107,9
107,10
113,9
115,10
118,9
123,9
125,10
126,8
128,1
128,4
128,9
131,10
135,9
137,5
137,10
141,10
145,9
145,10
150,10
151,2
154,9
155,10
159,9
160,10
164,9
166,6
166,10
168,4
170,9
172,10
175,9
177,10
180,9
181,7
181,10
183,3
183,9
184,10
187,8
187,9
189,10
191,9
192,10
195,9
196,10
199,2
200,9
200,10
205,9
205,10
211,9
211,10
213,4
215,10
220,4
220,10
222,9
224,10
225,1
228,9
228,10
233,10
234,9
237,10
238,5
241,9
242,10
245,10
248,9
249,10
252,2
254,10
255,9
256,8
258,7
258,10
259,9
261,10
264,4
264,9
265,10
269,9
270,10
272,3
272,6
273,10
274,9
277,10
278,9
279,4
281,10
284,9
286,10
287,1
289,9
290,10
295,9
296,10
299,5
302,10
304,9
310,10
313,2
313,9
315,10
318,4
318,9
323,8
323,9
324,10
330,9
330,10
334,9
338,10
339,9
342,3
342,10
343,7
343,9
346,9
346,10
350,9
352,10
355,9
357,4
358,10
360,9
363,10
366,9
368,10
370,1
373,10
374,6
374,9
375,2
377,9
378,10
381,4
383,9
386,5
387,10
388,9
393,8
395,10
396,9
403,9
403,10
405,2
410,4
410,9
410,10
415,9
416,10
420,9
423,7
423,10
427,9
429,10
433,9
438,3
438,9
438,10
439,4
440,2
444,5
445,10
448,9
449,10
452,9
453,10
454,1
457,9
458,10
459,8
462,9
467,9
468,10
472,9
473,10
475,6
476,9
477,10
480,9
484,10
485,9
489,4
491,2
491,10
492,9
496,10
498,9
500,7
502,10
507,9
510,10
514,3
515,10
516,9
520,10
521,4
522,9
523,1
524,5
526,10
528,9
531,10
534,9
535,10
540,10
543,8
544,9
544,10
548,10
549,9
552,10
553,4
555,9
557,10
561,9
563,10
565,2
566,10
570,10
571,9
575,10
578,9
581,10
582,9
586,9
586,10
589,4
591,9
591,10
592,2
593,7
596,3
596,6
597,9
597,10
602,9
604,10
607,8
608,9
609,5
610,10
613,9
615,10
617,4
617,9
619,10
622,9
625,10
627,9
630,1
631,10
633,9
638,10
639,2
641,4
641,9
644,10
647,9
650,10
652,9
654,4
654,10
658,9
659,10
664,9
665,10
669,7
671,9
672,10
676,9
679,5
680,3
680,8
681,9
682,10
685,4
685,9
687,2
689,9
690,10
694,9
698,10
700,6
700,9
705,9
705,10
710,9
711,4
711,10
715,9
716,10
719,1
720,9
722,10
725,9
729,10
730,9
734,10
735,9
741,9
741,10
743,2
746,5
746,8
746,10
747,9
750,4
751,7
753,10
754,9
755,3
759,10
764,9
766,10
772,9
775,1
777,10
778,9
786,2
786,9
787,10
790,4
791,9
796,6
796,9
799,10
800,9
807,9
809,10
817,5
818,9
818,10
821,2
826,10
828,9
829,7
830,10
835,8
835,9
835,10
841,10
842,9
845,10
846,9
848,3
850,10
851,9
853,4
855,9
855,10
858,10
860,9
862,10
865,9
867,10
872,10
873,9
874,2
877,10
879,9
883,6
886,4
886,10
887,1
888,9
889,8
894,9
895,10
899,7
899,9
900,5
903,10
905,9
909,9
910,10
914,9
914,10
918,3
918,9
919,10
921,4
922,10
925,9
926,10
930,9
932,10
933,9
936,10
937,9
940,9
940,10
943,9
944,10
947,9
948,10
951,10
953,8
953,9
954,10
957,9
959,10
962,9
964,2
964,10
966,9
967,4
968,10
970,9
974,10
975,9
978,10
980,9
983,7
983,10
984,1
988,9
990,10
991,4
994,3
994,5
994,6
995,10
996,9
998,2
1001,10
1003,9
1006,9
1006,10
1010,9
1012,10
1014,9
1017,9
1017,10
1020,9
1022,10
1024,8
1024,9
1028,9
1029,4
1030,10
1034,9
1034,10
1038,10
1040,9
1041,2
1041,4
1041,10
1044,10
1046,9
1048,10
1052,9
1053,10
1058,9
1060,10
1062,7
1066,10
1067,9
1068,6
1072,10
1074,5
1077,9
1078,8
1079,4
1080,10
1085,9
1085,10
1086,1
1089,3
1091,10
1092,9
1095,4
1097,9
1097,10
1101,9
1104,10
1105,9
1108,9
1111,2
1111,10
1112,9
1115,9
1119,9
1119,10
1123,10
1124,9
1127,10
1128,9
1132,10
1134,9
1138,10
1139,9
1140,1
1145,10
1146,9
1147,8
1150,5
1151,2
1151,7
1153,9
1153,10
1155,4
1160,9
1160,10
1163,3
1165,9
1167,10
1168,9
1171,10
1172,9
1176,10
1177,9
1182,10
1183,9
1187,10
1188,6
1188,9
1192,9
1193,10
1198,10
1199,9
1204,10
1207,9
1209,10
1211,9
1215,9
1217,5
1218,1
1218,10
1219,8
1220,9
1222,4
1224,2
1225,7
1226,9
1228,10
1232,9
1235,10
1237,4
1238,3
1239,9
1239,10
1245,10
1248,2
1248,9
1249,10
1253,9
1253,10
1258,10
1261,9
1262,4
1264,10
1269,9
1269,10
1275,10
1277,9
1281,10
1285,9
1286,10
1287,6
1289,9
1290,10
1293,7
1295,9
1296,10
1298,2
1299,8
1301,9
1301,10
1305,9
1305,10
1311,5
1311,9
1311,10
1312,3
1316,4
1316,10
1317,9
1319,10
1322,9
1323,10
1327,10
1331,9
1334,1
1334,10
1338,9
1339,10
1344,9
1347,10
1350,2
1351,10
1353,9
1354,4
1355,10
1360,9
1360,10
1364,10
1367,9
1369,10
1374,9
1374,10
1378,10
1380,8
1380,9
1381,4
1382,10
1383,7
1385,6
1387,9
1387,10
1388,2
1390,10
1394,9
1394,10
1398,10
1400,3
1400,9
1403,5
1403,10
1409,9
1409,10
1416,9
1416,10
1419,1
1419,4
1423,9
1423,10
1429,9
1432,10
1436,9
1441,10
1443,9
1444,2
1444,8
1447,10
1448,9
1453,10
1455,9
1456,7
1459,9
1462,3
1462,10
1464,9
1467,4
1467,5
1467,10
1468,9
1472,9
1473,6
1473,10
1477,9
1477,10
1481,9
1482,10
1485,9
1487,10
1488,1
1489,9
1491,10
1494,9
1496,10
1499,9
1500,10
1505,10
1508,4
1509,9
1509,10
1510,2
1512,8
1512,10
1515,10
1517,9
1519,10
1523,9
1524,10
1526,4
1528,9
1529,10
1535,9
1535,10
1536,1
1536,7
1537,3
1540,10
1542,5
1543,9
1545,10
1546,4
1550,9
1551,2
1551,10
1554,9
1555,10
1558,9
1561,10
1563,9
1566,9
1567,10
1570,9
1572,8
1574,9
1574,10
1578,10
1579,9
1583,9
1584,6
1584,10
1586,9
1588,10
1589,9
1592,10
1593,9
1597,9
1598,4
1598,10
1600,9
1602,2
1604,9
1604,10
1607,9
1612,9
1612,10
1617,9
1620,5
1622,9
1622,10
1624,7
1627,10
1629,3
1629,9
1631,2
1632,1
1632,10
1635,9
1636,4
1638,10
1643,9
1643,10
1650,10
1652,9
1654,10
1655,8
1659,10
1663,2
1664,9
1664,10
1668,9
1669,10
1672,9
1672,10
1676,9
1676,10
1680,10
1681,9
1683,4
1683,6
1685,10
1686,9
1690,9
1691,4
1691,10
1695,9
1699,10
1700,5
1701,9
1703,10
1706,9
1707,10
1710,7
1712,9
1713,2
1715,3
1715,10
1718,9
1719,10
1725,9
1725,10
1727,8
1729,4
1729,10
1731,9
1733,10
1737,10
1738,9
1740,10
1744,10
1749,9
1749,10
1752,6
1754,10
1757,9
1759,10
1760,2
1760,4
1762,10
1766,9
1766,10
1767,1
1770,10
1774,10
1777,9
1778,10
1782,5
1784,4
1784,10
1787,7
1788,9
1789,3
1789,10
1790,2
1792,9
1793,10
1796,10
1797,9
1800,10
1803,9
1804,8
1804,10
1809,10
1810,9
1816,9
1816,10
1821,9
1822,4
1822,10
1825,9
1829,9
1830,10
1834,9
1838,9
1840,1
1841,10
1842,9
1845,10
1848,9
1851,10
1854,9
1854,10
1857,6
1857,7
1858,10
1860,9
1863,10
1864,2
1864,8
1866,9
1866,10
1871,3
1871,9
1871,10
1874,10
1875,4
1875,9
1876,5
1878,10
1880,9
1884,10
1886,9
1888,10
1892,10
1893,9
1896,10
1897,2
1898,9
1901,10
1904,9
1907,10
1909,9
1914,4
1914,10
1915,9
1921,10
1922,9
1925,1
1928,9
1928,10
1929,2
1934,10
1936,3
1936,7
1936,9
1939,5
1941,9
1942,10
1944,4
1948,8
1948,9
1949,10
1952,9
1956,9
1962,9
1962,10
1965,6
1967,4
1967,9
1972,10
1974,9
1979,1
1979,9
1980,10
1983,9
1989,9
1989,10
1994,10
1995,9
1997,2
2000,10
2003,9
2008,4
2008,9
2009,7
2009,8
2011,5
2012,10
2013,3
2013,9
2016,10
2018,9
2021,10
2023,9
2026,10
2029,9
2034,10
2035,9
2040,9
2044,10
2045,9
2047,4
2049,9
2050,2
2050,10
2053,10
2054,9
2057,10
2059,9
2061,10
2062,6
2064,9
2067,10
2069,9
2072,8
2075,9
2076,1
2076,10
2079,9
2080,10
2081,3
2083,9
2084,4
2084,10
2085,7
2088,9
2089,10
2094,9
2096,10
2099,5
2100,9
2102,10
2104,2
2105,1
2109,9
2110,10
2116,9
2118,8
2123,10
2124,9
2128,10
2129,9
2134,10
2136,9
2138,4
2141,9
2142,10
2146,9
2149,10
2150,2
2150,9
2153,9
2155,10
2156,9
2160,9
2161,3
2163,10
2165,9
2170,4
2171,9
2172,1
2172,5
2172,7
2174,10
2177,9
2180,2
2181,6
2181,10
2184,9
2187,8
2189,9
2189,10
2195,9
2195,10
2197,4
2199,10
2203,9
2205,10
2208,9
2213,10
2214,9
2218,10
2219,9
2222,10
2223,9
2225,2
2226,10
2227,9
2230,10
2233,9
2235,10
2240,3
2240,9
2240,10
2244,10
2246,7
2248,9
2249,10
2252,4
2255,10
2256,5
2257,9
2258,1
2258,6
2260,10
2261,9
2263,8
2266,9
2266,10
2272,9
2275,10
2278,9
2282,4
2283,10
2286,9
2288,10
2290,2
2292,9
2292,10
2296,9
2298,10
2301,9
2304,10
2305,9
2310,10
2311,9
2314,10
2316,9
2319,7
2319,10
2321,9
2323,10
2326,9
2330,2
2330,4
2330,10
2331,3
2333,9
2334,10
2336,5
2338,4
2338,10
2340,9
2342,10
2346,9
2347,10
2351,8
2351,9
2351,10
2354,1
2356,10
2358,9
2362,9
2363,10
2367,6
2367,9
2371,9
2372,10
2376,9
2378,10
2384,9
2384,10
2389,9
2389,10
2392,7
2393,9
2396,10
2398,9
2401,9
2403,10
2404,2
2405,9
2407,10
2409,4
2410,9
2412,10
2414,9
2416,10
2418,9
2420,10
2422,3
2422,9
2424,10
2425,5
2426,9
2429,10
2431,9
2434,8
2435,10
2438,9
2441,10
2443,2
2444,9
2445,4
2446,10
2450,9
2453,10
2457,6
2458,9
2461,1
2462,10
2465,9
2468,10
2472,7
2474,9
2476,4
2477,2
2480,10
2481,9
2483,8
2484,5
2484,10
2487,9
2488,10
2492,9
2494,10
2500,9
2501,10
2505,9
2507,10
2509,9
2514,4
2514,9
2514,10
2518,10
2519,3
2520,9
2522,10
2526,2
2527,9
2528,10
2532,10
2534,9
2535,1
2538,10
2540,7
2543,6
2544,9
2547,8
2547,10
2552,9
2553,10
2556,4
2556,5
2559,10
2561,9
2564,4
2565,10
2570,10
2573,9
2575,10
2580,10
2582,9
2584,10
2587,9
2589,10
2592,2
2592,9
2595,10
2596,9
2598,3
2599,10
2601,9
2603,10
2605,9
2607,4
2608,10
2610,9
2611,10
2615,10
2616,9
2618,5
2618,10
2621,8
2623,10
2624,7
2626,9
2627,10
2628,1
2628,4
2631,10
2632,9
2633,6
2634,10
2637,9
2638,10
2641,9
2642,10
2645,9
2647,10
2648,9
2651,9
2651,10
2655,9
2656,10
2659,9
2661,10
2662,2
2663,9
2664,4
2667,10
2668,9
2674,10
2675,9
2679,9
2681,10
2684,3
2684,9
2686,2
2688,9
2688,10
2689,5
2689,8
2694,4
2694,9
2697,10
2701,9
2701,10
2705,7
2706,9
2706,10
2711,9
2711,10
2716,10
2718,9
2722,10
2726,6
2726,9
2729,1
2730,10
2733,9
2734,10
2735,4
2740,10
2741,9
2745,10
2746,2
2748,9
2749,10
2754,10
2757,7
2758,9
2759,10
2761,3
2764,9
2764,10
2766,4
2767,2
2767,5
2767,10
2771,9
2771,10
2776,9
2777,8
2777,10
2780,10
2781,9
2784,10
2787,9
2789,10
2795,9
2795,10
2800,4
2800,10
2803,6
2803,9
2804,10
2808,9
2809,10
2814,9
2814,10
2819,10
2821,9
2823,10
2826,8
2827,10
2828,9
2829,2
2831,10
2835,10
2836,5
2837,3
2838,9
2839,10
2841,1
2841,4
2842,7
2844,10
2850,9
2850,10
2855,4
2857,9
2858,10
2863,1
2867,10
2868,9
2870,2
2871,10
2874,9
2875,10
2878,9
2879,10
2882,9
2884,10
2888,9
2888,10
2892,10
2895,9
2895,10
2899,9
2899,10
2901,7
2903,9
2904,6
2904,10
2907,4
2907,9
2908,10
2909,8
2913,9
2913,10
2917,3
2918,9
2919,10
2923,5
2924,10
2925,2
2925,9
2928,10
2929,4
2932,9
2934,10
2939,9
2940,1
2941,10
2947,9
2950,10
2955,10
2956,9
2959,10
2963,9
2963,10
2966,7
2966,10
2969,9
2970,10
2971,2
2974,10
2976,8
2978,6
2979,10
2980,9
2983,4
2984,10
2987,9
2987,10
2991,10
2993,9
2996,10
2997,9
3000,9
3000,10
3003,4
3004,9
3005,10
3008,1
3008,9
3011,3
3012,10
3014,9
3015,5
3019,9
3021,10
3024,9
3026,10
3030,10
3031,9
3035,10
3037,8
3038,9
3039,2
3040,10
3045,9
3045,10
3049,4
3052,9
3054,10
3058,7
3059,9
3060,10
3069,1
3069,6
3069,9
3070,10
3075,10
3077,9
3080,10
3084,10
3086,9
3088,10
3089,2
3091,10
3092,4
3093,9
3095,10
3096,3
3097,2
3097,5
3099,10
3103,10
3106,9
3110,10
3111,8
3114,9
3116,10
3124,9
3126,10
3127,7
3130,4
3131,1
3134,10
3136,9
3137,2
3138,10
3142,10
3144,9
3147,10
3151,10
3154,9
3158,10
3161,3
3163,6
3163,9
3164,10
3167,5
3168,4
3169,10
3170,9
3176,10
3179,9
3184,9
3184,10
3186,8
3188,9
3189,10
3192,9
3196,4
3196,9
3196,10
3197,1
3199,7
3201,2
3201,9
3206,10
3208,9
3213,9
3218,9
3218,10
3222,9
3225,9
3229,9
3231,10
3233,9
3237,5
3237,9
3239,10
3242,9
3244,10
3246,4
3248,9
3248,10
3251,2
3251,10
3252,8
3254,10
3255,9
3256,3
3258,10
3261,9
3261,10
3264,4
3264,6
3264,10
3266,9
3268,10
3270,9
3272,10
3275,9
3276,10
3281,10
3282,9
3285,7
3286,9
3288,10
3291,9
3294,9
3295,1
3297,10
3298,9
3303,9
3306,5
3308,9
3308,10
3313,8
3315,9
3315,10
3316,2
3316,4
3319,1
3320,9
3321,10
3323,9
3327,9
3328,10
3331,9
3333,10
3336,9
3339,10
3340,9
3342,3
3343,9
3345,6
3345,10
3346,9
3348,4
3351,9
3351,10
3354,9
3355,10
3357,9
3359,7
3360,10
3362,9
3364,10
3367,9
3368,10
3371,9
3372,2
3372,10
3375,9
3376,10
3379,9
3381,4
3381,10
3385,9
3387,10
3388,5
3391,9
3395,10
3396,8
3398,9
3399,10
3404,10
3406,9
3408,10
3411,9
3413,10
3415,9
3418,10
3420,9
3425,9
3425,10
3429,3
3430,9
3433,10
3435,2
3437,9
3438,4
3439,10
3442,7
3444,9
3446,5
3448,10
3451,8
3452,9
3453,1
3457,6
3458,9
3458,10
3461,4
3462,9
3462,10
3466,9
3468,10
3472,9
3473,10
3476,9
3477,10
3480,10
3481,9
3484,10
3486,9
3489,10
3494,10
3497,9
3500,1
3500,2
3500,10
3501,9
3504,3
3505,4
3505,9
3506,10
3510,9
3511,5
3513,2
3514,4
3514,9
3516,7
3518,10
3519,9
3525,9
3525,10
3531,8
3531,9
3531,10
3534,10
3536,9
3538,10
3542,9
3544,10
3548,6
3548,9
3552,10
3554,9
3558,10
3565,9
3567,2
3567,10
3569,4
3569,9
3573,9
3574,5
3574,10
3577,8
3577,9
3579,10
3582,9
3586,9
3587,3
3587,10
3590,9
3592,10
3594,9
3596,7
3596,10
3601,9
3602,10
3604,2
3605,9
3607,4
3607,10
3608,9
3612,9
3615,10
3618,9
3621,10
3623,4
3624,1
3624,9
3626,10
3631,9
3632,10
3638,2
3638,10
3640,9
3643,10
3644,6
3645,9
3648,10
3649,8
3650,9
3652,10
3654,4
3657,9
3657,10
3659,5
3662,10
3663,9
3667,10
3669,9
3672,10
3674,3
3676,10
3679,9
3680,2
3680,10
3681,1
3685,10
3686,9
3687,7
3688,4
3689,10
3692,10
3694,9
3696,10
3701,10
3705,10
3707,9
3711,10
3715,10
3716,9
3719,10
3722,8
3724,10
3726,9
3729,10
3730,2
3734,6
3735,9
3735,10
3742,10
3743,4
3743,9
3748,5
3749,9
3749,10
3753,10
3756,3
3756,7
3757,9
3758,10
3762,9
3763,10
3765,9
3767,10
3769,9
3771,10
3774,9
3776,10
3777,2
3779,9
3782,10
3785,9
3786,4
3788,10
3790,9
3791,1
3792,10
3795,5
3796,9
3796,10
3800,10
3803,2
3803,8
3803,9
3803,10
3807,10
3809,9
3811,10
3814,9
3815,3
3815,10
3819,4
3819,10
3820,9
3822,10
3824,7
3827,10
3830,6
3830,10
3831,9
3834,10
3837,10
3840,9
3841,10
3845,10
3846,9
3849,10
3854,1
3854,4
3854,10
3855,2
3857,9
3861,5
3861,8
3861,10
3864,4
3865,10
3868,9
3871,10
3875,10
3876,9
3879,10
3882,9
3885,10
3889,9
3890,2
3891,10
3895,3
3895,9
3898,7
3898,10
3899,9
3904,9
3904,10
3908,9
3912,9
3912,10
3916,10
3918,4
3918,9
3920,10
3923,9
3925,10
3928,9
3932,10
3933,9
3935,6
3939,8
3940,9
3940,10
3945,1
3945,9
3946,10
3947,5
3949,9
3950,2
3950,10
3952,4
3953,9
3953,10
3956,9
3958,10
3961,9
3962,10
3966,10
3967,9
3971,9
3971,10
3976,9
3976,10
3981,9
3982,10
3986,9
3987,2
3987,3
3987,7
3987,10
3990,9
3990,10
3995,4
3996,10
3997,9
4003,10
4006,5
4008,9
4008,10
4012,6
4012,9
4012,10
4014,8
4015,10
4016,9
4019,10
4022,10
4023,9
4026,10
4031,9
4031,10
4033,2
4036,10
4037,9
4041,4
4042,10
4044,9
4045,10
4048,9
4049,1
4049,10
4050,7
4052,9
4055,10
4057,9
4062,9
4062,10
4066,10
4068,9
4071,10
4073,2
4074,9
4075,4
4076,10
4078,9
4080,10
4081,3
4081,5
4083,9
4083,10
4086,10
4087,9
4090,10
4092,9
4094,10
4098,10
4099,9
4100,6
4102,10
4103,4
4103,8
4105,2
4105,9
4107,10
4111,10
4114,9
4115,10
4120,10
4123,4
4123,9
4125,10
4130,10
4131,9
4134,1
4136,10
4138,9
4140,10
4141,7
4144,10
4149,9
4149,10
4156,3
4156,9
4156,10
4159,5
4162,4
4162,8
4163,2
4163,9
4163,10
4169,10
4170,9
4174,1
4177,9
4178,10
4181,9
4182,6
4184,10
4186,9
4190,10
4191,9
4196,10
4197,9
4200,2
4201,9
4204,10
4206,9
4211,9
4211,10
4215,4
4215,9
4218,7
4220,9
4221,10
4223,5
4224,8
4224,9
4224,10
4228,9
4229,10
4233,9
4233,10
4234,3
4237,10
4239,4
4239,9
4242,10
4245,9
4247,10
4250,9
4252,1
4252,10
4255,9
4259,10
4262,9
4263,6
4265,10
4267,2
4267,9
4271,10
4275,9
4278,10
4284,9
4286,10
4287,5
4292,4
4292,10
4293,9
4298,2
4298,9
4302,10
4303,9
4305,4
4305,8
4306,7
4309,9
4314,9
4314,10
4320,9
4322,10
4327,9
4332,10
4333,9
4336,10
4339,3
4340,10
4344,9
4345,6
4345,10
4347,2
4349,1
4349,10
4350,8
4351,9
4353,10
4359,9
4359,10
4363,10
4366,10
4367,9
4371,10
4373,5
4373,9
4374,4
4374,10
4378,10
4379,9
4385,10
4386,9
4391,10
4395,7
4396,2
4396,9
4399,10
4403,10
4406,2
4406,9
4408,4
4408,10
4412,3
4413,10
4416,2
4417,9
4420,10
4426,9
4426,10
4428,5
4428,8
4432,9
4433,4
4434,10
4439,1
4441,9
4443,10
4444,6
4448,9
4449,2
4450,10
4459,7
4459,9
4459,10
4465,10
4466,9
4469,10
4473,9
4473,10
4479,4
4481,10
4484,9
4487,10
4489,2
4491,9
4493,10
4499,9
4503,10
4504,9
4506,1
4508,8
4510,10
4511,9
4516,10
4518,9
4519,3
4520,4
4522,10
4523,5
4525,9
4527,6
4531,9
4533,10
4538,10
4539,2
4539,7
4540,9
4542,10
4544,9
4547,10
4548,9
4553,9
4553,10
4555,4
4559,9
4560,1
4561,10
4566,9
4569,10
4575,9
4576,10
4581,2
4581,9
4583,10
4588,9
4589,10
4590,8
4596,10
4597,3
4597,9
4602,5
4602,10
4604,9
4606,4
4608,7
4608,10
4611,9
4615,10
4619,9
4623,6
4625,9
4625,10
4626,2
4629,9
4631,10
4632,4
4633,9
4637,10
4638,9
4641,10
4644,9
4646,10
4648,4
4651,9
4652,1
4654,10
4658,9
4659,8
4660,10
4664,9
4666,10
4671,5
4671,9
4673,10
4677,9
4678,10
4679,3
4681,2
4683,10
4685,9
4689,4
4689,9
4691,10
4692,9
4696,9
4697,10
4700,9
4701,10
4704,9
4706,7
4706,10
4710,9
4712,10
4714,6
4714,8
4716,9
4717,10
4722,2
4723,9
4723,10
4729,10
4730,4
4731,9
4736,9
4737,1
4737,10
4741,4
4742,9
4748,10
4751,9
4752,5
4753,10
4754,3
4756,10
4757,9
4760,10
4761,9
4764,10
4765,9
4769,10
4770,9
4771,7
4775,9
4776,10
4777,2
4781,9
4781,10
4783,4
4784,10
4788,9
4788,10
4793,8
4793,10
4795,9
4798,1
4800,10
4803,2
4806,6
4806,10
4813,9
4814,10
4817,9
4818,2
4821,9
4821,10
4825,3
4826,9
4829,10
4830,5
4832,4
4832,9
4839,10
4840,9
4846,9
4849,7
4851,10
4855,9
4858,10
4860,9
4862,1
4866,9
4866,10
4872,10
4873,9
4876,10
4879,8
4879,9
4881,10
4883,9
4885,4
4887,10
4888,9
4891,5
4892,9
4892,10
4896,10
4897,2
4897,9
4901,6
4901,10
4902,9
4904,4
4905,10
4909,3
4909,10
4912,9
4912,10
4916,10
4918,9
4920,7
4921,10
4926,9
4927,10
4932,10
4935,2
4936,9
4937,10
4945,9
4945,10
4950,10
4951,8
4958,9
4958,10
4959,1
4959,4
4964,5
4964,9
4964,10
4967,9
4971,9
4971,10
4976,9
4976,10
4980,7
4980,10
4982,9
4983,4
4984,2
4985,10
4989,9
4992,10
4993,3
4996,10
4998,9
