8,12
9,6
10,2
10,13
10,21
10,22
10,25
10,29
10,31
10,32
11,3
11,7
11,10
11,19
11,27
11,30
11,33
11,36
12,1
12,5
12,9
12,11
12,14
12,15
12,16
12,17
12,18
12,20
12,23
12,24
12,28
12,34
12,37
12,38
12,39
12,40
13,4
13,8
13,12
13,26
13,35
14,17
14,19
14,21
14,22
14,25
15,2
15,13
15,29
15,31
15,33
15,34
15,36
15,38
15,40
16,16
16,23
16,32
16,37
16,39
17,6
17,8
17,10
17,19
17,28
17,35
18,1
18,3
18,17
18,30
19,5
19,9
19,40
20,11
20,14
20,33
20,37
20,38
21,34
21,35
21,36
23,4
25,40
26,35
28,34
29,37
31,33
34,34
34,38
35,37
35,40
36,33
38,35
41,33
41,34
42,38
43,37
45,35
47,34
48,33
52,37
52,38
53,40
54,34
54,35
55,33
59,34
60,40
61,35
62,36
63,38
64,34
65,37
67,33
68,40
70,34
70,38
72,36
74,40
76,34
76,35
76,37
76,38
81,38
82,40
83,34
84,33
86,35
87,36
87,38
90,33
90,37
92,38
92,40
95,39
96,34
96,35
96,37
97,38
98,18
98,40
101,37
103,20
103,34
104,17
106,27
106,35
106,37
106,38
107,33
109,34
110,35
110,37
110,40
112,6
112,28
112,31
113,25
114,33
114,37
115,34
116,8
116,19
116,38
117,14
118,17
118,24
119,16
119,35
120,1
120,2
120,11
120,12
120,15
120,30
120,34
120,36
120,37
120,40
121,3
121,9
121,22
121,23
121,33
122,4
122,13
122,21
122,39
123,7
123,19
123,29
123,35
123,38
123,40
124,5
124,12
124,17
124,34
125,16
125,28
125,31
126,37
127,10
127,26
127,35
127,36
127,38
128,21
128,32
128,33
128,34
129,25
129,39
130,37
131,40
132,38
133,34
134,35
135,37
136,38
137,33
137,40
141,37
142,34
142,38
142,40
145,35
147,40
148,36
148,37
149,38
152,34
152,35
153,40
157,37
157,38
158,40
159,36
161,34
161,37
164,33
164,35
164,40
167,37
167,38
172,34
172,36
172,37
173,40
175,38
179,37
180,23
180,34
181,36
181,38
181,40
183,33
183,35
184,19
186,37
188,33
190,38
191,40
194,34
194,37
195,35
196,13
196,33
196,36
198,40
200,37
202,17
202,38
203,8
203,34
204,33
205,39
206,1
206,20
206,37
207,36
207,40
209,12
209,35
209,38
210,18
210,37
211,33
212,24
212,34
213,17
215,37
216,19
216,22
216,35
216,36
217,6
217,30
217,38
217,40
218,25
218,33
219,14
219,28
220,34
220,37
221,2
221,9
221,27
222,4
222,21
222,29
223,11
223,16
223,31
223,36
223,38
223,39
224,3
224,7
224,32
224,34
224,35
225,5
225,15
225,26
225,40
226,19
226,30
226,37
227,12
228,10
228,35
229,33
229,36
229,38
230,37
231,34
235,33
236,37
239,33
239,39
240,36
241,35
241,37
242,40
243,34
243,38
245,33
245,37
246,35
247,40
249,33
249,37
251,35
253,33
254,34
254,37
255,35
257,40
258,33
259,38
261,35
261,37
263,34
264,33
264,40
266,35
266,38
269,37
272,33
272,34
272,35
274,37
275,40
277,36
277,38
278,13
278,35
280,37
281,34
282,40
283,8
283,33
286,37
288,17
288,23
288,39
289,1
289,33
289,35
289,40
291,6
291,34
291,36
291,37
292,20
292,38
294,18
294,33
296,22
296,35
297,12
297,25
297,37
297,40
298,34
299,33
299,39
300,14
300,17
302,11
302,19
302,28
302,31
302,38
303,16
303,35
303,36
304,21
304,24
305,7
305,9
305,27
305,34
306,5
306,33
306,37
306,38
306,40
307,2
307,3
307,19
307,29
307,30
307,35
308,17
309,4
310,33
310,34
310,35
310,36
310,39
311,12
311,19
311,23
311,38
312,32
312,37
315,35
317,38
318,33
319,34
319,37
320,36
321,13
322,40
323,33
324,38
326,34
326,35
328,40
331,33
331,38
332,34
335,37
336,36
336,38
337,33
338,34
338,35
339,40
341,37
343,38
344,40
345,34
347,33
347,37
349,10
349,35
349,38
349,40
351,36
351,37
352,34
355,40
357,17
357,33
357,37
360,15
360,38
360,39
361,8
361,34
361,35
362,40
363,26
363,33
363,37
366,38
368,37
369,28
369,33
371,38
371,40
373,11
373,35
374,34
375,37
376,6
377,38
378,40
379,25
380,31
380,33
380,35
381,30
381,37
381,38
382,34
383,14
384,36
385,22
386,38
388,35
388,40
389,1
389,2
389,12
389,13
389,20
389,23
390,3
390,21
390,38
391,16
391,34
391,37
392,17
392,19
392,27
392,33
392,40
393,4
393,5
393,24
393,32
393,35
394,9
394,18
394,29
394,38
395,7
396,33
396,34
396,36
396,37
396,39
397,8
397,19
398,17
398,38
399,35
400,28
400,31
400,40
401,36
401,37
403,33
403,34
403,38
405,37
406,38
407,40
409,37
410,34
412,35
412,38
414,34
415,37
416,36
416,40
418,38
420,33
420,34
422,36
422,37
423,38
424,40
427,34
428,35
428,36
428,37
429,38
429,39
430,40
432,34
434,33
434,37
435,35
435,38
438,34
438,40
439,33
440,35
440,36
440,37
441,38
442,39
444,34
444,40
445,35
445,37
447,33
447,38
450,35
451,34
452,33
452,36
452,37
452,38
453,40
459,34
459,35
459,36
459,37
459,38
460,33
464,6
464,38
465,25
465,34
465,40
466,23
466,35
467,37
468,33
469,36
470,14
470,34
472,38
473,40
474,37
475,19
475,35
476,8
476,34
477,38
478,2
478,33
479,17
480,40
482,22
482,37
482,38
483,13
483,15
483,30
483,36
484,20
484,24
484,31
485,1
485,12
485,16
485,34
486,10
486,19
486,21
486,28
486,33
486,35
486,37
486,39
486,40
487,9
487,18
487,27
487,32
487,36
487,38
488,4
488,5
488,17
488,29
489,7
489,11
489,34
490,25
490,36
491,12
491,26
491,33
491,35
491,37
491,39
492,3
492,19
492,38
494,34
495,37
496,40
497,36
497,38
498,35
499,33
499,34
500,37
502,40
504,34
505,37
506,36
507,33
507,38
507,40
511,34
512,37
514,40
517,34
518,35
518,38
518,39
519,40
520,33
521,36
522,37
526,34
527,35
529,33
529,36
529,40
530,38
533,37
536,34
536,38
537,37
537,40
541,23
542,37
542,40
543,33
544,34
544,35
544,36
544,38
544,39
549,37
550,33
553,36
553,37
554,38
554,40
555,33
559,33
559,37
560,40
561,8
562,36
563,6
564,33
565,17
565,34
565,37
566,38
566,39
567,13
567,18
567,22
567,40
568,14
568,21
569,2
569,11
569,28
570,35
571,10
571,30
571,31
571,34
571,38
571,40
572,3
572,8
572,9
572,12
572,15
572,19
572,27
572,36
572,37
573,1
573,4
573,16
573,24
573,29
573,33
573,39
574,5
574,20
574,23
574,25
574,35
574,40
575,7
575,17
575,19
575,32
575,38
576,26
576,34
576,37
577,12
577,21
577,28
577,36
578,9
578,33
579,40
580,35
580,37
580,38
581,39
582,34
586,40
588,33
588,38
591,37
593,35
593,40
595,33
598,37
599,40
602,34
603,37
604,33
605,38
607,35
608,37
612,37
614,33
614,38
617,36
617,37
617,40
619,35
620,33
621,34
621,37
624,33
625,35
625,38
627,34
627,37
628,33
632,40
633,35
634,33
634,36
635,37
637,38
639,13
639,33
640,34
642,38
642,40
643,17
644,22
644,36
646,38
646,39
647,33
647,34
647,37
648,6
648,19
648,35
649,2
649,25
649,31
650,38
650,40
651,3
651,11
652,33
652,35
653,19
653,30
653,34
654,12
654,14
655,27
655,37
655,38
656,16
656,24
657,4
657,33
657,35
658,5
658,20
658,29
658,40
659,8
659,23
659,36
660,17
660,34
661,1
661,21
661,38
662,28
662,39
662,40
663,26
663,35
663,36
664,34
664,37
665,18
665,32
665,33
665,38
666,10
670,34
670,36
670,37
670,40
671,35
674,33
675,39
676,40
678,34
678,37
679,35
679,38
681,33
682,40
683,34
688,35
688,39
689,33
689,34
689,36
689,37
690,40
691,38
695,34
696,37
698,35
698,40
699,38
701,37
702,33
705,38
707,37
707,40
708,35
709,34
712,38
713,13
714,37
715,31
715,40
716,34
717,33
717,38
718,15
718,36
719,35
722,17
722,38
724,33
725,36
725,37
727,7
727,19
727,28
727,34
727,38
729,9
729,40
730,35
731,23
731,34
731,36
731,37
731,38
732,33
733,30
734,40
735,39
736,38
737,21
737,33
737,34
738,25
740,38
741,40
742,12
742,33
742,34
743,19
744,2
744,22
745,37
745,38
746,16
747,17
747,24
747,33
747,35
748,11
748,27
748,36
749,6
749,20
750,29
750,34
750,38
750,40
751,8
751,19
752,3
752,33
752,37
753,1
753,35
753,39
754,5
754,17
755,38
756,34
756,40
757,4
757,13
758,14
758,18
758,37
761,31
761,36
762,34
762,35
763,33
763,38
765,37
766,40
769,35
770,37
772,33
772,38
773,10
773,34
774,37
775,40
778,33
778,37
778,38
779,35
781,37
782,34
783,33
785,35
785,37
785,40
786,38
789,37
791,33
791,35
795,34
795,37
796,38
799,37
800,33
801,35
801,40
803,37
804,34
804,38
808,33
808,40
809,37
809,38
814,35
814,40
815,23
815,34
815,36
816,37
818,32
818,40
819,28
819,30
819,38
821,33
821,37
822,20
823,15
823,38
824,6
824,9
824,24
824,26
824,34
824,35
824,40
825,8
825,21
825,36
825,39
826,12
826,33
827,13
827,16
827,22
827,37
828,2
828,17
828,38
828,40
829,4
829,11
829,18
829,31
830,19
830,25
830,29
830,33
830,34
831,1
831,35
831,37
832,5
832,36
832,38
832,40
833,3
833,12
833,27
834,14
834,17
834,23
834,33
835,34
836,37
836,39
837,7
837,19
837,35
837,38
837,40
839,36
841,33
841,37
843,40
844,35
845,37
845,38
848,33
849,37
851,35
851,38
851,40
853,34
854,33
854,37
856,35
858,38
860,37
861,33
861,40
863,34
863,35
866,37
866,38
868,35
870,40
872,37
873,33
874,35
875,34
875,38
880,35
880,37
884,33
884,36
884,37
885,38
885,40
886,34
887,8
889,35
889,37
892,36
893,37
894,35
895,10
895,33
895,39
897,17
897,34
897,38
899,37
899,40
902,35
902,36
906,6
906,38
907,37
907,40
908,19
908,33
910,31
910,35
910,39
911,34
912,12
912,28
913,1
913,25
913,36
914,22
914,37
915,5
915,9
915,18
915,38
915,40
916,4
916,13
916,14
916,17
916,21
916,30
916,32
916,33
916,35
916,39
917,11
917,27
917,34
918,16
918,37
919,2
919,8
919,15
919,19
919,24
919,36
920,3
920,20
920,23
920,29
920,38
921,26
921,28
921,35
921,40
922,7
922,9
922,33
922,37
923,10
923,11
923,34
923,36
924,4
924,12
924,17
924,19
924,21
924,38
925,31
927,35
927,36
927,37
928,34
928,38
929,33
929,40
930,1
933,37
934,34
936,38
937,35
937,40
939,34
941,33
942,37
944,38
947,34
948,35
948,37
951,38
953,34
953,40
955,37
956,33
957,36
958,35
958,40
963,34
964,37
965,40
966,38
968,35
969,37
970,33
970,34
970,40
973,39
975,35
975,38
976,40
978,37
982,35
983,33
983,38
984,37
985,34
987,40
990,34
991,35
991,37
995,37
996,34
997,38
999,6
999,33
1000,13
1001,34
1001,37
1002,23
1002,35
1002,40
1004,25
1006,17
1006,33
1006,34
1007,2
1007,18
1007,37
1008,14
1008,38
1008,40
1009,16
1009,35
1010,22
1010,34
1010,36
1012,19
1012,30
1013,8
1014,20
1015,5
1015,12
1015,31
1015,34
1015,40
1016,9
1016,29
1016,35
1016,37
1016,38
1016,39
1017,3
1017,7
1017,17
1017,24
1017,27
1017,36
1018,4
1018,21
1018,28
1018,32
1019,34
1019,35
1020,19
1020,36
1020,37
1020,38
1021,1
1021,11
1021,15
1021,26
1021,33
1022,9
1022,13
1023,10
1023,34
1023,38
1023,40
1024,37
1025,39
1026,17
1026,36
1027,35
1028,38
1029,34
1029,37
1030,33
1032,38
1034,37
1035,35
1035,36
1036,34
1036,38
1038,33
1038,37
1040,38
1041,40
1042,37
1043,35
1044,34
1047,37
1048,38
1049,35
1049,39
1051,33
1051,34
1051,36
1052,37
1055,38
1057,37
1060,33
1060,35
1062,37
1063,38
1065,36
1065,40
1067,6
1068,34
1069,37
1069,39
1073,38
1073,40
1075,34
1076,33
1076,35
1076,37
1080,38
1082,40
1083,18
1084,36
1084,37
1085,34
1087,21
1088,8
1088,25
1089,31
1089,35
1089,38
1089,40
1090,33
1091,15
1091,34
1092,12
1092,17
1092,23
1092,27
1092,30
1092,32
1092,36
1093,20
1093,22
1093,37
1094,2
1094,16
1094,19
1094,24
1094,33
1095,7
1095,11
1095,14
1095,17
1095,28
1095,38
1095,40
1096,1
1096,3
1096,4
1096,5
1096,9
1096,10
1096,29
1096,34
1096,35
1096,39
1097,13
1097,36
1098,12
1098,25
1098,26
1098,37
1098,40
1099,19
1099,21
1099,33
1099,34
1099,38
1100,30
1100,35
1101,8
1101,17
1101,31
1102,36
1103,37
1104,6
1104,34
1104,39
1105,22
1108,38
1110,34
1111,35
1111,36
1111,37
1111,40
1115,33
1115,38
1117,37
1117,40
1119,34
1119,36
1121,38
1123,40
1124,36
1125,37
1125,38
1126,34
1127,35
1131,38
1133,36
1133,37
1133,40
1134,34
1135,33
1138,38
1140,36
1142,33
1142,37
1142,40
1144,35
1145,38
1146,34
1146,37
1147,33
1148,39
1148,40
1153,37
1153,38
1153,40
1154,23
1155,33
1156,36
1157,35
1157,37
1160,34
1161,39
1162,33
1162,37
1162,40
1164,35
1164,38
1167,33
1167,37
1171,37
1173,19
1173,33
1173,40
1174,35
1174,38
1176,28
1177,8
1178,17
1178,35
1179,37
1180,39
1181,12
1181,13
1181,21
1181,24
1181,34
1181,36
1182,11
1182,33
1183,6
1183,9
1183,14
1183,38
1184,22
1184,31
1184,35
1185,1
1185,4
1185,16
1185,18
1185,29
1185,37
1186,2
1186,3
1186,25
1186,27
1187,17
1187,19
1187,32
1187,34
1187,40
1188,5
1188,10
1188,12
1188,20
1188,30
1188,35
1188,36
1188,38
1189,7
1189,15
1189,33
1190,37
1190,40
1192,19
1192,26
1192,35
1193,39
1196,33
1196,35
1197,38
1197,40
1199,34
1199,37
1202,35
1204,40
1207,33
1209,35
1210,37
1210,39
1212,36
1212,38
1213,34
1213,40
1216,35
1219,37
1220,34
1222,35
1222,36
1222,40
1223,33
1225,37
1229,39
1230,35
1231,37
1234,38
1235,33
1235,34
1235,35
1236,40
1238,37
1240,35
1242,34
1242,37
1245,39
1246,34
1246,35
1247,40
1248,37
1252,34
1252,35
1254,31
1254,38
1255,36
1256,33
1256,39
1256,40
1257,23
1258,37
1259,28
1259,34
1260,18
1263,11
1264,35
1264,36
1265,8
1265,17
1265,34
1265,37
1266,12
1266,25
1267,6
1267,38
1267,39
1268,9
1268,19
1268,30
1268,33
1269,13
1269,34
1270,1
1270,5
1270,21
1270,22
1270,29
1270,40
1271,2
1271,16
1271,17
1271,32
1271,37
1272,4
1272,24
1272,33
1272,35
1273,3
1273,10
1273,20
1273,28
1273,34
1273,36
1273,38
1273,39
1274,14
1274,19
1274,27
1275,15
1276,7
1276,18
1276,31
1276,33
1276,35
1276,37
1276,38
1276,40
1277,34
1281,12
1281,26
1282,37
1283,33
1284,36
1284,38
1284,40
1288,35
1289,37
1291,36
1292,33
1294,34
1294,38
1294,40
1295,37
1297,36
1300,35
1300,40
1302,33
1302,38
1303,34
1303,36
1304,37
1304,40
1308,33
1308,38
1308,40
1309,36
1309,37
1312,40
1315,38
1317,34
1317,37
1317,40
1318,33
1318,35
1318,36
1323,37
1323,38
1324,40
1325,33
1327,37
1328,40
1329,36
1330,33
1330,34
1330,35
1331,37
1332,38
1332,39
1332,40
1335,23
1336,37
1336,40
1337,38
1340,33
1340,35
1342,8
1342,40
1343,25
1343,37
1345,34
1345,38
1346,33
1346,40
1349,37
1351,17
1352,33
1352,34
1352,38
1352,40
1354,12
1354,13
1355,6
1357,19
1357,33
1357,36
1357,40
1358,21
1358,22
1358,35
1358,37
1358,39
1359,34
1359,38
1360,18
1361,17
1361,31
1362,30
1363,28
1363,29
1364,14
1364,16
1364,24
1364,36
1364,37
1365,1
1365,2
1365,5
1365,8
1365,27
1365,34
1365,39
1366,3
1366,4
1366,9
1366,32
1366,35
1367,7
1367,11
1367,12
1367,19
1367,20
1367,21
1367,38
1367,40
1368,15
1368,33
1368,37
1369,10
1369,17
1369,34
1369,35
1370,16
1370,26
1372,36
1372,37
1372,38
1372,40
1373,33
1373,34
1373,35
1374,19
1375,30
1378,33
1378,38
1379,37
1380,35
1381,40
1382,34
1383,37
1386,40
1387,35
1389,33
1389,34
1389,37
1389,38
1395,35
1395,37
1395,40
1397,33
1397,34
1399,38
1400,37
1403,34
1403,35
1404,38
1405,37
1405,40
1406,33
1408,34
1410,37
1411,38
1411,40
1414,34
1415,37
1415,39
1416,38
1418,40
1419,23
1419,35
1419,37
1420,33
1422,14
1423,38
1423,40
1424,34
1424,37
1426,13
1426,39
1428,35
1430,17
1430,36
1430,40
1431,31
1431,34
1431,38
1432,25
1432,39
1434,40
1437,34
1437,37
1437,38
1438,18
1440,40
1442,39
1444,35
1445,37
1445,38
1446,20
1446,36
1446,40
1448,34
1451,6
1451,36
1451,38
1451,40
1455,28
1455,37
1456,35
1456,39
1456,40
1457,38
1459,34
1462,4
1462,38
1463,27
1463,40
1465,11
1465,34
1465,35
1465,36
1466,3
1466,30
1466,37
1467,33
1468,5
1468,21
1468,38
1469,12
1469,32
1470,19
1470,40
1471,22
1471,24
1471,34
1471,37
1472,9
1472,33
1472,39
1473,2
1473,16
1473,29
1473,35
1473,36
1473,38
1474,17
1476,10
1476,15
1476,40
1477,8
1477,25
1477,34
1478,1
1478,23
1478,38
1479,19
1479,37
1480,14
1480,31
1480,40
1481,34
1482,17
1482,33
1482,38
1483,26
1483,35
1484,36
1485,7
1485,39
1487,13
1488,34
1488,40
1489,33
1489,37
1492,36
1492,38
1497,34
1498,40
1499,36
1500,33
1500,37
1500,38
1502,35
1505,39
1506,34
1506,37
1508,38
1509,33
1509,35
1512,34
1512,37
1513,40
1515,38
1516,33
1516,34
1518,35
1522,37
1523,34
1523,35
1524,40
1526,38
1528,34
1529,35
1530,6
1532,37
1533,36
1533,38
1534,4
1535,33
1535,34
1535,40
1536,35
1537,37
1539,8
1541,33
1541,35
1543,37
1546,34
1547,18
1547,38
1548,1
1548,33
1548,35
1549,37
1550,12
1551,13
1551,19
1551,20
1551,28
1552,35
1552,38
1552,39
1552,40
1553,33
1553,34
1554,17
1554,21
1554,25
1554,31
1554,37
1556,16
1556,30
1557,3
1557,9
1557,33
1557,34
1558,22
1558,27
1558,35
1558,38
1559,2
1559,14
1559,19
1559,29
1559,36
1559,37
1560,23
1560,24
1560,40
1561,5
1561,12
1561,38
1561,39
1562,11
1562,17
1562,33
1562,34
1562,35
1565,4
1566,38
1567,34
1567,37
1568,7
1569,35
1569,39
1570,32
1571,34
1571,36
1571,38
1572,33
1572,40
1576,38
1577,36
1577,37
1579,34
1580,33
1580,40
1582,38
1585,37
1585,39
1586,33
1587,34
1588,35
1588,40
1590,36
1591,33
1591,38
1594,40
1595,37
1597,33
1599,35
1600,36
1601,34
1601,37
1603,33
1603,38
1603,40
1604,17
1606,37
1608,39
1609,35
1609,38
1609,40
1611,37
1612,33
1613,6
1614,10
1615,37
1616,26
1618,1
1618,16
1618,33
1618,38
1618,40
1619,11
1619,15
1619,37
1620,35
1621,8
1622,19
1622,31
1622,34
1623,20
1624,37
1624,40
1625,17
1625,25
1625,28
1625,30
1625,38
1626,21
1626,22
1626,35
1626,36
1627,3
1627,12
1627,18
1627,34
1628,27
1628,37
1628,38
1629,13
1629,24
1629,32
1629,33
1629,39
1630,2
1630,9
1630,19
1630,23
1631,14
1632,34
1632,37
1632,38
1632,40
1633,7
1633,33
1633,35
1633,36
1634,29
1635,4
1636,5
1636,39
1637,37
1638,35
1638,38
1639,33
1640,34
1642,37
1646,38
1647,33
1647,35
1647,37
1649,40
1651,34
1653,37
1656,40
1657,33
1658,35
1658,37
1661,38
1663,37
1664,35
1668,34
1668,37
1669,33
1670,36
1670,38
1671,35
1673,37
1674,40
1675,34
1676,38
1678,35
1680,37
1683,34
1683,35
1685,17
1685,38
1687,33
1688,35
1689,37
1690,36
1691,31
1692,34
1692,35
1693,21
1693,38
1694,8
1696,33
1696,37
1697,6
1697,19
1697,40
1698,34
1698,35
1700,38
1701,1
1701,25
1701,37
1702,33
1702,35
1705,34
1705,37
1705,38
1705,40
1707,35
1709,36
1711,35
1711,38
1712,33
1714,13
1714,37
1715,35
1715,38
1717,33
1717,34
1717,40
1719,39
1720,12
1720,38
1721,35
1722,37
1724,33
1725,30
1725,34
1726,35
1726,38
1727,23
1727,28
1728,37
1730,35
1730,38
1731,33
1732,15
1732,24
1733,34
1733,40
1734,35
1734,37
1735,4
1735,27
1735,38
1736,33
1738,34
1738,35
1739,38
1740,11
1740,20
1741,19
1742,26
1742,37
1743,35
1743,38
1744,3
1744,17
1744,34
1745,6
1745,16
1745,31
1745,32
1746,9
1746,33
1746,36
1747,2
1747,5
1747,22
1747,37
1748,12
1748,18
1748,29
1748,40
1749,7
1749,17
1749,19
1749,34
1749,35
1749,38
1750,1
1750,14
1750,16
1750,37
1750,39
1751,21
1751,25
1752,8
1752,33
1753,10
1753,28
1753,34
1753,38
1754,35
1754,37
1754,40
1755,36
1757,37
1760,35
1760,38
1761,34
1761,37
1766,34
1767,35
1767,38
1768,37
1769,33
1769,40
1772,35
1772,37
1773,34
1777,33
1777,35
1778,37
1782,34
1783,35
1784,38
1785,37
1786,40
1789,33
1789,34
1790,35
1792,37
1796,34
1796,35
1796,38
1796,40
1800,36
1801,33
1802,34
1803,30
1803,35
1804,13
1805,38
1806,17
1807,36
1808,34
1808,37
1808,40
1809,2
1809,24
1811,39
1813,4
1813,35
1814,19
1815,33
1816,22
1816,37
1817,3
1817,12
1817,31
1817,36
1817,38
1818,14
1818,27
1818,40
1819,37
1820,34
1820,35
1821,11
1821,23
1821,38
1822,9
1822,16
1823,8
1824,37
1825,20
1825,40
1826,15
1826,17
1826,21
1826,28
1826,35
1827,5
1827,36
1828,10
1828,25
1828,32
1828,34
1828,37
1828,38
1829,6
1831,7
1831,13
1831,33
1831,35
1831,40
1832,29
1833,1
1833,19
1833,37
1833,39
1835,26
1836,35
1837,33
1837,34
1837,40
1838,24
1838,30
1838,38
1839,18
1839,37
1842,35
1846,33
1846,36
1847,37
1848,35
1848,38
1849,39
1851,40
1854,33
1854,34
1854,35
1856,37
1862,33
1862,35
1864,39
1865,36
1866,34
1866,37
1867,33
1871,40
1872,35
1873,33
1873,38
1874,37
1878,35
1878,38
1880,33
1880,36
1882,35
1884,37
1885,38
1887,33
1887,35
1888,34
1890,36
1890,38
1891,17
1893,8
1893,37
1894,34
1894,35
1894,40
1896,36
1896,38
1898,33
1898,37
1900,23
1901,21
1901,34
1903,12
1904,37
1904,38
1905,31
1905,36
1906,34
1906,35
1907,19
1909,33
1909,40
1910,34
1911,22
1911,27
1911,28
1911,38
1912,4
1912,25
1912,35
1912,37
1913,11
1914,2
1914,34
1914,40
1915,3
1915,33
1915,38
1916,6
1916,9
1916,13
1916,30
1916,37
1917,14
1917,17
1917,32
1918,19
1918,24
1919,16
1919,29
1919,34
1919,35
1919,36
1919,40
1920,18
1920,33
1920,37
1920,38
1921,1
1921,7
1921,10
1921,20
1921,21
1921,39
1922,8
1923,37
1923,40
1924,5
1924,17
1924,34
1924,38
1925,33
1926,35
1927,37
1928,34
1928,40
1929,23
1931,39
1932,35
1932,37
1933,40
1935,34
1937,35
1938,37
1938,38
1938,40
1941,33
1942,34
1942,40
1944,37
1944,38
1945,35
1946,40
1947,34
1950,33
1951,38
1951,40
1952,34
1952,35
1954,37
1958,34
1959,40
1960,38
1961,33
1961,35
1965,31
1965,37
1966,33
1966,34
1966,36
1967,38
1969,40
1970,35
1971,12
1971,37
1974,38
1974,40
1975,17
1975,33
1976,34
1977,26
1978,15
1978,37
1979,36
1980,19
1980,38
1980,40
1981,13
1981,28
1982,33
1982,35
1983,8
1984,34
1985,6
1985,22
1985,36
1985,37
1986,40
1987,33
1987,38
1988,39
1989,35
1990,14
1990,17
1990,37
1992,33
1992,38
1993,40
1994,34
1994,35
1994,36
1995,39
1998,33
1998,37
1999,40
2001,38
2003,23
2004,35
2005,33
2005,40
2006,36
2006,39
2007,37
2009,25
2011,33
2011,34
2012,38
2013,36
2014,35
2014,37
2014,40
2016,18
2016,30
2017,39
2019,34
2020,9
2021,36
2023,2
2023,4
2023,16
2023,38
2023,40
2024,7
2024,33
2024,34
2025,29
2025,31
2025,39
2026,5
2026,19
2026,36
2027,27
2027,35
2028,12
2028,40
2029,3
2030,17
2030,21
2030,33
2031,34
2031,37
2031,39
2032,10
2032,20
2032,24
2032,35
2033,32
2033,36
2033,38
2034,1
2034,40
2035,11
2035,22
2036,34
2036,37
2037,13
2037,33
2038,28
2040,38
2041,35
2041,36
2042,19
2042,34
2042,40
2043,37
2045,33
2048,40
2049,38
2050,8
2050,37
2051,6
2052,36
2052,39
2052,40
2054,35
2054,38
2055,34
2055,37
2058,40
2060,37
2061,38
2062,35
2063,33
2063,36
2066,37
2066,38
2067,15
2067,40
2071,34
2072,37
2072,40
2073,38
2074,35
2076,14
2076,37
2077,23
2079,34
2079,35
2080,38
2080,40
2081,33
2081,37
2085,33
2085,40
2086,35
2087,37
2090,34
2091,38
2092,35
2092,40
2093,33
2096,37
2097,25
2098,33
2098,34
2098,40
2100,30
2100,38
2102,17
2103,39
2103,40
2105,35
2105,36
2106,2
2107,26
2107,37
2108,27
2108,33
2108,34
2109,9
2109,19
2110,28
2110,38
2110,40
2111,12
2111,31
2111,35
2112,4
2112,24
2113,17
2114,5
2114,8
2114,32
2114,33
2114,34
2114,36
2115,1
2115,18
2115,20
2115,21
2115,22
2115,37
2115,39
2116,13
2116,16
2117,29
2117,38
2117,40
2118,3
2118,10
2118,35
2119,14
2119,19
2119,37
2120,6
2120,7
2120,12
2120,15
2120,33
2120,34
2120,36
2121,17
2122,31
2122,38
2123,11
2123,40
2124,23
2124,33
2124,35
2126,36
2126,37
2128,25
2128,38
2130,33
2132,37
2133,35
2133,38
2134,33
2134,34
2135,40
2136,37
2139,33
2140,37
2141,38
2143,33
2145,37
2147,34
2147,38
2148,40
2149,33
2151,35
2151,37
2153,33
2156,34
2157,37
2158,33
2158,38
2159,40
2161,35
2163,33
2163,37
2164,40
2165,38
2166,34
2169,40
2170,33
2172,35
2173,34
2175,33
2176,36
2177,37
2179,40
2180,35
2180,38
2183,33
2185,37
2185,40
2186,39
2187,33
2187,34
2191,30
2192,35
2192,40
2193,33
2193,37
2194,18
2194,38
2196,39
2197,26
2197,34
2198,6
2198,21
2198,37
2199,35
2201,19
2201,37
2201,38
2202,1
2202,8
2202,24
2202,31
2202,33
2202,36
2203,34
2203,35
2203,40
2204,2
2204,28
2205,13
2205,17
2205,25
2205,37
2206,27
2207,12
2207,22
2207,23
2207,33
2207,34
2207,35
2208,9
2208,38
2209,8
2209,10
2209,11
2209,19
2209,37
2210,3
2210,4
2210,5
2210,14
2210,17
2210,20
2210,40
2211,15
2211,16
2211,32
2211,35
2212,29
2212,33
2212,34
2212,36
2212,39
2213,7
2213,12
2213,37
2213,38
2214,40
2216,13
2216,19
2216,30
2216,35
2217,33
2217,37
2218,38
2219,34
2219,40
2223,35
2223,37
2224,33
2225,40
2227,34
2227,37
2227,38
2231,40
2232,35
2232,37
2234,34
2234,38
2235,33
2238,38
2238,40
2239,37
2241,35
2241,36
2242,40
2243,34
2243,37
2243,38
2246,33
2247,40
2248,36
2249,35
2249,37
2249,38
2254,40
2255,34
2255,37
2257,35
2259,38
2260,34
2260,37
2261,36
2261,40
2262,31
2266,33
2266,37
2267,34
2267,38
2267,40
2269,35
2272,37
2273,34
2274,35
2274,40
2275,38
2278,37
2280,35
2282,34
2283,40
2284,37
2285,39
2286,38
2287,35
2289,34
2290,37
2293,3
2293,35
2293,40
2294,28
2295,6
2295,33
2295,34
2296,14
2296,17
2296,37
2297,4
2298,22
2298,35
2298,38
2298,40
2300,1
2300,8
2300,9
2300,13
2300,20
2300,34
2301,16
2301,19
2301,24
2301,25
2301,31
2302,11
2302,12
2302,29
2302,37
2302,40
2303,10
2303,17
2303,18
2303,21
2303,23
2303,30
2303,33
2303,34
2303,35
2303,36
2303,38
2304,2
2304,5
2304,27
2305,15
2305,19
2305,32
2305,39
2306,3
2306,16
2306,28
2307,22
2307,26
2307,34
2307,38
2307,40
2308,1
2308,4
2308,7
2308,9
2308,25
2309,35
2309,36
2309,37
2310,33
2311,34
2311,40
2312,12
2312,17
2312,38
2315,35
2316,40
2317,33
2318,37
2320,34
2322,35
2325,38
2325,40
2327,35
2327,37
2328,33
2334,33
2334,37
2335,35
2335,38
2335,40
2336,34
2336,36
2339,37
2340,35
2342,34
2342,38
2345,35
2345,37
2348,34
2349,36
2350,33
2350,40
2351,38
2352,35
2353,34
2354,37
2357,35
2358,33
2358,39
2360,34
2360,37
2363,33
2364,38
2366,34
2368,35
2368,36
2369,33
2370,34
2370,37
2371,40
2372,38
2374,34
2375,6
2376,35
2376,40
2377,37
2379,34
2380,33
2381,23
2381,35
2382,37
2384,38
2385,40
2386,34
2386,37
2387,8
2387,35
2387,36
2388,30
2388,31
2389,14
2390,37
2391,5
2391,21
2392,33
2392,34
2393,17
2393,35
2393,38
2394,13
2394,16
2394,27
2394,40
2395,29
2396,11
2396,12
2396,25
2396,34
2397,1
2397,19
2397,35
2397,37
2398,17
2398,24
2398,28
2398,36
2398,38
2399,3
2399,10
2399,20
2399,33
2399,40
2400,9
2400,22
2400,34
2400,37
2400,39
2401,32
2401,35
2402,2
2402,38
2403,40
2405,37
2406,4
2406,26
2406,31
2406,34
2409,35
2409,36
2409,38
2410,18
2410,37
2411,34
2412,13
2414,33
2415,36
2416,37
2416,40
2418,34
2418,38
2421,37
2424,33
2424,37
2426,34
2426,38
2427,36
2428,37
2429,40
2430,35
2432,33
2432,37
2435,34
2435,40
2437,38
2438,37
2439,35
2440,33
2441,34
2441,40
2443,39
2444,23
2445,35
2447,37
2447,40
2449,33
2449,35
2450,38
2451,34
2454,35
2455,38
2456,40
2458,6
2459,35
2460,15
2460,37
2461,33
2461,36
2461,40
2463,35
2463,39
2464,8
2465,19
2466,40
2467,35
2468,37
2471,34
2471,38
2472,14
2472,27
2472,33
2473,30
2473,35
2473,40
2476,12
2476,17
2476,38
2477,4
2478,16
2478,19
2478,24
2479,3
2479,20
2479,21
2479,35
2479,37
2479,39
2480,5
2480,7
2480,13
2480,25
2480,34
2480,36
2481,9
2481,29
2481,33
2481,40
2482,10
2482,22
2482,31
2482,32
2482,38
2483,2
2483,19
2483,28
2484,1
2484,8
2484,11
2484,17
2484,18
2484,26
2484,34
2484,35
2484,36
2484,37
2485,39
2485,40
2486,38
2487,12
2489,34
2490,35
2491,39
2492,33
2493,38
2496,35
2497,37
2497,40
2498,34
2499,39
2502,35
2504,34
2505,38
2506,37
2507,39
2509,34
2509,35
2511,36
2511,40
2514,34
2516,35
2518,40
2519,39
2520,35
2520,37
2521,34
2521,38
2525,35
2525,40
2527,33
2529,34
2529,35
2530,23
2530,40
2531,37
2533,35
2534,34
2534,40
2536,37
2538,34
2539,35
2540,33
2541,40
2543,34
2544,35
2544,38
2546,40
2548,30
2549,34
2549,35
2551,6
2551,14
2551,37
2551,38
2552,40
2553,25
2554,33
2555,17
2555,35
2555,38
2556,34
2556,37
2557,40
2558,8
2558,31
2559,4
2559,20
2559,35
2560,39
2562,21
2562,22
2562,34
2562,38
2562,40
2563,12
2563,37
2564,27
2564,35
2565,5
2566,24
2566,32
2566,38
2566,40
2567,10
2567,16
2567,28
2567,37
2568,3
2568,13
2568,19
2568,34
2569,15
2569,33
2569,35
2570,9
2570,38
2570,40
2571,18
2571,36
2572,1
2572,17
2572,26
2572,37
2573,34
2573,35
2574,29
2574,38
2574,40
2575,7
2576,19
2576,36
2576,37
2577,23
2579,34
2579,35
2579,38
2580,11
2580,37
2580,40
2582,33
2583,37
2585,38
2586,34
2587,37
2587,40
2588,35
2590,38
2591,34
2591,36
2591,37
2594,35
2595,38
2596,37
2597,33
2598,34
2598,40
2600,35
2603,37
2604,33
2604,36
2604,38
2606,35
2609,37
2609,40
2610,33
2611,34
2611,39
2615,38
2616,34
2616,35
2619,33
2619,40
2620,31
2623,34
2623,37
2625,35
2625,40
2627,30
2627,34
2629,37
2630,6
2630,36
2630,38
2631,33
2632,2
2632,39
2633,12
2633,34
2633,40
2635,17
2636,25
2636,37
2637,4
2637,34
2637,38
2639,28
2640,35
2641,36
2642,14
2643,23
2643,34
2643,37
2643,40
2644,38
2645,33
2646,21
2647,9
2647,13
2647,27
2649,8
2649,34
2649,37
2649,38
2650,17
2650,19
2650,24
2651,15
2651,16
2651,29
2651,35
2651,40
2652,1
2652,22
2653,11
2653,20
2653,33
2654,3
2654,10
2654,18
2654,31
2654,36
2654,37
2655,5
2655,17
2656,12
2656,19
2656,34
2656,35
2656,38
2656,39
2656,40
2657,33
2658,25
2659,7
2660,16
2661,40
2663,26
2663,33
2663,37
2664,35
2667,36
2667,38
2668,33
2668,37
2670,34
2672,37
2674,33
2675,36
2676,37
2676,39
2678,33
2679,38
2680,40
2681,37
2685,33
2685,34
2685,35
2686,37
2691,33
2691,38
2693,35
2694,37
2695,36
2695,40
2696,33
2698,34
2700,37
2702,33
2703,35
2706,34
2707,33
2707,37
2707,38
2709,40
2711,37
2714,33
2714,35
2715,36
2717,37
2717,40
2719,32
2720,34
2721,37
2722,33
2723,38
2726,36
2726,37
2726,40
2727,28
2727,39
2729,26
2730,34
2731,33
2731,37
2731,40
2732,23
2733,4
2733,30
2734,38
2736,37
2737,21
2737,34
2737,35
2737,36
2737,39
2737,40
2738,2
2738,13
2738,27
2739,6
2739,8
2739,17
2740,12
2740,24
2741,16
2741,29
2742,3
2742,5
2742,9
2742,11
2742,19
2742,22
2742,31
2742,33
2742,34
2742,38
2742,40
2743,1
2743,10
2743,14
2743,17
2743,21
2743,25
2743,35
2743,37
2743,39
2744,18
2744,20
2744,36
2745,7
2745,15
2745,28
2745,38
2745,40
2746,12
2746,19
2746,33
2746,34
2747,37
2748,4
2748,16
2748,35
2749,13
2749,38
2749,40
2750,36
2752,35
2753,30
2753,33
2754,37
2754,40
2755,34
2759,35
2760,37
2762,36
2762,38
2762,40
2763,33
2764,35
2766,37
2769,34
2769,35
2770,38
2773,40
2775,34
2776,35
2776,38
2777,37
2780,34
2783,36
2783,40
2784,35
2785,38
2787,34
2790,40
2793,35
2793,38
2794,34
2794,37
2797,39
2799,34
2799,35
2800,40
2804,36
2805,34
2805,35
2807,32
2808,33
2808,38
2808,40
2809,34
2810,37
2812,17
2815,34
2815,37
2816,8
2816,35
2817,23
2817,36
2817,40
2819,1
2819,2
2819,33
2819,34
2820,38
2821,28
2821,31
2822,6
2823,11
2823,17
2823,34
2823,37
2823,40
2824,25
2825,14
2825,27
2826,19
2827,9
2827,12
2827,20
2827,22
2827,34
2827,35
2827,38
2828,24
2829,3
2829,4
2829,7
2829,16
2829,21
2829,33
2829,40
2830,5
2830,26
2830,37
2830,38
2830,39
2831,17
2831,18
2831,29
2831,30
2831,35
2832,13
2833,10
2833,19
2833,34
2833,36
2834,31
2835,33
2835,40
2836,35
2837,37
2837,38
2841,34
2841,39
2843,35
2843,36
2844,33
2850,35
2850,38
2851,33
2851,34
2851,37
2856,35
2857,37
2858,33
2858,38
2858,40
2860,34
2861,36
2862,37
2867,33
2867,35
2867,37
2868,15
2868,34
2868,38
2872,37
2873,35
2874,38
2876,34
2877,35
2878,37
2880,40
2881,33
2881,34
2883,35
2883,37
2886,33
2887,34
2887,35
2887,37
2887,38
2891,34
2892,35
2893,38
2894,33
2894,37
2897,34
2897,35
2897,38
2898,37
2902,35
2903,38
2904,34
2904,37
2905,33
2906,36
2907,40
2909,25
2909,34
2910,35
2911,37
2911,38
2913,33
2914,23
2914,34
2915,3
2915,12
2915,38
2915,40
2916,17
2916,28
2916,35
2917,8
2917,14
2918,6
2919,19
2919,21
2919,34
2919,37
2919,38
2919,39
2919,40
2920,4
2920,11
2920,13
2920,22
2920,24
2921,5
2921,20
2921,31
2921,33
2921,35
2921,36
2922,1
2922,2
2922,7
2922,9
2922,27
2923,29
2923,30
2923,34
2923,37
2923,38
2923,40
2924,12
2924,16
2924,17
2924,18
2924,32
2925,10
2925,19
2926,28
2926,35
2926,36
2927,25
2927,26
2927,39
2927,40
2928,15
2928,34
2928,37
2928,38
2929,33
2931,35
2932,40
2933,37
2937,34
2937,35
2938,37
2938,40
2939,36
2940,38
2943,37
2944,34
2945,40
2947,35
2948,36
2948,37
2952,34
2952,38
2952,40
2953,33
2953,37
2955,35
2955,36
2960,37
2960,38
2961,33
2961,34
2963,36
2965,35
2965,40
2966,33
2968,34
2972,37
2973,40
2974,33
2974,35
2974,38
2976,34
2976,37
2979,36
2981,38
2982,34
2982,37
2983,33
2983,35
2984,40
2985,36
2988,37
2990,17
2990,38
2991,23
2991,35
2992,34
2993,8
2993,37
2994,19
2994,33
2994,36
2994,40
2995,38
2997,13
2997,37
3000,38
3001,35
3002,34
3003,22
3003,31
3003,33
3003,36
3003,37
3003,40
3007,17
3007,38
3008,33
3009,36
3010,37
3010,39
3011,6
3012,12
3013,11
3013,28
3014,2
3014,33
3015,35
3015,38
3015,40
3016,30
3016,37
3017,19
3017,21
3018,34
3019,3
3019,4
3019,16
3019,24
3019,26
3019,27
3019,38
3020,9
3020,33
3021,1
3021,18
3021,35
3021,36
3021,37
3022,5
3022,14
3022,25
3022,29
3022,38
3022,40
3023,20
3023,32
3024,17
3024,34
3025,19
3025,35
3026,15
3026,30
3026,38
3026,40
3027,8
3027,36
3027,37
3027,39
3028,12
3028,13
3028,33
3029,34
3030,40
3031,23
3032,10
3032,16
3033,33
3035,35
3035,40
3036,37
3037,7
3037,39
3040,33
3041,34
3041,35
3041,40
3042,38
3044,37
3045,35
3048,33
3048,34
3048,40
3050,35
3050,38
3052,37
3054,35
3056,36
3058,40
3059,33
3060,38
3061,34
3061,35
3061,37
3069,35
3069,37
3071,33
3071,34
3072,40
3078,34
3079,36
3079,38
3079,39
3080,35
3081,37
3081,40
3085,34
3085,35
3086,33
3088,31
3090,38
3091,36
3093,21
3093,34
3093,35
3093,37
3094,28
3095,18
3096,6
3096,40
3097,35
3097,38
3099,27
3099,33
3099,37
3100,8
3100,17
3100,25
3100,34
3100,36
3101,39
3102,19
3102,38
3103,11
3103,14
3103,35
3104,9
3104,40
3105,3
3105,34
3106,22
3106,38
3107,12
3108,4
3108,35
3109,2
3109,7
3109,37
3109,40
3110,1
3110,17
3110,20
3110,24
3110,36
3111,23
3111,33
3111,38
3112,10
3112,13
3113,16
3113,29
3113,30
3113,34
3113,35
3114,19
3114,32
3114,37
3114,40
3115,5
3115,17
3116,21
3116,38
3117,26
3117,33
3117,35
3118,31
3118,34
3118,36
3118,37
3119,15
3119,25
3119,38
3122,37
3123,35
3123,38
3124,40
3125,34
3126,33
3127,37
3128,38
3129,40
3132,35
3132,37
3133,38
3135,34
3135,37
3137,40
3139,38
3140,33
3140,37
3141,34
3142,35
3144,37
3144,40
3145,38
3150,37
3150,38
3151,34
3151,35
3151,40
3156,33
3156,35
3157,37
3157,38
3158,36
3159,40
3160,34
3162,35
3166,33
3166,34
3166,38
3168,40
3169,37
3169,39
3170,35
3171,6
3171,34
3171,36
3176,12
3176,34
3177,35
3177,36
3177,38
3177,40
3180,33
3181,34
3182,19
3184,35
3184,38
3185,36
3186,28
3187,3
3187,34
3187,37
3187,40
3189,39
3190,9
3191,35
3192,8
3192,38
3193,4
3193,33
3193,34
3193,37
3194,13
3194,14
3195,31
3195,36
3195,40
3198,18
3199,21
3199,35
3199,38
3200,5
3200,23
3200,33
3200,34
3201,11
3201,17
3202,24
3202,36
3202,37
3203,2
3203,16
3204,15
3204,22
3204,25
3204,27
3204,30
3205,38
3205,40
3206,19
3206,32
3206,33
3206,37
3207,7
3207,10
3207,16
3207,26
3207,29
3207,35
3207,39
3208,1
3208,6
3208,12
3208,34
3209,17
3209,20
3209,36
3210,37
3211,19
3211,33
3211,40
3212,38
3213,35
3214,36
3214,37
3215,24
3215,28
3217,34
3218,37
3219,38
3220,33
3220,35
3220,36
3220,39
3223,37
3223,40
3226,38
3229,37
3230,34
3231,33
3232,38
3233,39
3234,36
3236,35
3237,34
3238,40
3239,37
3242,34
3242,38
3243,35
3248,37
3249,34
3250,33
3250,38
3250,40
3251,39
3252,35
3257,34
3259,37
3260,36
3260,40
3261,35
3265,34
3266,33
3266,40
3267,37
3269,38
3270,35
3273,34
3273,40
3275,37
3277,31
3277,40
3278,39
3279,34
3280,35
3280,38
3282,14
3283,27
3283,40
3284,5
3285,3
3285,17
3285,33
3285,34
3285,36
3287,4
3287,13
3287,21
3287,38
3288,8
3288,18
3289,9
3289,19
3289,20
3289,22
3289,25
3289,28
3289,37
3289,40
3290,1
3290,29
3290,30
3290,34
3290,35
3290,36
3291,2
3291,6
3291,10
3291,11
3291,12
3291,15
3291,17
3291,24
3291,26
3291,39
3292,21
3292,23
3292,31
3292,38
3293,16
3293,19
3293,32
3293,33
3294,4
3294,14
3294,25
3294,34
3294,37
3294,40
3295,7
3295,35
3296,17
3296,36
3297,30
3297,38
3298,34
3298,37
3299,8
3300,40
3302,33
3303,37
3303,38
3304,34
3304,36
3308,35
3308,37
3309,33
3310,38
3311,34
3311,40
3312,36
3312,37
3315,35
3316,34
3317,33
3317,37
3321,38
3322,34
3322,37
3323,35
3323,36
3324,40
3326,38
3328,34
3329,35
3329,37
3330,33
3331,36
3334,38
3335,37
3337,35
3338,39
3339,34
3339,40
3340,33
3343,37
3346,34
3347,38
3348,35
3350,37
3351,33
3351,34
3352,36
3352,38
3352,40
3353,35
3355,12
3357,34
3357,35
3357,37
3358,38
3359,33
3363,35
3364,13
3364,34
3364,40
3365,38
3366,36
3367,37
3368,33
3368,34
3372,35
3375,36
3376,34
3376,38
3377,6
3377,37
3377,40
3378,33
3381,19
3381,34
3382,31
3383,8
3383,17
3383,33
3383,35
3383,37
3384,40
3385,9
3385,18
3385,28
3385,36
3386,1
3386,34
3386,38
3387,23
3387,37
3388,20
3389,12
3389,17
3389,21
3389,39
3389,40
3390,25
3390,27
3390,33
3390,34
3390,35
3390,36
3392,38
3393,4
3393,40
3394,11
3394,16
3394,32
3394,37
3395,14
3395,34
3396,29
3397,19
3397,35
3397,38
3398,2
3398,7
3398,30
3398,40
3399,10
3399,33
3400,5
3400,34
3401,24
3401,36
3401,37
3402,22
3402,26
3402,40
3404,38
3404,39
3405,33
3405,34
3405,35
3405,37
3406,40
3410,40
3411,3
3411,34
3411,37
3414,35
3414,38
3414,40
3416,34
3418,37
3419,40
3421,34
3423,38
3424,35
3425,40
3426,37
3429,34
3430,33
3430,40
3431,35
3434,40
3435,38
3438,15
3438,40
3439,34
3439,35
3441,37
3441,38
3443,40
3447,16
3447,35
3447,38
3449,36
3451,40
3452,6
3452,34
3452,37
3454,25
3455,19
3456,33
3456,38
3457,12
3457,36
3457,39
3458,17
3458,35
3458,40
3459,31
3459,34
3459,37
3460,8
3460,20
3460,28
3463,21
3463,40
3464,13
3464,30
3464,35
3464,38
3465,9
3465,23
3465,34
3465,37
3466,32
3466,33
3466,36
3467,17
3469,1
3469,11
3469,37
3469,39
3469,40
3470,3
3470,4
3470,22
3471,34
3471,36
3472,2
3472,18
3472,38
3473,14
3473,35
3473,37
3476,40
3477,36
3477,37
3479,19
3480,35
3481,7
3481,10
3481,34
3482,37
3483,36
3485,33
3485,35
3485,38
3486,5
3486,27
3486,34
3486,37
3487,36
3490,33
3490,34
3490,35
3490,37
3491,38
3493,37
3494,36
3495,38
3496,35
3496,37
3497,33
3500,37
3500,38
3502,40
3503,35
3503,36
3504,37
3505,34
3506,38
3507,24
3509,37
3510,33
3510,36
3512,35
3512,38
3513,37
3513,39
3515,34
3516,33
3517,26
3517,38
3519,40
3520,37
3521,33
3522,31
3524,38
3526,33
3526,36
3526,37
3527,17
3527,35
3527,39
3528,34
3529,29
3531,12
3533,36
3534,33
3534,37
3534,39
3535,28
3535,38
3536,19
3536,35
3537,40
3538,11
3538,21
3538,37
3539,34
3540,13
3542,6
3542,33
3542,38
3543,37
3544,9
3545,30
3545,35
3546,8
3546,34
3547,1
3547,40
3548,17
3548,37
3549,23
3549,25
3551,4
3551,20
3551,33
3551,38
3552,16
3552,22
3552,34
3552,36
3552,39
3553,14
3553,15
3554,32
3554,37
3554,40
3555,35
3555,38
3557,7
3558,5
3558,34
3559,37
3560,38
3560,40
3561,10
3561,33
3565,34
3565,40
3567,33
3567,38
3570,34
3571,40
3572,37
3572,38
3575,34
3576,3
3577,40
3578,18
3579,38
3580,35
3580,36
3581,34
3583,37
3583,39
3583,40
3586,34
3589,35
3589,38
3591,36
3592,34
3594,33
3594,37
3594,40
3595,39
3596,2
3596,38
3600,34
3601,35
3601,37
3602,19
3603,33
3605,4
3605,12
3605,31
3605,36
3605,37
3607,17
3607,38
3607,40
3608,33
3608,39
3610,13
3610,28
3610,34
3610,35
3611,37
3613,8
3613,33
3613,38
3613,40
3616,27
3616,34
3616,40
3617,6
3617,33
3617,35
3617,37
3618,23
3620,37
3621,33
3621,34
3621,40
3624,11
3625,37
3625,38
3626,30
3626,35
3626,40
3627,33
3630,33
3630,34
3630,37
3631,25
3632,19
3632,39
3633,38
3633,40
3634,33
3635,16
3638,26
3639,17
3639,40
3640,24
3640,33
3641,37
3642,5
3642,14
3642,20
3642,34
3642,35
3642,38
3642,39
3643,1
3643,21
3644,9
3645,3
3645,10
3645,33
3645,36
3646,34
3646,38
3646,40
3647,35
3648,12
3648,18
3648,22
3648,29
3648,37
3650,33
3651,31
3651,39
3652,19
3653,17
3653,38
3654,35
3655,36
3656,33
3656,37
3657,32
3658,34
3660,40
3664,34
3664,35
3664,37
3666,36
3666,38
3669,39
3670,33
3671,40
3673,38
3675,35
3676,39
3678,37
3678,40
3679,34
3683,13
3684,34
3685,7
3685,15
3685,38
3686,36
3686,39
3686,40
3687,35
3687,37
3689,23
3689,33
3690,6
3691,34
3693,33
3693,37
3694,2
3694,35
3694,39
3694,40
3695,38
3697,25
3697,34
3699,35
3699,37
3700,33
3701,38
3701,40
3703,28
3704,16
3704,37
3704,39
3705,35
3706,33
3706,34
3707,38
3711,33
3711,34
3711,38
3712,37
3712,40
3713,35
3716,38
3717,33
3717,37
3718,34
3719,8
3721,38
3721,39
3722,30
3722,33
3722,37
3723,17
3723,40
3724,34
3726,35
3728,33
3728,37
3728,40
3729,34
3730,39
3731,12
3731,38
3732,20
3734,40
3735,34
3735,38
3736,33
3736,35
3737,21
3738,37
3739,3
3740,38
3741,33
3742,19
3742,31
3742,34
3742,35
3742,40
3743,24
3744,36
3744,37
3746,11
3746,22
3746,35
3746,38
3747,4
3747,33
3749,13
3750,29
3750,34
3750,37
3751,17
3752,19
3752,27
3753,1
3753,9
3754,14
3754,18
3754,35
3754,36
3754,38
3755,5
3755,6
3755,40
3756,12
3756,25
3756,28
3756,33
3756,34
3757,17
3757,37
3757,39
3758,21
3759,8
3759,26
3760,32
3760,38
3761,16
3761,33
3761,34
3761,37
3762,2
3762,23
3762,35
3764,7
3764,40
3765,36
3765,37
3767,38
3768,35
3769,10
3769,33
3769,34
3769,37
3769,39
3775,35
3776,37
3776,39
3777,40
3778,38
3779,33
3779,36
3780,34
3780,35
3784,37
3784,38
3785,35
3786,39
3787,40
3790,35
3792,33
3792,38
3793,34
3794,37
3794,39
3794,40
3797,30
3797,35
3800,39
3801,38
3802,37
3803,35
3804,31
3804,33
3804,34
3804,40
3811,40
3812,20
3812,35
3812,38
3812,39
3813,19
3813,33
3813,34
3814,37
3816,40
3817,12
3817,27
3817,35
3818,38
3820,33
3821,16
3821,22
3821,34
3822,4
3822,17
3822,18
3822,35
3822,37
3822,40
3824,24
3825,8
3827,21
3827,35
3828,13
3828,15
3828,34
3828,37
3829,14
3829,25
3829,40
3830,1
3830,3
3830,5
3830,9
3831,19
3831,23
3831,32
3831,33
3832,6
3832,10
3832,11
3832,28
3832,29
3832,35
3832,38
3832,40
3833,26
3833,36
3833,39
3834,17
3834,34
3834,37
3835,16
3836,2
3836,19
3836,31
3837,35
3838,12
3838,38
3839,36
3840,7
3841,33
3841,40
3843,34
3845,37
3845,38
3846,36
3846,39
3847,35
3847,40
3854,40
3855,33
3855,35
3855,36
3856,38
3859,34
3859,37
3860,40
3863,38
3864,37
3867,34
3868,40
3869,33
3869,35
3869,38
3870,36
3870,37
3873,34
3875,40
3876,36
3877,38
3878,37
3881,35
3882,33
3882,40
3887,34
3887,37
3888,33
3888,38
3889,8
3889,35
3890,39
3891,36
3891,40
3892,37
3897,34
3898,37
3898,38
3899,40
3900,35
3900,36
3902,17
3902,33
3905,37
3905,38
3906,33
3907,36
3908,23
3909,34
3909,40
3910,19
3910,37
3910,38
3911,13
3911,36
3912,30
3912,33
3912,35
3913,25
3914,28
3914,38
3914,40
3916,34
3916,37
3918,19
3918,36
3918,40
3919,6
3919,35
3919,38
3920,11
3922,17
3922,37
3922,40
3923,12
3923,33
3924,34
3924,36
3926,21
3927,9
3927,31
3927,35
3927,37
3927,38
3928,33
3928,39
3928,40
3929,29
3929,36
3930,14
3930,18
3930,20
3930,34
3931,22
3931,38
3932,37
3932,40
3934,36
3935,2
3935,4
3935,5
3935,35
3936,3
3936,39
3937,24
3937,37
3937,38
3938,33
3938,34
3939,40
3940,36
3941,10
3941,35
3942,38
3945,40
3946,34
3947,35
3947,37
3948,27
3948,38
3953,34
3953,38
3954,35
3955,36
3956,1
3956,37
3957,32
3959,33
3959,37
3959,40
3962,34
3962,38
3963,13
3964,17
3965,35
3965,36
3965,37
3968,34
3969,33
3970,19
3970,37
3970,38
3970,39
3971,6
3972,8
3973,15
3973,35
3974,40
3975,37
3975,38
3977,34
3980,23
3983,7
3983,38
3984,31
3984,34
3984,40
3986,21
3986,26
3986,36
3987,28
3987,37
3988,38
3989,16
3989,18
3989,35
3990,30
3990,34
3992,33
3992,37
3993,36
3994,11
3994,35
3995,17
3995,25
3995,38
3996,12
3997,40
3998,19
3998,39
3999,34
3999,37
4000,35
4001,33
4001,38
4003,3
4003,40
4005,4
4006,34
4007,35
4007,37
4008,36
4008,40
4011,9
4011,38
4012,40
4014,34
4014,35
4015,37
4016,29
4016,36
4018,33
4020,38
4020,39
4021,37
4021,40
4022,34
4024,35
4028,34
4030,22
4030,33
4030,35
4030,37
4032,5
4032,40
4035,34
4035,36
4035,37
4036,33
4036,35
4037,14
4039,13
4039,40
4041,8
4041,34
4042,35
4042,38
4044,37
4044,40
4045,33
4046,17
4046,20
4048,34
4048,35
4049,23
4049,38
4049,40
4050,16
4050,37
4051,24
4052,12
4052,30
4052,34
4052,35
4053,40
4054,21
4054,25
4054,37
4055,39
4056,38
4057,33
4057,34
4058,1
4058,4
4058,10
4058,31
4058,35
4058,40
4059,27
4060,19
4060,37
4061,34
4062,33
4062,35
4063,36
4064,32
4064,38
4064,40
4065,28
4066,34
4067,37
4070,35
4070,40
4071,33
4071,34
4072,37
4073,38
4074,18
4076,35
4077,33
4077,37
4077,40
4079,34
4083,37
4083,40
4084,38
4085,33
4087,36
4088,34
4088,38
4089,37
4090,6
4090,35
4092,40
4093,2
4094,37
4094,38
4095,33
4096,8
4096,34
4098,40
4100,37
4102,15
4102,17
4102,35
4102,40
4103,22
4104,33
4104,34
4106,36
4106,38
4107,35
4107,39
4107,40
4108,7
4109,29
4109,37
4110,12
4112,19
4112,39
4113,35
4113,37
4114,34
4114,38
4115,40
4116,9
4116,13
4116,31
4116,33
4117,3
4117,26
4117,37
4119,36
4120,34
4120,35
4120,37
4121,38
4121,40
4122,18
4123,11
4123,25
4123,37
4124,16
4126,17
4126,37
4126,38
4126,40
4127,20
4127,35
4128,19
4129,1
4129,30
4129,34
4130,14
4130,37
4130,40
4131,28
4131,33
4131,35
4131,38
4133,4
4133,21
4133,37
4134,23
4135,27
4135,35
4135,38
4136,34
4136,40
4137,36
4137,37
4138,33
4140,8
4140,35
4140,38
4141,37
4144,34
4144,40
4145,6
4145,35
4146,38
4147,37
4148,32
4151,5
4151,37
4152,38
4153,33
4153,34
4154,35
4154,40
4156,24
4156,37
4156,38
4158,10
4159,34
4159,40
4161,37
4161,38
4163,34
4163,35
4164,40
4165,33
4166,37
4168,38
4170,37
4170,40
4171,34
4172,35
4175,37
4175,40
4176,38
4177,34
4180,40
4181,35
4181,37
4183,34
4185,31
4186,33
4186,40
4187,37
4188,12
4188,36
4189,35
4190,34
4190,38
4191,40
4193,37
4194,40
4196,33
4196,38
4198,17
4198,40
4199,35
4200,34
4201,30
4201,37
4203,23
4204,40
4205,25
4205,37
4206,13
4206,14
4206,19
4206,33
4207,34
4207,38
4208,11
4208,21
4208,39
4208,40
4209,9
4209,22
4209,35
4210,18
4210,36
4211,34
4211,37
4212,28
4213,1
4213,2
4213,15
4213,29
4213,38
4214,17
4214,39
4215,8
4215,35
4215,37
4215,40
4217,3
4217,4
4217,6
4217,24
4217,34
4218,20
4218,37
4218,38
4219,7
4219,27
4219,35
4220,31
4221,33
4222,16
4222,19
4222,34
4222,40
4223,36
4223,37
4224,5
4225,35
4227,34
4227,38
4229,37
4232,34
4232,38
4233,35
4233,40
4236,37
4238,34
4238,38
4240,33
4241,35
4241,37
4242,40
4244,34
4247,38
4247,40
4248,35
4248,37
4253,38
4253,39
4254,34
4254,37
4256,35
4256,40
4258,38
4261,36
4262,34
4262,37
4262,40
4265,38
4268,34
4268,36
4269,38
4269,40
4271,33
4271,37
4272,12
4273,17
4274,35
4274,38
4275,40
4277,33
4277,36
4278,13
4279,32
4280,23
4280,34
4280,38
4281,35
4281,39
4281,40
4282,36
4282,37
4283,18
4285,2
4287,38
4288,8
4288,19
4288,28
4288,33
4288,34
4288,37
4288,40
4289,10
4289,15
4289,35
4289,36
4291,11
4291,22
4293,38
4294,37
4295,1
4295,6
4295,9
4295,40
4296,29
4297,14
4297,31
4297,33
4298,16
4298,17
4298,25
4298,34
4298,35
4299,21
4299,37
4300,3
4300,5
4300,26
4300,38
4300,40
4301,12
4301,24
4301,36
4302,34
4303,19
4303,20
4303,30
4303,33
4304,4
4304,35
4304,37
4305,38
4306,39
4309,34
4310,40
4313,27
4313,36
4315,35
4315,37
4315,38
4315,39
4316,40
4317,33
4317,34
4325,7
4325,35
4325,36
4326,40
4328,33
4328,37
4330,34
4333,36
4334,38
4335,37
4337,34
4338,40
4340,36
4341,35
4342,38
4344,34
4344,37
4347,33
4347,38
4348,36
4350,34
4350,40
4352,37
4353,28
4354,38
4355,40
4356,35
4356,36
4357,17
4357,34
4359,37
4359,38
4362,36
4363,23
4363,35
4364,38
4364,39
4364,40
4365,8
4366,13
4367,33
4367,37
4368,34
4370,12
4371,38
4372,33
4372,40
4373,18
4374,35
4374,36
4375,39
4376,19
4376,25
4377,33
4378,34
4379,31
4379,37
4380,16
4380,38
4381,35
4382,1
4382,22
4382,30
4383,6
4383,40
4384,9
4384,33
4384,37
4385,5
4386,16
4386,17
4386,19
4386,24
4387,4
4387,14
4387,27
4387,32
4387,34
4388,2
4388,10
4388,21
4388,35
4388,39
4388,40
4389,3
4389,7
4389,26
4389,28
4389,29
4389,33
4389,36
4389,37
4389,38
4390,15
4390,19
4391,20
4392,11
4392,34
4392,37
4392,38
4393,12
4393,13
4393,35
4393,40
4394,9
4394,25
4394,33
4394,36
4396,37
4397,38
4397,40
4398,34
4400,37
4401,17
4401,40
4404,33
4405,34
4405,37
4405,40
4410,38
4410,40
4412,37
4415,35
4416,36
4417,33
4417,40
4418,37
4424,33
4424,36
4424,37
4425,40
4426,34
4426,39
4427,35
4428,8
4431,37
4431,40
4432,35
4433,34
4433,36
4434,38
4436,37
4437,31
4437,40
4439,34
4439,35
4440,33
4440,36
4441,37
4442,23
4442,40
4444,33
4444,38
4445,37
4446,35
4447,34
4447,40
4448,37
4451,33
4451,37
4451,38
4452,35
4456,37
4457,33
4457,34
4458,40
4461,35
4461,38
4462,36
4462,37
4464,40
4465,17
4465,34
4465,39
4467,33
4467,37
4469,38
4471,35
4471,36
4472,40
4473,33
4473,34
4474,37
4479,33
4480,37
4480,38
4481,40
4483,22
4483,35
4484,34
4486,2
4486,37
4486,38
4487,36
4488,6
4488,40
4489,30
4490,35
4492,3
4492,31
4492,38
4493,12
4493,21
4493,33
4493,37
4494,14
4494,19
4495,5
4495,11
4495,24
4495,32
4495,36
4495,38
4495,39
4496,4
4496,8
4496,16
4496,29
4496,35
4497,13
4497,28
4497,33
4497,34
4497,40
4498,9
4498,18
4498,23
4498,25
4498,37
4499,1
4499,15
4499,20
4499,27
4500,17
4500,35
4500,38
4501,10
4501,26
4501,30
4501,34
4501,36
4501,39
4501,40
4502,19
4502,37
4503,3
4503,33
4504,12
4505,38
4506,7
4506,40
4507,35
4507,37
4509,38
4512,37
4513,38
4515,40
4517,35
4518,33
4518,34
4518,38
4519,37
4523,38
4524,40
4525,33
4527,34
4528,36
4528,37
4529,40
4530,33
4531,38
4534,35
4535,34
4536,33
4536,37
4536,40
4537,36
4537,38
4538,39
4541,34
4545,34
4545,35
4545,38
4549,37
4550,34
4550,36
4551,33
4552,40
4554,34
4554,38
4557,37
4558,17
4558,35
4558,36
4559,34
4559,39
4560,40
4561,33
4561,37
4563,34
4563,38
4566,40
4567,37
4568,34
4570,35
4571,33
4571,38
4573,20
4573,28
4573,34
4574,36
4574,37
4576,23
4576,35
4576,40
4577,19
4577,38
4578,6
4578,11
4579,34
4580,8
4581,24
4581,25
4581,36
4582,12
4582,22
4582,35
4582,37
4582,38
4583,2
4583,4
4583,13
4583,17
4583,21
4583,27
4583,31
4583,33
4583,40
4584,9
4584,14
4584,34
4585,29
4586,1
4586,5
4586,19
4586,30
4586,38
4587,3
4587,8
4587,10
4587,16
4587,18
4587,32
4587,35
4587,39
4588,17
4588,36
4588,37
4588,40
4589,7
4589,12
4589,15
4589,25
4589,26
4589,34
4590,19
4590,28
4590,33
4591,21
4591,37
4591,38
4592,35
4596,36
4596,37
4596,38
4599,34
4599,40
4601,37
4601,38
4605,37
4607,34
4607,38
4607,40
4610,35
4610,37
4613,36
4614,40
4615,37
4617,33
4618,35
4619,34
4620,38
4621,37
4625,33
4626,36
4627,34
4627,38
4629,37
4629,40
4630,35
4634,40
4636,37
4638,34
4639,33
4639,35
4639,36
4640,38
4640,40
4641,17
4647,33
4647,34
4647,39
4647,40
4650,37
4652,14
4652,35
4652,40
4654,33
4654,34
4654,37
4655,16
4657,40
4659,35
4659,37
4660,20
4660,31
4660,38
4664,40
4665,37
4666,6
4666,34
4667,23
4668,11
4669,33
4670,13
4670,39
4671,5
4671,17
4671,18
4672,1
4672,2
4672,22
4672,37
4672,38
4672,40
4673,4
4673,19
4673,25
4673,36
4674,3
4674,9
4674,28
4674,29
4674,34
4674,35
4675,12
4675,33
4676,8
4676,15
4676,30
4676,37
4676,38
4676,39
4677,21
4677,35
4678,10
4678,19
4678,24
4678,27
4678,32
4678,36
4678,40
4679,26
4679,37
4680,16
4680,33
4681,17
4681,31
4682,34
4683,37
4683,38
4684,7
4684,33
4684,35
4684,40
4685,36
4687,37
4689,33
4690,34
4693,37
4693,38
4695,33
4696,40
4698,37
4698,38
4699,39
4702,36
4703,35
4703,38
4704,33
4704,37
4705,34
4706,40
4710,37
4711,36
4712,33
4712,34
4712,35
4712,40
4714,38
4715,37
4717,40
4720,35
4721,34
4721,37
4722,38
4722,39
4727,35
4728,40
4729,33
4729,37
4730,36
4731,38
4732,34
4733,8
4735,35
4735,38
4736,40
4737,12
4738,33
4738,37
4739,23
4739,34
4739,36
4740,22
4741,38
4742,17
4742,35
4742,37
4742,40
4746,34
4746,37
4747,19
4747,36
4748,13
4748,14
4749,38
4750,33
4751,35
4751,40
4753,9
4753,28
4753,37
4754,6
4755,34
4756,4
4756,21
4756,35
4756,38
4757,39
4757,40
4758,25
4759,30
4759,37
4761,1
4761,20
4761,34
4762,2
4762,5
4762,24
4762,33
4762,38
4763,32
4763,35
4763,40
4764,18
4765,3
4765,16
4765,37
4766,33
4767,15
4767,17
4768,10
4768,35
4768,38
4768,40
4769,19
4769,26
4769,27
4770,34
4771,37
4772,29
4772,33
4772,35
4773,31
4773,36
4773,38
4774,11
4775,37
4777,33
4778,12
4778,34
4779,37
4780,38
4780,40
4782,35
4784,34
4784,37
4784,39
4785,33
4790,35
4790,38
4791,37
4792,33
4794,40
4797,34
4797,37
4799,36
4801,40
4802,38
4803,34
4803,35
4804,37
4805,40
4807,36
4809,40
4810,34
4811,37
4814,33
4815,40
4816,35
4817,36
4817,38
4819,37
4821,35
4821,40
4822,34
4823,8
4823,33
4824,23
4827,40
4828,13
4828,33
4828,37
4829,1
4829,17
4829,25
4829,35
4829,36
4830,21
4831,34
4831,40
4832,14
4832,28
4832,33
4832,37
4832,38
4832,39
4833,19
4833,22
4835,7
4835,8
4835,35
4836,9
4836,34
4836,37
4837,12
4837,30
4837,31
4837,40
4838,11
4838,33
4838,36
4838,38
4840,4
4840,16
4841,6
4841,24
4842,5
4842,17
4842,29
4842,37
4843,19
4843,34
4843,35
4843,40
4844,18
4844,33
4844,36
4847,3
4847,25
4849,2
4849,37
4849,38
4849,39
4850,33
4850,34
4850,40
4851,20
4851,35
4855,33
4856,35
4857,34
4857,40
4858,10
4858,37
4863,33
4864,34
4864,40
4865,26
4868,38
4869,34
4869,37
4870,33
4870,36
4871,35
4874,33
4874,38
4875,34
4876,37
4876,40
4880,34
4882,33
4883,35
4883,38
4884,37
4886,40
4888,33
4888,34
4892,37
4893,34
4893,39
4894,38
4896,33
4896,35
4897,40
4900,34
4900,37
4901,35
4902,33
4905,37
4907,33
4908,35
4910,37
4910,40
4912,19
4914,34
4914,37
4915,27
4915,31
4915,33
4915,35
4916,17
4916,38
4916,40
4917,8
4917,12
4917,28
4918,13
4918,15
4919,36
4919,37
4920,1
4920,6
4920,21
4920,22
4920,23
4920,35
4921,4
4921,19
4921,24
4921,33
4921,34
4921,38
4921,40
4922,11
4922,14
4922,32
4922,37
4923,2
4923,7
4923,17
4923,25
4924,30
4925,9
4925,10
4925,16
4925,18
4925,29
4925,40
4926,3
4926,35
4926,36
4926,37
4926,38
4926,39
4927,19
4927,20
4928,12
4928,33
4928,34
4928,40
4929,5
4929,26
4930,28
4931,37
4932,17
4932,35
4932,38
4933,34
4934,39
4934,40
4936,37
4939,34
4939,40
4940,35
4941,37
4944,38
4945,34
4946,35
4946,37
4948,40
4949,33
4950,34
4954,35
4954,37
4955,34
4956,33
4957,38
4958,40
4959,37
4961,35
4962,34
4963,37
4967,33
4968,34
4968,37
4969,40
4971,38
4974,37
4975,40
4976,34
4977,35
4979,37
4982,33
4982,40
4984,37
4986,34
4987,36
4987,38
4987,40
4990,35
4990,40
4991,37
4992,13
4993,39
4995,34
4995,40
4997,23
4997,35
4998,40
4999,37
5000,31
5000,38
