11,1
11,7
12,9
12,10
13,2
14,3
15,4
16,5
16,8
18,9
18,10
19,6
20,1
25,9
26,10
29,2
30,9
33,10
37,9
42,9
46,10
47,2
48,9
51,3
55,9
56,10
63,9
64,10
66,1
72,10
73,2
73,9
79,5
79,8
79,10
81,9
85,3
85,4
88,9
89,10
91,6
96,9
97,7
100,10
103,9
104,2
105,10
110,1
111,9
111,10
117,10
122,9
123,10
130,9
131,2
133,10
136,9
140,2
140,3
140,9
140,10
145,5
146,2
146,9
148,1
149,8
150,4
151,9
151,10
156,9
162,9
162,10
166,3
168,9
170,10
174,7
174,9
175,6
177,10
181,9
184,10
190,9
191,10
195,10
197,9
200,10
203,9
205,10
207,2
210,9
211,1
211,10
213,5
217,10
221,4
222,9
224,10
226,8
228,3
232,9
232,10
235,1
237,2
237,10
242,10
244,9
247,6
248,10
252,7
252,10
253,9
257,10
260,9
261,2
263,10
267,3
268,10
272,5
272,9
275,10
278,4
280,10
282,9
285,1
285,10
290,10
291,9
297,2
297,10
302,9
303,8
304,10
311,10
312,2
312,3
312,9
316,1
318,10
319,7
319,9
324,10
326,3
328,9
329,2
331,10
335,6
336,10
337,9
342,4
342,10
348,9
348,10
354,9
358,10
363,9
366,10
367,5
369,9
373,10
376,9
382,9
382,10
383,2
384,3
388,1
389,9
390,8
393,10
395,9
397,2
403,9
404,10
409,1
410,4
412,9
413,6
416,10
417,2
420,9
421,5
422,7
424,10
426,2
427,3
429,9
432,10
438,10
441,9
446,10
449,9
454,10
456,9
464,9
464,10
469,1
473,10
474,3
476,4
477,8
478,9
482,10
484,2
485,9
490,10
496,2
496,7
497,5
497,9
502,1
502,6
502,9
502,10
506,9
509,3
511,10
516,9
522,10
528,10
529,9
534,9
536,10
539,4
539,8
540,9
544,10
546,2
546,9
550,10
553,2
553,9
555,10
559,9
562,10
564,3
565,1
565,9
567,5
567,10
570,9
571,6
573,10
575,9
579,10
583,9
585,10
588,9
594,10
595,9
598,7
599,9
602,10
604,9
606,2
607,3
608,1
610,9
612,8
613,10
616,9
618,4
619,2
622,9
622,10
630,1
632,9
634,10
641,9
642,10
648,9
652,3
652,10
653,5
653,9
654,6
661,9
666,10
669,2
669,9
675,9
675,10
676,7
678,3
681,9
685,2
686,9
686,10
690,9
694,1
696,9
697,8
698,4
698,10
700,9
705,9
707,10
709,9
712,10
714,9
717,2
717,10
719,3
720,9
721,10
722,5
727,1
727,10
728,9
729,6
733,10
734,2
734,9
740,10
741,9
746,10
747,9
753,9
756,10
759,9
762,3
765,7
766,9
767,2
769,1
770,10
773,8
774,9
777,10
779,4
782,9
787,10
789,2
794,9
795,3
796,10
797,5
802,9
803,1
803,10
804,6
810,2
810,10
815,9
815,10
820,10
822,9
826,10
828,9
829,2
830,7
832,9
832,10
837,9
840,10
842,3
843,9
847,1
848,10
850,9
851,4
854,2
857,9
858,10
863,8
863,9
867,10
869,9
872,5
874,9
876,10
878,6
882,9
884,10
890,7
890,9
892,10
897,3
898,2
901,10
902,9
908,10
913,1
913,9
915,2
919,8
920,9
920,10
921,4
925,3
928,9
928,10
929,1
932,9
934,10
935,2
939,9
941,10
947,2
948,9
951,10
958,1
958,5
959,9
961,10
963,6
966,9
967,2
972,10
976,7
978,9
983,4
984,10
988,9
989,3
992,10
999,8
1000,10
1001,1
1002,9
1007,10
1011,2
1012,9
1013,3
1016,10
1018,9
1022,10
1023,6
1023,9
1028,5
1028,10
1030,9
1034,1
1034,10
1036,9
1039,2
1042,10
1044,9
1045,2
1050,10
1052,3
1056,2
1056,7
1056,9
1057,10
1062,9
1063,4
1065,10
1068,9
1071,10
1073,2
1077,10
1079,1
1080,3
1080,9
1081,8
1084,10
1090,9
1090,10
1097,10
1101,9
1109,10
1111,9
1112,2
1115,5
1119,6
1119,10
1120,9
1126,2
1128,9
1128,10
1129,4
1131,3
1132,7
1134,1
1137,9
1137,10
1144,8
1144,9
1149,10
1154,9
1157,10
1160,2
1162,9
1169,9
1169,10
1175,1
1177,10
1183,6
1183,9
1187,10
1191,2
1193,3
1194,4
1194,5
1196,10
1197,9
1201,1
1202,10
1205,9
1210,2
1210,10
1213,9
1217,3
1221,9
1221,10
1223,7
1225,1
1226,8
1228,10
1235,9
1235,10
1244,10
1245,9
1252,10
1253,2
1255,9
1259,3
1259,5
1262,1
1262,9
1262,10
1265,6
1269,9
1276,4
1277,2
1277,9
1278,10
1285,9
1290,10
1291,9
1297,10
1298,9
1304,10
1306,9
1308,2
1309,8
1312,10
1313,7
1313,9
1314,3
1317,1
1318,2
1318,9
1319,10
1323,9
1324,10
1327,9
1329,10
1333,9
1334,2
1336,10
1340,5
1340,9
1342,4
1344,9
1344,10
1347,1
1347,6
1349,9
1351,10
1354,9
1358,10
1359,9
1362,10
1365,9
1366,3
1367,10
1370,9
1372,2
1375,8
1375,10
1378,9
1383,10
1386,9
1391,9
1392,10
1396,9
1399,10
1401,9
1406,10
1407,9
1414,9
1415,3
1415,10
1416,4
1421,1
1421,9
1424,5
1425,2
1425,7
1427,10
1429,6
1430,8
1430,9
1431,1
1434,10
1440,9
1443,10
1448,9
1451,10
1452,2
1456,3
1456,9
1461,10
1462,9
1468,10
1469,9
1473,10
1477,9
1478,10
1482,10
1484,7
1486,9
1487,2
1487,10
1492,10
1496,4
1496,10
1497,9
1499,1
1500,5
1501,10
1503,6
1506,9
1506,10
1508,3
1509,2
1510,10
1512,9
1515,10
1516,2
1516,9
1519,10
1520,1
1521,9
1524,8
1524,10
1525,9
1531,10
1532,9
1534,2
1538,10
1541,9
1542,10
1547,10
1550,9
1553,10
1558,9
1559,3
1560,10
1564,9
1569,10
1570,9
1573,10
1574,1
1576,2
1578,10
1579,4
1579,9
1583,5
1585,9
1586,7
1588,10
1590,9
1594,6
1595,9
1595,10
1599,9
1602,3
1604,9
1606,10
1608,9
1609,8
1613,9
1614,10
1618,9
1620,2
1624,9
1625,10
1630,2
1630,3
1634,1
1634,9
1636,4
1636,10
1641,9
1646,10
1652,9
1655,5
1655,10
1662,9
1665,2
1667,10
1670,3
1672,8
1673,6
1674,9
1675,7
1677,1
1680,9
1680,10
1685,2
1686,9
1691,10
1696,4
1696,9
1700,10
1705,9
1713,9
1720,3
1724,2
1725,1
1726,10
1728,9
1733,10
1734,9
1737,5
1742,9
1745,10
1748,3
1748,9
1754,6
1754,9
1755,10
1756,4
1758,8
1759,9
1760,2
1766,1
1766,9
1767,2
1768,7
1769,10
1773,3
1774,9
1777,10
1782,9
1785,10
1787,9
1793,9
1793,10
1798,10
1800,9
1805,10
1806,2
1808,9
1811,10
1817,10
1819,9
1822,5
1824,1
1825,4
1826,3
1828,10
1829,7
1830,9
1837,10
1842,6
1842,9
1844,8
1844,10
1848,9
1854,2
1854,9
1854,10
1862,2
1863,10
1864,9
1869,3
1871,9
1871,10
1874,1
1878,10
1880,9
1885,2
1885,10
1889,5
1890,3
1892,10
1894,1
1894,4
1896,9
1898,10
1899,2
1902,9
1907,10
1908,9
1910,2
1914,9
1918,8
1919,6
1919,10
1920,9
1927,9
1928,10
1932,9
1934,3
1936,10
1939,9
1944,7
1945,1
1945,10
1946,9
1950,10
1955,9
1956,10
1960,9
1962,10
1964,2
1964,9
1967,3
1969,9
1970,10
1974,9
1976,5
1977,10
1979,4
1979,9
1980,6
1984,9
1985,1
1985,10
1987,2
1988,8
1990,9
1993,10
1995,3
1997,9
2002,9
2003,10
2008,2
2008,9
2013,10
2014,9
2019,9
2019,10
2022,2
2024,9
2024,10
2030,9
2031,4
2033,10
2035,9
2041,10
2042,9
2047,2
2047,10
2050,3
2051,6
2051,9
2053,10
2055,1
2057,5
2058,9
2059,10
2060,7
2063,8
2063,9
2068,10
2070,9
2076,9
2076,10
2080,3
2083,10
2086,9
2089,1
2091,10
2094,2
2095,3
2097,10
2098,4
2099,9
2102,10
2106,9
2108,10
2113,10
2116,9
2120,10
2121,2
2124,9
2128,10
2133,5
2134,9
2135,10
2137,6
2141,4
2142,10
2143,8
2145,2
2145,9
2146,1
2149,10
2150,3
2150,7
2152,9
2157,10
2161,9
2163,10
2166,9
2169,10
2170,9
2174,9
2177,2
2178,10
2179,9
2183,3
2184,9
2187,1
2187,10
2188,9
2192,2
2192,10
2193,9
2199,9
2199,10
2200,4
2203,9
2205,5
2206,10
2208,9
2214,9
2214,10
2219,9
2225,9
2227,2
2228,6
2229,10
2230,9
2231,1
2232,3
2236,9
2237,8
2237,10
2242,7
2243,2
2243,9
2244,10
2248,9
2250,1
2250,10
2256,9
2256,10
2262,9
2262,10
2267,9
2267,10
2272,10
2275,9
2278,10
2282,9
2283,4
2284,5
2285,3
2287,2
2288,1
2288,9
2290,10
2297,3
2299,10
2300,8
2300,9
2306,10
2307,2
2308,9
2316,9
2316,10
2321,6
2324,10
2326,9
2330,1
2331,7
2335,10
2341,9
2346,4
2346,5
2348,3
2348,9
2351,10
2354,2
2358,9
2364,10
2370,10
2372,2
2373,9
2374,8
2375,1
2376,10
2379,3
2379,9
2384,9
2385,10
2391,9
2391,10
2395,10
2396,9
2398,6
2400,10
2401,9
2405,7
2406,10
2407,9
2414,4
2414,9
2414,10
2416,2
2420,9
2421,5
2422,3
2422,10
2427,10
2428,9
2429,1
2431,2
2432,10
2435,9
2437,10
2441,9
2442,10
2446,8
2446,10
2449,9
2450,10
2455,10
2458,9
2459,10
2463,2
2463,10
2468,3
2468,9
2468,10
2472,2
2472,10
2476,6
2476,9
2477,10
2478,1
2478,7
2481,10
2482,9
2486,5
2486,10
2491,9
2492,10
2497,4
2499,9
2500,10
2504,2
2505,9
2505,10
2511,9
2512,3
2513,10
2516,8
2516,9
2521,9
2522,10
2528,10
2530,1
2530,9
2534,10
2538,9
2538,10
2544,10
2548,2
2550,10
2551,9
2552,3
2552,5
2554,7
2557,4
2557,9
2557,10
2560,6
2562,2
2562,10
2563,1
2563,9
2568,10
2573,10
2576,9
2580,10
2581,8
2582,9
2585,10
2588,9
2589,2
2589,10
2593,10
2596,9
2597,3
2598,10
2604,10
2606,9
2612,10
2613,9
2617,10
2620,5
2623,3
2623,10
2624,2
2624,4
2627,9
2628,10
2629,1
2634,10
2635,7
2635,9
2640,6
2642,9
2642,10
2644,8
2645,2
2650,10
2652,9
2653,1
2653,3
2658,2
2661,9
2662,10
2669,9
2669,10
2675,9
2678,10
2680,9
2687,9
2690,10
2693,9
2698,9
2698,10
2702,5
2703,9
2704,10
2706,2
2708,6
2708,9
2709,3
2709,4
2712,1
2713,9
2714,8
2719,2
2719,9
2719,10
2729,9
2730,10
2731,2
2736,7
2740,10
2743,9
2744,3
2750,10
2752,4
2754,1
2756,2
2756,9
2764,9
2767,10
2771,9
2774,5
2778,10
2782,9
2783,6
2784,10
2786,3
2789,9
2790,10
2792,2
2795,8
2796,9
2796,10
2797,1
2801,10
2802,9
2806,10
2811,2
2811,10
2812,9
2815,7
2815,10
2820,9
2820,10
2823,3
2824,10
2826,9
2828,1
2828,4
2830,2
2830,10
2832,9
2836,10
2838,2
2840,9
2842,10
2847,9
2849,10
2851,5
2855,9
2858,3
2859,10
2862,9
2870,10
2871,6
2871,9
2875,1
2875,8
2876,9
2878,10
2882,9
2889,9
2889,10
2893,2
2895,4
2895,9
2900,9
2901,1
2902,2
2903,7
2906,3
2909,9
2909,10
2911,5
2916,9
2925,10
2928,9
2934,9
2935,10
2936,8
2940,9
2945,3
2946,10
2948,9
2952,1
2953,9
2954,10
2956,2
2958,6
2958,9
2963,9
2963,10
2967,2
2970,9
2971,10
2972,3
2977,9
2980,4
2981,1
2981,10
2983,9
2992,9
2993,10
2995,2
2996,7
3000,5
3003,2
3003,10
3004,9
3011,9
3013,3
3019,9
3019,10
3023,10
3028,2
3030,8
3030,9
3030,10
3037,4
3038,1
3038,10
3039,9
3044,6
3045,9
3046,10
3048,2
3054,9
3054,10
3062,9
3064,3
3070,9
3072,10
3080,5
3081,2
3082,9
3083,10
3085,1
3088,7
3090,10
3092,9
3095,10
3099,8
3100,2
3100,10
3102,9
3107,10
3110,1
3110,3
3112,9
3112,10
3113,6
3116,10
3118,9
3121,10
3124,4
3128,9
3129,10
3134,9
3135,10
3139,9
3145,10
3146,9
3151,9
3154,10
3155,3
3157,2
3158,9
3160,1
3162,2
3162,5
3165,9
3168,8
3169,10
3170,9
3180,9
3185,9
3187,7
3187,10
3189,2
3189,9
3191,6
3193,3
3193,9
3198,4
3199,1
3199,9
3205,10
3207,9
3213,9
3219,10
3221,9
3224,2
3227,9
3229,10
3234,9
3236,2
3236,10
3241,1
3241,3
3244,5
3244,9
3245,10
3246,8
3250,7
3253,9
3255,2
3255,10
3261,6
3264,9
3266,10
3273,10
3274,1
3275,9
3277,2
3282,9
3282,10
3283,4
3284,3
3289,9
3292,10
3297,9
3302,9
3304,2
3304,5
3307,10
3309,9
3311,3
3313,8
3314,1
3318,9
3322,2
3322,10
3326,9
3329,1
3331,6
3332,10
3333,9
3337,9
3338,7
3342,9
3343,10
3349,9
3354,4
3355,10
3356,9
3359,2
3362,9
3364,1
3365,5
3368,2
3368,9
3371,10
3373,3
3375,9
3381,9
3381,10
3387,9
3389,8
3392,9
3394,10
3399,9
3401,10
3406,9
3409,2
3410,10
3414,1
3414,9
3415,3
3418,7
3419,2
3419,9
3419,10
3423,9
3425,6
3425,10
3427,9
3428,4
3429,2
3431,9
3431,10
3436,5
3436,9
3443,10
3444,9
3452,10
3453,9
3456,3
3458,10
3463,9
3464,2
3467,1
3469,9
3469,10
3479,10
3481,9
3486,8
3486,10
3487,9
3491,9
3494,10
3495,9
3501,9
3503,10
3505,2
3505,4
3505,7
3505,9
3509,9
3509,10
3510,5
3511,1
3512,3
3516,9
3517,10
3521,6
3523,9
3523,10
3529,9
3532,2
3533,10
3537,9
3540,10
3542,4
3545,9
3546,1
3547,10
3548,3
3550,8
3553,10
3556,9
3561,10
3563,9
3564,2
3568,10
3570,9
3575,9
3576,5
3576,10
3580,9
3586,9
3586,10
3589,2
3592,9
3594,10
3597,3
3598,9
3599,10
3603,9
3606,1
3606,10
3609,9
3612,10
3613,6
3613,7
3615,2
3617,9
3618,4
3618,8
3621,10
3624,1
3624,9
3627,10
3629,3
3631,9
3632,2
3634,10
3639,9
3641,2
3641,10
3645,5
3646,1
3647,9
3647,10
3658,9
3661,10
3667,9
3669,10
3672,4
3674,9
3680,2
3680,9
3682,10
3683,8
3684,3
3686,9
3688,1
3691,10
3694,9
3695,6
3698,9
3700,10
3701,7
3703,9
3710,5
3710,9
3713,10
3717,2
3719,3
3723,1
3724,9
3726,10
3731,9
3736,10
3739,4
3742,9
3747,10
3748,2
3749,9
3756,9
3761,8
3761,9
3762,10
3767,9
3769,7
3770,10
3772,9
3778,9
3779,3
3779,10
3780,6
3781,1
3785,9
3794,5
3796,3
3797,10
3798,4
3800,9
3806,2
3806,10
3808,9
3815,9
3817,10
3821,2
3823,10
3824,1
3826,9
3828,3
3828,8
3829,10
3836,10
3841,9
3841,10
3843,7
3848,9
3848,10
3851,6
3852,9
3853,10
3858,9
3859,3
3859,10
3864,4
3865,9
3865,10
3868,2
3870,9
3872,1
3874,10
3878,9
3880,10
3881,2
3885,5
3886,9
3888,1
3890,10
3891,8
3891,9
3897,9
3897,10
3903,10
3904,9
3909,3
3910,10
3913,9
3915,10
3916,7
3920,2
3922,9
3922,10
3928,10
3929,9
3932,10
3933,2
3937,10
3941,9
3942,10
3945,4
3947,1
3948,10
3950,9
3952,6
3955,3
3958,9
3958,10
3963,9
3967,9
3969,10
3971,2
3972,9
3974,5
3978,9
3980,3
3980,8
3982,10
3985,2
3985,9
3989,10
3992,2
3992,9
3995,1
3998,9
4000,10
4002,7
4008,9
4013,10
4018,9
4020,10
4025,6
4028,4
4032,5
4033,9
4035,3
4036,1
4036,10
4038,2
4038,9
4044,9
4045,10
4051,2
4052,9
4053,10
4059,9
4059,10
4066,9
4068,8
4072,9
4074,10
4077,4
4078,9
4083,9
4083,10
4087,7
4090,9
4092,3
4094,10
4096,9
4098,2
4102,9
4102,10
4103,1
4105,2
4106,3
4108,10
4109,5
4110,9
4111,6
4113,1
4116,9
4118,10
4123,9
4127,10
4128,9
4134,9
4136,10
4141,8
4141,9
4141,10
4148,10
4152,9
4160,3
4161,4
4161,10
4165,1
4165,2
4165,9
4169,10
4176,9
4181,7
4183,10
4186,6
4188,9
4189,5
4197,10
4199,2
4202,9
4203,10
4204,3
4209,9
4209,10
4214,10
4215,9
4220,10
4222,8
4223,9
4224,4
4225,1
4226,10
4227,9
4230,2
4233,9
4234,10
4237,3
4240,10
4242,9
4245,10
4246,7
4248,9
4253,10
4259,2
4259,9
4262,10
4264,3
4265,1
4269,10
4271,9
4272,5
4278,6
4280,10
4283,9
4290,10
4293,2
4293,9
4298,10
4300,8
4305,1
4308,4
4310,9
4313,7
4314,10
4316,9
4320,10
4324,3
4324,9
4329,10
4336,9
4336,10
4339,2
4343,5
4345,1
4346,9
4347,2
4347,10
4352,10
4357,9
4358,3
4361,6
4361,10
4364,9
4366,1
4366,10
4370,10
4372,9
4376,2
4376,10
4379,9
4381,2
4382,10
4383,8
4385,3
4388,10
4391,4
4392,9
4395,10
4399,9
4404,9
4404,10
4409,10
4411,9
4415,10
4418,9
4420,10
4425,10
4426,7
4427,9
4428,2
4428,5
4430,3
4432,1
4433,9
4434,10
4439,10
4444,10
4446,9
4449,10
4452,8
4453,4
4455,9
4455,10
4459,6
4462,10
4463,2
4464,9
4466,3
4471,10
4472,9
4474,1
4477,10
4479,9
4482,10
4486,9
4487,10
4491,10
4492,2
4495,9
4496,10
4501,10
4505,10
4506,9
4509,7
4509,10
4510,3
4511,9
4514,4
4514,10
4516,9
4517,5
4518,1
4519,10
4524,9
4524,10
4529,9
4531,2
4531,10
4534,6
4535,8
4535,9
4538,10
4541,9
4545,10
4548,9
4551,10
4555,9
4559,10
4561,2
4563,9
4564,10
4567,9
4570,3
4573,1
4573,9
4573,10
4575,4
4577,9
4579,10
4581,9
4584,1
4585,9
4589,9
4589,10
4595,9
4596,2
4598,10
4600,9
4605,7
4606,5
4608,10
4609,8
4611,9
4617,10
4619,9
4624,3
4624,10
4626,4
4626,9
4633,9
4633,10
4634,6
4635,2
4637,1
4639,9
4643,10
4646,9
4650,10
4652,9
4657,2
4658,9
4658,10
4662,3
4664,1
4664,9
4666,10
4671,9
4675,10
4680,9
4683,10
4686,5
4690,1
4690,2
4690,10
4691,9
4695,7
4698,9
4699,3
4699,8
4700,10
4705,9
4707,2
4707,6
4707,10
4708,4
4710,9
4716,9
4719,10
4722,9
4725,10
4726,3
4728,9
4730,1
4732,10
4737,9
4745,2
4745,9
4746,10
4752,3
4753,10
4754,9
4759,10
4762,1
4763,9
4769,4
4769,5
4770,10
4772,9
4775,7
4778,2
4779,8
4780,10
4783,1
4783,9
4788,3
4788,10
4795,6
4795,9
4795,10
4802,9
4802,10
4811,9
4812,2
4812,10
4815,3
4817,9
4817,10
4822,10
4823,1
4825,9
4828,10
4830,4
4833,9
4837,10
4843,9
4845,10
4851,2
4851,5
4852,10
4853,7
4854,8
4857,9
4859,10
4862,2
4866,9
4867,10
4869,3
4871,9
4878,9
4879,6
4879,10
4883,9
4887,10
4888,9
4893,9
4899,9
4902,10
4904,9
4905,3
4909,9
4912,1
4912,2
4912,10
4915,9
4919,5
4921,9
4922,10
4925,8
4926,4
4927,9
4929,1
4932,2
4932,9
4932,10
4937,9
4940,10
4941,7
4943,9
4949,10
4950,3
4950,9
4957,10
4959,9
4965,10
4968,9
4969,2
4974,9
4976,10
4977,6
4982,9
4982,10
4983,2
4984,4
4986,5
4987,1
4989,9
4989,10
4994,9
4995,10
5000,9
