8,7
8,38
9,36
10,19
10,26
10,28
10,37
11,8
11,14
11,15
12,9
12,16
12,18
12,27
12,34
12,35
12,40
13,3
13,5
13,10
13,12
13,13
13,17
13,24
13,29
13,31
13,32
14,2
14,21
14,23
14,25
14,33
14,38
15,1
15,6
15,11
15,20
15,27
15,30
15,34
15,36
15,37
15,39
16,7
16,12
16,13
16,16
16,17
16,18
16,22
16,26
16,29
16,31
16,35
17,3
17,8
17,9
17,10
17,14
17,15
17,32
18,5
18,19
18,24
18,25
18,27
18,33
18,34
18,38
19,2
19,4
19,16
19,17
19,18
19,23
19,28
19,29
19,31
19,35
19,36
19,37
20,7
20,12
20,13
20,39
21,21
21,25
21,30
21,33
21,38
21,40
22,6
22,11
22,36
23,22
23,34
23,35
24,18
24,27
24,32
24,38
25,17
25,36
27,33
27,35
27,37
27,38
27,39
28,13
32,36
32,37
32,38
33,40
37,33
37,38
38,35
39,36
40,37
41,40
43,38
46,40
47,38
48,33
50,39
52,36
53,37
53,38
54,40
59,35
60,37
60,38
60,40
61,39
63,33
67,13
67,34
67,36
69,38
70,37
70,40
73,35
73,39
74,38
75,36
79,38
81,39
82,12
82,35
83,36
83,37
83,40
84,33
85,25
85,38
85,39
86,13
88,17
89,34
90,36
90,37
90,38
91,39
92,19
92,33
93,26
93,35
94,37
96,3
96,32
98,36
98,37
98,38
99,34
99,39
100,27
100,33
100,40
102,30
103,35
103,38
104,2
104,37
106,36
107,33
107,34
109,12
109,13
109,18
109,25
109,38
110,29
110,37
111,10
111,36
111,40
112,34
112,35
112,38
113,7
113,33
114,8
116,5
116,12
116,17
116,37
116,38
118,21
118,36
118,40
119,15
119,20
119,25
119,27
119,33
119,34
120,31
120,35
120,37
121,23
121,24
121,28
121,39
122,17
122,38
123,9
124,25
124,33
124,36
125,32
126,2
126,13
126,27
126,37
127,40
128,35
128,38
128,39
129,1
129,16
129,33
130,12
130,37
131,36
132,38
133,13
133,34
134,37
136,36
137,14
138,33
138,37
138,38
138,39
138,40
142,36
142,37
146,35
146,38
147,36
147,37
148,33
149,40
153,33
153,37
154,38
155,30
155,36
155,39
157,33
159,11
160,26
162,6
162,33
162,36
162,39
163,3
163,15
164,37
165,10
165,19
165,22
165,29
165,38
166,4
166,34
167,35
167,36
168,20
168,33
169,17
169,39
170,26
170,38
171,25
172,33
172,35
173,13
173,23
173,27
173,32
173,36
174,38
174,40
175,8
175,18
175,37
176,16
176,34
176,39
177,7
177,27
177,35
178,24
178,25
179,36
179,38
180,12
180,31
180,33
181,17
182,37
183,33
183,34
183,36
184,39
185,2
185,9
185,35
188,37
189,33
189,39
190,5
190,40
191,36
191,38
192,21
192,35
195,39
197,26
197,33
197,40
199,35
201,38
202,13
203,34
204,36
204,40
205,39
207,37
210,33
210,35
211,38
212,30
212,40
213,37
216,36
218,15
218,37
218,38
219,33
219,34
219,35
219,40
221,36
222,37
225,38
227,36
227,37
227,40
228,35
229,33
229,38
232,37
234,17
234,38
234,39
234,40
238,33
238,36
239,18
239,28
239,37
239,40
240,38
241,3
241,25
242,37
243,12
243,33
243,35
244,34
245,36
245,38
245,40
246,26
246,37
247,1
247,9
247,13
249,19
249,35
250,10
250,27
250,29
250,37
250,38
251,33
251,40
252,7
252,16
252,20
252,24
252,34
253,17
253,32
254,6
254,13
254,15
255,8
255,14
255,23
255,31
255,38
256,2
256,18
256,25
256,27
256,35
256,36
256,37
256,40
257,5
257,33
257,34
257,39
258,3
258,11
258,12
258,26
258,38
259,4
259,10
259,13
259,17
259,21
259,22
259,24
261,25
261,27
261,32
261,33
261,35
261,38
262,36
262,37
262,39
263,23
263,26
263,28
263,30
263,31
263,40
264,12
264,33
264,34
264,38
266,29
267,25
268,17
268,33
268,38
268,39
269,36
270,40
271,35
271,37
273,33
274,38
277,36
277,40
278,38
278,39
279,33
279,37
283,37
284,33
284,38
285,39
286,40
289,39
290,33
290,36
290,37
290,38
295,13
296,39
297,33
297,37
298,36
298,38
299,34
303,38
304,30
304,40
305,36
306,33
306,39
307,34
307,38
309,35
310,36
313,19
313,40
314,38
315,36
315,39
316,33
316,37
321,36
321,40
323,38
323,39
326,35
326,36
326,37
327,33
330,37
331,2
332,13
332,40
333,33
333,36
334,37
334,38
335,5
335,7
336,18
337,34
338,12
338,16
338,25
339,35
339,37
339,39
340,8
340,24
340,33
340,36
340,38
341,3
341,15
341,21
341,27
341,31
341,32
341,40
342,17
343,23
343,29
344,11
344,27
344,36
344,38
345,14
345,35
346,9
346,10
346,12
346,13
346,25
346,26
346,32
346,33
346,34
347,6
347,15
347,20
348,2
348,27
348,28
348,37
348,38
349,17
349,19
349,35
349,36
350,7
350,8
350,13
350,16
350,33
350,34
350,39
351,18
351,22
351,25
351,29
351,30
351,31
351,40
352,26
353,32
353,33
353,36
353,38
354,34
355,1
355,25
355,35
355,37
356,3
357,39
359,12
359,33
359,34
362,36
363,33
363,37
363,38
367,33
370,36
371,33
371,38
371,39
374,37
379,33
379,38
381,40
382,35
382,36
382,37
382,39
384,33
388,33
390,38
392,34
392,36
393,40
394,35
396,33
396,38
397,39
398,37
403,38
404,34
404,37
405,33
405,35
405,40
406,17
408,36
409,38
410,40
411,37
412,35
413,33
415,38
415,40
419,13
419,33
419,36
420,37
421,38
421,39
421,40
425,36
426,33
426,38
430,5
430,36
430,37
431,27
431,33
432,28
432,38
433,13
433,20
433,40
434,24
434,32
434,39
435,9
435,38
436,18
436,19
436,26
436,31
436,33
436,37
437,2
437,12
437,13
437,23
437,25
437,27
437,34
437,35
438,8
438,15
438,21
438,30
438,36
439,10
439,17
439,33
439,38
440,3
440,7
440,12
440,14
440,16
440,18
440,27
440,29
440,32
440,37
440,40
441,1
441,25
441,31
441,34
441,35
442,11
442,24
442,33
442,36
442,38
443,6
443,12
443,17
443,27
444,23
444,29
445,15
445,22
445,33
446,7
446,35
446,36
446,38
447,33
447,34
448,2
448,17
448,27
448,37
448,39
450,25
450,33
451,13
452,4
453,8
453,33
453,37
453,40
454,36
454,38
455,35
456,33
457,37
459,33
459,38
462,37
463,38
464,33
464,40
467,37
467,38
469,33
469,35
469,36
471,37
474,36
474,37
476,33
477,36
477,37
479,38
481,36
481,37
483,33
486,36
486,37
487,40
488,35
488,39
491,38
492,33
492,37
493,36
498,36
499,34
500,33
501,37
502,38
503,30
503,36
504,35
504,40
506,36
508,26
509,33
509,37
509,38
510,36
513,17
514,35
514,36
514,37
516,40
517,33
518,16
518,18
519,15
519,37
520,31
520,36
521,19
522,3
523,5
523,17
523,25
524,9
524,24
524,30
524,32
524,34
524,36
524,37
524,38
525,10
525,13
525,27
525,33
525,35
525,40
526,12
526,21
526,28
527,7
527,23
528,2
528,22
528,26
528,29
528,37
529,8
529,25
529,32
529,33
529,34
529,36
529,38
530,17
530,39
531,12
531,14
531,18
531,31
531,35
532,13
532,20
533,27
533,36
533,37
533,40
534,15
534,16
534,38
535,11
535,25
535,33
536,17
538,6
538,36
539,39
540,33
540,35
540,38
541,40
542,37
544,38
546,37
548,33
548,39
549,40
550,38
551,37
552,36
555,38
555,40
556,37
557,39
559,33
561,37
562,36
562,38
565,40
567,34
568,37
569,38
571,30
573,33
574,35
574,36
574,39
576,1
576,13
576,37
578,38
581,40
582,26
582,32
582,34
582,35
583,37
584,21
584,33
585,24
586,38
588,35
589,34
589,36
590,31
591,37
592,17
593,25
593,33
595,37
596,3
596,22
596,39
597,12
597,15
597,27
597,35
597,36
598,33
598,40
599,10
600,7
600,34
601,5
601,29
601,37
601,38
602,19
602,33
603,8
603,17
603,36
603,40
604,25
605,2
605,9
605,13
605,18
605,35
605,37
605,39
606,33
607,34
608,36
608,38
610,32
610,37
611,40
612,12
613,33
614,13
614,37
616,34
616,38
617,14
618,36
618,37
619,40
620,35
622,28
624,37
624,40
625,33
626,34
626,39
627,26
628,36
629,25
630,33
630,40
631,30
633,35
634,37
635,33
635,36
636,38
636,40
640,39
641,20
642,37
642,38
643,36
645,40
646,34
648,23
648,37
651,35
651,37
652,27
652,33
653,19
654,31
654,40
655,29
655,36
656,17
656,37
657,33
657,38
657,39
658,13
659,18
660,15
660,24
660,37
661,11
661,30
661,32
662,25
662,38
663,33
663,34
664,3
664,4
664,10
664,35
665,8
665,21
665,27
665,36
665,37
665,39
666,7
666,12
666,14
668,5
668,16
669,2
669,17
669,34
669,38
670,9
670,23
670,30
670,33
670,37
671,6
671,25
671,26
671,31
671,36
672,27
672,35
672,39
672,40
673,12
673,18
673,22
674,13
675,17
675,33
675,34
676,36
676,38
677,19
677,28
677,29
677,37
677,39
678,25
679,32
681,1
681,33
682,34
682,37
682,38
682,40
683,36
684,13
685,35
686,39
688,37
689,38
691,33
691,39
695,36
696,38
697,33
697,39
697,40
698,35
702,37
704,33
704,38
704,39
706,35
710,36
711,33
712,35
713,38
713,40
714,36
714,39
718,33
720,34
720,36
724,13
724,38
724,39
726,40
727,24
727,35
728,37
730,33
731,26
732,25
732,35
733,36
733,38
733,40
735,34
736,39
737,33
738,10
739,36
740,17
740,20
740,38
741,7
741,35
741,37
742,8
743,3
743,33
744,2
744,16
744,27
744,36
745,38
746,12
746,25
746,31
746,40
747,13
747,18
748,5
748,15
748,32
748,34
748,36
748,37
748,39
749,35
750,9
750,17
750,26
750,29
750,33
751,23
751,27
751,40
752,38
753,11
753,19
753,33
754,35
755,39
756,12
756,21
756,40
757,30
757,33
757,36
757,37
759,1
762,33
763,35
763,38
765,37
766,34
766,36
766,40
767,33
768,22
771,36
772,33
774,35
774,37
774,39
774,40
775,6
776,33
777,38
779,36
780,39
781,33
781,37
782,13
784,35
785,33
786,37
790,33
790,38
790,39
791,40
792,15
792,35
792,36
792,37
798,33
798,36
799,37
800,35
801,40
802,38
803,14
803,36
803,39
808,12
809,31
809,36
809,38
810,29
810,30
811,25
811,28
811,33
811,35
811,39
812,17
812,18
812,27
812,34
813,2
813,19
813,23
813,32
814,7
814,37
814,40
815,10
815,13
815,16
815,25
815,33
815,36
815,38
816,3
816,12
816,24
816,27
816,31
816,34
816,35
817,5
817,8
817,9
818,26
818,36
818,38
819,17
819,27
820,18
820,21
820,33
820,37
820,39
821,2
821,4
821,13
821,32
822,12
822,20
823,23
823,34
823,38
824,25
824,33
824,35
824,36
825,37
825,39
826,7
826,13
826,16
826,31
826,40
829,27
829,37
829,38
830,33
833,38
834,37
834,40
835,36
837,26
837,33
839,38
842,34
842,36
843,37
844,33
844,35
844,38
845,39
848,37
850,17
850,40
853,35
853,38
854,33
854,37
855,22
855,39
856,36
858,40
860,33
860,37
862,38
863,15
866,36
867,6
868,14
868,33
868,40
869,35
870,30
870,37
871,39
872,13
873,20
873,38
874,19
874,34
875,10
875,17
875,33
875,36
877,35
877,37
878,18
881,24
882,33
882,38
883,25
883,27
883,34
884,32
884,39
885,35
885,36
886,11
886,28
888,3
889,29
889,37
891,12
891,26
891,27
891,33
891,34
891,38
892,39
893,37
893,40
894,5
894,17
895,1
896,7
896,13
896,35
896,36
897,21
898,8
898,15
898,25
898,33
898,34
898,37
898,38
899,16
899,26
900,27
900,31
901,40
902,2
902,10
902,35
902,36
903,9
903,34
903,37
904,30
904,38
906,17
906,25
906,33
907,12
907,32
908,18
908,37
909,33
909,35
909,36
910,34
910,38
913,37
916,33
918,36
918,38
918,40
920,37
921,13
923,37
924,33
924,39
925,38
930,37
932,13
932,34
932,36
934,33
934,38
934,40
935,37
937,35
938,37
943,33
943,37
944,40
946,34
947,37
948,30
948,33
948,38
948,39
949,22
951,25
952,33
952,36
952,37
954,35
955,38
956,40
957,37
958,36
961,33
962,37
962,40
963,3
964,36
965,12
965,38
966,37
967,33
967,40
969,35
970,36
970,37
971,18
971,39
972,33
972,34
974,17
975,13
975,29
975,36
975,40
976,33
976,35
977,37
978,15
978,39
979,16
981,24
981,35
981,38
982,36
983,5
983,19
983,37
984,2
984,10
984,17
984,27
984,33
985,40
986,9
986,13
986,28
986,30
986,31
986,32
986,34
986,36
986,37
987,7
987,25
987,38
988,3
988,23
988,33
988,35
988,39
989,6
989,8
989,12
989,34
990,18
990,26
990,27
990,29
990,32
990,36
990,37
991,17
992,21
992,35
993,13
993,14
993,31
993,33
993,34
993,39
993,40
994,12
995,15
995,27
995,37
996,11
996,30
996,36
997,25
998,38
999,22
999,33
999,34
999,36
1000,40
1001,7
1001,35
1001,37
1003,2
1003,36
1004,39
1005,20
1006,33
1006,40
1007,37
1007,38
1010,36
1012,37
1013,40
1014,36
1014,39
1016,34
1018,37
1019,40
1020,36
1023,33
1023,40
1027,37
1028,35
1028,36
1028,40
1029,33
1030,38
1031,39
1036,25
1036,40
1037,36
1037,37
1038,1
1039,38
1040,4
1040,33
1040,35
1041,39
1042,13
1043,36
1044,40
1046,10
1046,19
1046,38
1048,33
1049,36
1050,12
1050,39
1050,40
1051,27
1051,34
1051,37
1052,33
1055,33
1057,36
1058,37
1059,33
1061,25
1061,34
1061,40
1062,33
1062,35
1063,36
1063,38
1067,33
1069,36
1070,8
1070,34
1071,17
1071,33
1071,37
1072,35
1073,22
1073,26
1074,33
1074,38
1076,16
1076,40
1077,3
1077,21
1078,15
1078,28
1078,37
1080,5
1080,9
1080,18
1080,23
1080,29
1080,33
1080,34
1080,36
1081,7
1081,27
1081,31
1082,13
1082,24
1082,30
1082,38
1083,11
1083,12
1083,35
1083,39
1083,40
1084,2
1084,14
1084,17
1084,32
1084,33
1084,36
1084,37
1085,6
1085,25
1085,34
1086,13
1086,27
1087,10
1087,26
1088,31
1088,38
1088,39
1089,12
1089,17
1089,33
1089,35
1090,8
1090,19
1090,20
1090,27
1090,32
1090,34
1090,36
1091,1
1091,18
1091,29
1093,13
1093,25
1093,27
1093,33
1093,37
1094,15
1094,17
1094,34
1094,35
1094,36
1094,40
1095,2
1095,38
1095,39
1096,16
1098,24
1098,32
1099,36
1101,13
1101,34
1101,37
1102,12
1102,33
1105,36
1106,34
1106,35
1106,37
1106,38
1107,40
1109,33
1112,38
1113,36
1113,37
1115,34
1116,38
1118,37
1120,38
1120,40
1123,37
1124,36
1124,38
1127,35
1130,37
1130,38
1131,33
1132,36
1132,39
1132,40
1135,13
1135,37
1137,36
1139,34
1140,37
1140,38
1142,36
1144,40
1145,26
1145,35
1147,36
1147,37
1148,3
1148,7
1148,33
1148,38
1148,39
1151,17
1153,15
1153,25
1153,34
1153,38
1154,36
1155,33
1155,35
1160,14
1160,37
1160,38
1162,5
1162,36
1162,39
1163,33
1163,40
1164,35
1165,30
1166,17
1166,38
1167,12
1168,33
1168,34
1168,36
1168,37
1169,13
1170,18
1171,31
1171,32
1172,40
1173,27
1173,36
1173,37
1173,39
1174,10
1174,11
1175,2
1175,23
1175,28
1175,29
1175,33
1175,35
1175,38
1176,9
1177,13
1177,24
1177,25
1178,12
1178,22
1179,6
1179,21
1179,33
1179,34
1179,36
1179,37
1179,38
1180,8
1180,16
1180,20
1180,23
1180,27
1181,19
1181,26
1181,32
1182,35
1182,40
1183,18
1183,25
1183,27
1183,36
1184,4
1184,7
1184,17
1184,31
1184,38
1184,39
1185,2
1185,30
1185,33
1185,34
1186,37
1187,13
1187,35
1188,25
1188,36
1189,38
1191,33
1192,15
1192,34
1192,36
1193,3
1194,35
1195,37
1195,38
1199,34
1199,36
1202,35
1202,37
1202,40
1204,38
1205,33
1207,39
1210,36
1211,35
1212,38
1212,40
1213,39
1217,36
1217,40
1220,33
1220,34
1221,39
1223,36
1223,37
1225,40
1226,35
1229,33
1229,37
1230,34
1230,39
1231,40
1232,25
1235,36
1236,33
1236,38
1237,35
1237,37
1237,39
1237,40
1238,17
1240,34
1243,32
1243,36
1244,5
1244,39
1244,40
1245,33
1248,13
1248,36
1248,37
1249,12
1249,39
1250,15
1252,34
1253,29
1253,36
1254,19
1254,39
1255,7
1255,17
1255,27
1255,33
1255,37
1256,8
1256,22
1256,24
1257,3
1257,11
1257,26
1257,35
1258,10
1258,18
1258,30
1259,16
1259,21
1259,25
1259,33
1259,34
1259,36
1259,38
1260,1
1260,9
1260,20
1260,31
1261,2
1261,14
1261,27
1261,32
1262,6
1262,12
1262,17
1262,23
1262,28
1262,35
1262,36
1262,37
1262,40
1263,39
1264,10
1264,13
1264,18
1264,29
1264,31
1264,33
1265,15
1265,25
1265,38
1266,35
1267,7
1267,26
1267,27
1267,34
1267,36
1268,33
1268,37
1269,24
1272,17
1272,33
1272,36
1273,35
1273,37
1275,33
1277,36
1279,33
1279,35
1279,39
1280,38
1281,37
1283,36
1284,33
1285,37
1288,33
1289,35
1289,36
1290,37
1294,33
1295,37
1295,38
1296,30
1296,35
1296,36
1297,39
1297,40
1303,33
1303,37
1303,39
1305,40
1307,36
1310,13
1310,38
1311,35
1311,36
1312,39
1313,33
1313,37
1318,12
1318,36
1319,27
1319,33
1319,40
1320,34
1320,37
1321,39
1322,38
1323,36
1326,33
1326,40
1327,3
1327,36
1329,37
1330,35
1331,36
1332,25
1334,38
1335,13
1335,40
1336,15
1336,33
1337,8
1337,32
1337,34
1337,36
1339,5
1339,18
1339,19
1339,29
1340,20
1340,37
1340,39
1341,9
1341,17
1341,30
1341,35
1341,36
1341,38
1342,11
1342,12
1342,22
1342,23
1342,34
1343,13
1343,27
1343,33
1343,40
1344,2
1344,16
1344,25
1344,31
1344,32
1345,10
1345,26
1345,36
1345,37
1345,38
1346,7
1346,18
1346,28
1346,39
1347,13
1347,14
1347,17
1347,33
1347,35
1348,24
1348,27
1348,34
1349,3
1349,12
1349,21
1349,25
1349,31
1350,6
1350,29
1351,33
1351,37
1351,38
1352,17
1352,27
1352,36
1353,16
1353,23
1353,34
1353,39
1354,1
1354,15
1354,35
1354,40
1355,12
1356,36
1357,33
1358,39
1359,37
1359,38
1361,36
1362,4
1364,27
1365,36
1365,38
1366,33
1366,39
1369,37
1369,40
1371,34
1373,33
1373,36
1374,39
1375,38
1376,35
1377,40
1380,38
1381,37
1382,39
1384,36
1384,38
1386,33
1389,38
1389,39
1393,38
1394,36
1396,35
1398,36
1398,38
1398,39
1399,37
1400,40
1401,33
1402,13
1403,38
1404,34
1405,37
1405,39
1406,33
1406,36
1409,38
1410,32
1410,33
1410,37
1413,36
1413,37
1413,38
1414,13
1414,26
1414,33
1415,35
1417,36
1418,38
1418,40
1419,17
1419,37
1420,25
1420,30
1420,33
1420,34
1421,8
1421,13
1421,19
1422,2
1422,18
1422,36
1423,10
1423,32
1423,33
1423,35
1423,38
1424,20
1424,25
1424,37
1424,39
1425,5
1425,12
1425,34
1426,7
1426,9
1426,27
1426,31
1427,22
1427,33
1427,36
1428,17
1428,21
1428,24
1428,28
1428,29
1428,38
1429,16
1429,35
1429,39
1430,15
1430,23
1430,25
1430,37
1431,1
1431,3
1431,14
1431,32
1431,33
1432,6
1432,13
1432,27
1432,34
1433,36
1434,18
1434,26
1434,30
1435,35
1436,24
1436,37
1436,38
1437,12
1437,33
1437,34
1438,27
1439,36
1439,40
1440,31
1440,39
1442,25
1443,33
1445,36
1446,37
1446,38
1448,35
1451,37
1453,33
1455,37
1456,40
1458,36
1459,39
1460,33
1460,34
1460,37
1461,35
1464,38
1465,37
1466,36
1467,34
1469,33
1469,37
1470,38
1471,36
1473,37
1474,39
1475,38
1476,37
1479,37
1481,38
1482,39
1483,13
1483,37
1484,40
1485,35
1486,11
1486,36
1487,33
1487,34
1487,37
1487,38
1488,39
1490,40
1494,33
1494,37
1494,38
1494,39
1496,36
1496,40
1500,35
1502,33
1502,40
1503,17
1503,20
1503,37
1504,36
1504,38
1504,39
1505,10
1506,13
1507,15
1507,33
1507,35
1508,3
1508,25
1510,7
1510,17
1510,37
1510,38
1511,8
1511,19
1511,27
1511,29
1512,26
1512,33
1512,34
1512,36
1512,40
1513,5
1513,6
1513,12
1513,18
1513,35
1513,39
1514,2
1514,9
1514,21
1514,22
1514,38
1515,13
1515,17
1515,31
1515,37
1516,12
1516,16
1516,23
1516,25
1516,28
1516,32
1516,33
1517,4
1517,18
1517,24
1517,27
1517,30
1517,34
1518,3
1518,15
1518,33
1518,35
1518,36
1518,37
1518,38
1518,39
1519,14
1519,29
1519,40
1520,1
1520,7
1520,8
1520,10
1520,17
1520,31
1521,25
1521,26
1522,33
1522,38
1523,34
1524,16
1524,32
1524,35
1525,13
1525,20
1525,27
1525,36
1526,12
1526,17
1526,33
1526,38
1527,37
1528,35
1529,23
1529,33
1530,27
1530,38
1531,13
1531,36
1533,33
1534,37
1534,38
1535,35
1535,40
1537,33
1537,36
1538,38
1541,35
1542,36
1543,33
1544,34
1544,38
1545,39
1545,40
1546,36
1548,38
1550,35
1550,36
1553,38
1554,33
1554,36
1554,37
1554,40
1556,39
1558,36
1558,38
1559,34
1562,40
1563,33
1563,35
1563,36
1563,37
1565,38
1569,38
1570,36
1572,33
1572,39
1573,37
1573,38
1574,34
1574,35
1575,36
1576,19
1576,40
1577,17
1578,38
1579,36
1580,33
1581,2
1581,32
1581,37
1582,35
1582,40
1583,36
1583,38
1584,34
1586,13
1586,25
1587,33
1588,36
1588,38
1589,5
1589,37
1591,28
1592,37
1593,40
1594,7
1594,26
1595,38
1596,33
1596,34
1597,15
1597,36
1597,37
1598,25
1599,29
1600,9
1602,18
1602,33
1602,35
1602,37
1602,40
1603,17
1603,38
1604,10
1604,12
1604,22
1604,30
1605,11
1605,39
1606,34
1606,36
1607,3
1607,21
1607,25
1607,31
1607,33
1607,37
1607,38
1608,12
1608,35
1610,14
1610,23
1610,27
1610,32
1611,33
1611,36
1612,8
1612,34
1613,37
1613,40
1614,27
1614,35
1614,38
1615,16
1615,24
1615,33
1615,39
1616,13
1619,27
1619,38
1620,33
1620,34
1621,36
1621,37
1622,38
1624,33
1626,37
1627,33
1627,35
1627,38
1629,40
1631,33
1631,37
1632,36
1632,38
1635,35
1637,36
1637,38
1637,40
1638,33
1638,37
1642,39
1643,33
1643,35
1643,36
1645,37
1646,38
1647,40
1651,34
1651,36
1651,38
1652,39
1653,40
1655,33
1655,35
1656,36
1657,38
1659,37
1661,36
1662,17
1662,40
1664,38
1665,37
1667,40
1668,13
1668,33
1668,35
1668,36
1669,15
1670,37
1671,5
1671,25
1671,38
1673,36
1674,34
1674,35
1675,7
1675,18
1675,19
1675,26
1675,40
1676,8
1676,37
1677,27
1677,28
1677,33
1677,36
1677,39
1678,2
1678,12
1678,24
1678,34
1678,38
1679,9
1679,17
1679,20
1680,3
1680,29
1680,31
1680,32
1681,13
1681,18
1681,25
1681,30
1681,35
1681,36
1681,37
1682,10
1682,16
1682,23
1682,27
1682,33
1682,34
1682,39
1682,40
1683,1
1683,11
1683,14
1683,38
1684,6
1684,12
1685,7
1685,17
1685,33
1685,36
1686,29
1686,35
1686,37
1687,31
1688,2
1688,25
1688,27
1689,21
1689,33
1689,38
1690,13
1690,15
1690,26
1690,36
1690,39
1690,40
1691,37
1693,30
1694,22
1694,32
1695,33
1695,37
1695,38
1697,36
1698,34
1698,35
1701,38
1703,36
1703,37
1703,39
1704,33
1704,40
1708,36
1710,35
1710,37
1710,38
1712,39
1714,33
1715,38
1716,36
1717,34
1720,36
1722,33
1722,39
1723,38
1724,37
1726,36
1728,33
1728,35
1730,4
1730,37
1731,36
1732,38
1735,33
1735,34
1735,40
1736,36
1737,38
1738,20
1738,37
1738,39
1739,33
1741,36
1744,33
1744,38
1744,40
1745,39
1746,36
1748,35
1750,13
1751,39
1752,33
1752,37
1752,38
1752,40
1753,34
1755,36
1757,32
1758,40
1759,39
1760,33
1760,36
1762,37
1764,15
1764,17
1764,25
1765,8
1766,33
1766,36
1767,3
1767,5
1767,21
1767,27
1767,37
1767,40
1768,6
1768,12
1768,18
1768,19
1768,24
1768,34
1768,35
1769,2
1769,26
1769,38
1770,1
1770,16
1770,17
1770,28
1770,31
1771,7
1771,9
1771,10
1771,13
1771,22
1771,23
1771,27
1771,29
1771,33
1771,34
1771,36
1771,37
1771,39
1772,18
1772,25
1772,35
1772,40
1773,3
1773,30
1773,38
1774,12
1774,24
1774,26
1774,32
1775,14
1775,34
1775,36
1776,15
1776,33
1776,39
1777,27
1777,35
1777,37
1778,11
1778,13
1778,17
1779,36
1780,38
1783,33
1783,36
1783,37
1783,40
1784,25
1784,35
1786,39
1788,36
1788,37
1789,38
1792,34
1793,36
1794,37
1796,33
1796,39
1797,40
1798,35
1798,36
1801,30
1801,38
1802,37
1802,39
1803,34
1804,36
1805,40
1809,33
1809,36
1810,37
1810,39
1812,35
1814,38
1815,33
1816,36
1820,36
1820,39
1822,38
1823,40
1824,36
1828,37
1830,36
1830,39
1832,35
1834,36
1835,33
1836,5
1836,13
1836,32
1837,40
1838,36
1838,38
1839,8
1839,34
1839,37
1840,13
1840,31
1842,28
1842,36
1843,10
1843,15
1843,17
1843,29
1843,33
1845,19
1845,20
1845,25
1845,26
1845,27
1845,35
1846,7
1846,18
1846,32
1846,34
1846,40
1847,2
1847,11
1847,12
1847,22
1847,24
1847,36
1847,37
1847,38
1848,6
1848,9
1848,16
1848,23
1848,27
1848,33
1848,35
1849,3
1849,17
1849,25
1849,31
1849,39
1850,13
1850,14
1850,30
1850,38
1851,8
1851,12
1851,21
1851,34
1851,36
1852,15
1852,18
1852,27
1852,33
1853,10
1853,29
1853,32
1854,1
1854,17
1854,35
1854,36
1854,37
1854,38
1855,23
1855,25
1855,26
1855,33
1857,2
1857,40
1858,16
1858,27
1858,33
1858,35
1859,36
1860,34
1860,38
1862,33
1862,37
1867,33
1867,36
1868,38
1870,37
1873,38
1873,39
1874,35
1875,40
1876,33
1877,36
1877,38
1882,38
1883,37
1884,33
1885,36
1886,35
1888,4
1888,38
1890,36
1890,40
1891,20
1891,39
1892,37
1893,38
1897,36
1900,13
1900,33
1900,38
1901,34
1901,35
1903,36
1903,37
1904,40
1907,19
1908,33
1908,37
1910,36
1910,39
1911,38
1912,35
1913,34
1914,5
1915,38
1915,40
1916,37
1918,12
1918,33
1918,34
1919,35
1921,36
1921,37
1923,38
1924,39
1926,33
1929,35
1929,38
1930,17
1932,25
1932,36
1932,37
1932,39
1933,13
1933,33
1934,26
1935,27
1936,37
1937,18
1937,35
1937,38
1938,7
1938,29
1938,36
1939,16
1940,15
1940,30
1941,3
1941,25
1942,9
1942,31
1942,32
1942,34
1942,36
1942,38
1943,23
1943,24
1943,33
1943,37
1943,39
1944,6
1944,10
1944,12
1944,35
1945,1
1945,17
1945,27
1945,40
1946,2
1946,13
1946,14
1946,33
1946,36
1947,21
1947,22
1947,29
1947,37
1948,25
1948,28
1948,35
1949,18
1949,32
1950,8
1950,33
1950,34
1950,38
1950,39
1951,26
1951,36
1951,37
1952,11
1952,12
1953,7
1954,27
1955,15
1955,35
1955,37
1956,30
1956,31
1956,33
1956,36
1956,38
1958,34
1960,36
1962,33
1962,37
1962,39
1963,35
1968,33
1969,37
1969,40
1971,36
1971,38
1976,33
1976,35
1977,36
1977,37
1977,38
1980,40
1983,20
1983,38
1984,36
1986,37
1987,35
1987,39
1988,13
1988,17
1988,19
1988,33
1988,34
1989,5
1989,36
1990,38
1991,40
1992,39
1993,37
1995,36
1996,3
1996,40
1997,37
1999,2
1999,35
2000,25
2000,33
2000,34
2000,36
2000,39
2001,37
2006,35
2006,37
2007,36
2007,40
2009,38
2010,13
2012,37
2012,40
2013,35
2013,36
2015,34
2016,9
2016,38
2017,10
2017,39
2019,33
2019,40
2020,12
2020,35
2020,36
2022,27
2022,37
2022,38
2024,17
2024,18
2025,13
2026,21
2027,33
2027,36
2027,37
2027,40
2028,4
2028,16
2028,23
2028,32
2028,34
2028,38
2029,35
2030,7
2030,8
2030,24
2030,28
2031,14
2031,31
2032,26
2032,33
2032,38
2033,25
2033,27
2033,36
2033,39
2033,40
2034,17
2034,23
2034,34
2035,1
2035,29
2035,35
2036,15
2036,20
2036,30
2036,33
2038,27
2038,38
2038,39
2039,13
2039,35
2039,37
2039,40
2040,12
2041,18
2041,19
2041,33
2041,34
2041,36
2042,5
2042,6
2042,25
2043,17
2043,37
2044,35
2045,38
2045,39
2046,33
2046,34
2046,36
2046,40
2047,2
2051,36
2052,22
2052,33
2054,35
2054,37
2055,38
2055,39
2057,33
2057,36
2061,33
2061,36
2063,37
2063,38
2064,3
2065,35
2065,36
2068,33
2070,36
2071,35
2071,37
2072,38
2073,40
2075,34
2075,36
2076,33
2078,35
2078,36
2081,40
2082,33
2083,36
2083,37
2087,35
2087,36
2088,37
2089,33
2089,40
2091,13
2091,34
2092,31
2092,32
2093,36
2093,38
2094,33
2094,37
2095,7
2095,11
2095,35
2096,17
2096,29
2097,8
2097,9
2097,15
2097,40
2098,25
2098,33
2099,34
2099,37
2100,10
2100,16
2100,28
2100,32
2100,36
2100,38
2101,17
2101,26
2101,35
2101,39
2102,27
2103,6
2103,18
2103,33
2104,2
2104,12
2105,37
2105,38
2105,40
2106,24
2106,25
2106,31
2106,34
2106,36
2107,3
2107,5
2108,33
2109,1
2109,13
2109,21
2109,22
2110,36
2110,38
2111,20
2112,12
2112,19
2112,23
2112,26
2112,35
2113,27
2113,37
2113,39
2114,33
2114,34
2114,40
2115,36
2117,7
2118,18
2118,37
2118,38
2119,30
2121,35
2122,34
2122,36
2123,40
2124,33
2124,37
2125,38
2129,33
2129,37
2132,35
2132,39
2133,38
2136,33
2136,37
2136,40
2139,34
2139,36
2143,33
2143,35
2143,37
2143,40
2150,33
2150,40
2151,37
2152,36
2154,35
2154,38
2154,39
2158,40
2160,36
2161,33
2162,17
2162,37
2163,25
2164,15
2165,38
2166,33
2166,34
2166,35
2167,36
2168,10
2168,14
2168,40
2169,30
2170,6
2171,8
2171,32
2171,36
2172,27
2172,33
2172,38
2173,3
2173,12
2173,17
2173,29
2173,31
2174,13
2174,34
2174,39
2175,2
2175,18
2175,20
2175,35
2175,36
2175,37
2176,16
2176,19
2176,21
2176,23
2176,24
2176,26
2176,28
2176,33
2177,5
2177,7
2177,25
2177,32
2178,9
2178,11
2178,22
2178,27
2178,35
2178,38
2179,4
2179,12
2179,13
2179,15
2179,17
2179,23
2179,31
2179,33
2179,34
2179,37
2180,8
2180,18
2180,29
2180,36
2180,40
2181,10
2181,25
2181,38
2181,39
2182,1
2182,27
2183,7
2183,17
2183,26
2183,33
2183,34
2183,35
2184,12
2185,30
2185,36
2185,37
2186,38
2188,25
2188,27
2188,35
2189,39
2191,34
2192,36
2192,40
2193,33
2193,38
2197,37
2197,39
2198,36
2199,38
2201,35
2202,36
2203,38
2205,37
2207,36
2209,38
2211,39
2212,36
2213,34
2213,37
2219,39
2220,37
2221,33
2221,36
2221,38
2222,35
2226,37
2228,38
2230,36
2231,33
2232,34
2232,37
2232,40
2238,33
2238,35
2239,13
2239,37
2239,38
2239,39
2240,36
2242,34
2246,39
2247,32
2247,33
2247,37
2249,36
2249,38
2252,13
2252,33
2252,34
2254,37
2256,35
2256,38
2258,40
2259,10
2261,33
2261,34
2263,27
2263,36
2263,38
2264,37
2265,12
2266,19
2266,35
2268,3
2268,39
2269,2
2269,7
2269,17
2269,33
2269,34
2269,37
2270,14
2270,18
2270,27
2270,29
2270,40
2271,16
2272,5
2272,21
2272,24
2272,25
2272,26
2272,31
2272,38
2273,9
2273,12
2273,13
2273,15
2273,17
2273,22
2273,36
2274,20
2274,23
2274,27
2274,28
2274,30
2274,33
2274,35
2274,37
2275,1
2275,2
2275,3
2275,8
2275,11
2275,18
2275,32
2275,34
2276,6
2276,7
2276,10
2276,19
2276,25
2276,31
2276,38
2276,40
2277,16
2277,26
2277,29
2277,33
2277,36
2277,39
2278,4
2278,12
2278,13
2278,14
2278,15
2278,17
2278,27
2278,34
2278,35
2279,24
2280,21
2280,38
2281,25
2281,27
2281,37
2282,8
2282,17
2282,23
2282,33
2282,36
2282,39
2283,40
2284,32
2284,34
2286,35
2287,30
2289,33
2289,36
2289,37
2291,38
2293,39
2298,38
2299,33
2300,37
2300,40
2302,35
2306,37
2306,38
2308,40
2309,36
2310,33
2310,37
2313,34
2315,37
2316,36
2316,40
2317,33
2320,35
2322,33
2323,36
2323,37
2323,38
2323,40
2328,33
2328,35
2329,36
2330,37
2330,38
2333,36
2335,38
2335,40
2336,35
2337,33
2337,36
2338,34
2341,37
2342,36
2343,13
2344,33
2344,35
2345,39
2347,37
2347,38
2350,13
2350,27
2350,36
2351,18
2351,33
2352,25
2353,37
2353,40
2354,35
2354,36
2354,38
2355,12
2356,9
2356,17
2356,34
2357,31
2358,33
2358,37
2358,39
2359,36
2359,38
2360,32
2361,27
2362,24
2362,37
2363,35
2364,2
2364,13
2364,33
2364,36
2364,38
2365,17
2366,37
2367,5
2367,30
2367,34
2368,7
2369,35
2369,36
2370,3
2370,10
2370,21
2370,26
2370,33
2370,37
2370,38
2370,39
2370,40
2371,15
2371,22
2371,28
2372,12
2372,25
2373,29
2373,34
2374,8
2374,17
2374,33
2374,36
2374,37
2374,38
2375,35
2376,39
2377,14
2377,23
2378,27
2379,1
2379,38
2380,13
2381,19
2381,20
2382,16
2382,36
2382,37
2382,39
2384,6
2384,26
2384,27
2384,33
2385,34
2385,35
2385,38
2386,18
2386,40
2389,32
2389,33
2390,36
2390,38
2391,34
2391,37
2394,33
2395,38
2396,35
2397,36
2398,40
2400,38
2401,33
2401,37
2403,34
2403,36
2407,39
2409,38
2410,33
2410,36
2412,37
2413,25
2415,36
2416,37
2417,33
2417,35
2419,11
2421,37
2423,32
2423,33
2423,38
2423,39
2424,15
2424,36
2424,37
2425,31
2425,40
2427,17
2428,35
2429,33
2429,37
2430,34
2433,37
2433,39
2435,13
2436,33
2437,25
2437,38
2438,37
2439,26
2439,35
2440,36
2441,2
2442,30
2442,33
2442,37
2443,8
2443,10
2443,39
2444,12
2444,18
2444,21
2444,36
2445,29
2445,33
2446,3
2446,7
2446,25
2446,27
2446,40
2447,9
2447,35
2448,5
2448,34
2448,36
2448,37
2448,38
2448,39
2449,12
2449,13
2449,16
2449,17
2449,22
2449,24
2449,31
2449,33
2450,15
2450,23
2451,33
2451,36
2452,27
2453,19
2453,25
2453,37
2453,40
2454,17
2454,38
2455,2
2455,28
2455,33
2455,36
2455,39
2456,32
2457,13
2457,18
2457,29
2457,34
2458,35
2458,40
2459,33
2459,37
2462,14
2463,33
2463,36
2463,38
2464,37
2467,40
2469,36
2469,37
2469,38
2470,33
2474,40
2475,36
2475,37
2476,33
2477,38
2478,39
2481,36
2482,37
2484,38
2484,40
2488,33
2488,35
2488,36
2488,39
2489,37
2490,38
2494,13
2495,37
2495,38
2496,36
2497,33
2497,39
2497,40
2498,27
2498,35
2499,32
2500,4
2500,20
2500,38
2501,36
2503,13
2503,27
2503,34
2503,38
2504,35
2504,39
2506,8
2506,36
2506,37
2506,38
2507,7
2507,24
2507,25
2510,16
2510,36
2510,38
2511,3
2511,26
2511,33
2511,40
2512,17
2512,34
2513,10
2514,6
2514,36
2514,37
2514,39
2515,35
2515,38
2516,1
2516,18
2517,5
2517,12
2517,19
2517,32
2518,27
2518,31
2518,33
2519,22
2519,34
2519,38
2519,39
2520,2
2520,15
2520,36
2520,37
2520,40
2521,9
2521,17
2521,21
2521,23
2522,24
2522,29
2523,11
2524,12
2524,26
2524,30
2524,35
2525,7
2525,13
2525,25
2525,27
2525,33
2525,36
2525,38
2525,39
2526,14
2526,32
2526,37
2527,23
2527,28
2527,34
2529,8
2529,37
2530,10
2530,13
2530,29
2530,31
2530,35
2530,38
2531,25
2531,33
2531,36
2531,39
2531,40
2533,38
2534,37
2535,17
2535,18
2535,36
2537,33
2538,38
2539,36
2542,37
2542,39
2544,36
2544,40
2546,33
2546,37
2549,38
2551,36
2551,37
2551,39
2552,33
2552,40
2556,33
2558,37
2559,40
2560,38
2560,39
2562,33
2563,36
2564,35
2565,38
2567,36
2568,39
2570,33
2571,38
2572,36
2572,37
2577,39
2578,36
2578,38
2578,40
2579,33
2580,15
2583,37
2585,3
2587,36
2588,33
2588,34
2589,30
2589,39
2590,40
2591,38
2592,11
2592,27
2593,12
2593,19
2593,36
2594,25
2595,5
2595,13
2595,33
2595,39
2596,17
2596,18
2596,20
2596,32
2596,35
2597,1
2597,14
2597,27
2597,34
2597,36
2597,37
2597,38
2598,30
2599,2
2599,8
2599,10
2599,12
2599,13
2599,16
2599,23
2599,26
2599,28
2599,29
2599,31
2599,33
2599,40
2600,24
2600,25
2600,35
2601,6
2601,7
2601,9
2601,17
2601,33
2601,36
2601,38
2602,12
2602,15
2602,18
2602,21
2602,23
2602,27
2602,29
2602,34
2603,13
2603,16
2603,37
2604,8
2604,10
2604,31
2604,33
2604,35
2605,5
2605,12
2605,22
2605,27
2605,36
2605,39
2606,32
2606,34
2606,38
2607,17
2607,24
2607,33
2607,37
2607,40
2608,4
2608,25
2609,2
2609,26
2609,35
2610,36
2610,37
2611,33
2614,37
2616,13
2616,35
2616,36
2616,40
2617,33
2618,37
2619,39
2621,36
2623,40
2625,33
2625,36
2626,37
2628,35
2628,38
2629,33
2629,36
2632,37
2632,40
2634,35
2634,36
2635,33
2635,34
2639,38
2640,36
2641,33
2641,37
2645,36
2646,35
2647,33
2648,38
2650,37
2651,33
2651,39
2652,36
2655,22
2655,38
2657,33
2657,37
2659,35
2660,36
2662,38
2662,39
2662,40
2663,34
2664,37
2667,3
2667,33
2667,35
2667,36
2670,38
2672,36
2675,13
2675,37
2675,39
2676,27
2676,35
2676,36
2677,32
2679,19
2679,38
2680,7
2681,18
2681,33
2681,36
2682,15
2682,25
2682,34
2682,37
2682,39
2683,13
2683,40
2684,30
2685,17
2685,35
2685,38
2686,12
2686,36
2687,27
2687,39
2688,10
2688,33
2688,40
2689,29
2690,28
2690,34
2691,25
2692,17
2692,18
2692,33
2692,35
2692,36
2692,37
2693,39
2695,31
2695,38
2695,40
2698,20
2699,35
2699,36
2701,2
2701,39
2702,33
2702,40
2703,37
2703,38
2704,25
2706,5
2707,35
2708,36
2709,21
2709,34
2709,40
2710,9
2710,14
2710,33
2710,38
2710,39
2711,37
2713,13
2713,17
2714,1
2714,12
2714,35
2714,36
2715,26
2716,37
2717,16
2717,27
2717,33
2718,6
2718,8
2718,32
2718,36
2719,38
2720,7
2720,15
2720,18
2720,24
2720,31
2720,34
2720,35
2720,37
2720,39
2722,17
2722,33
2723,11
2723,13
2723,25
2723,27
2724,36
2725,33
2725,35
2726,3
2726,19
2726,38
2727,37
2728,32
2728,34
2728,36
2729,12
2729,22
2729,27
2730,33
2730,37
2731,10
2732,36
2733,26
2733,35
2735,33
2735,38
2735,40
2736,36
2736,37
2737,25
2739,30
2740,23
2740,33
2740,36
2741,38
2742,35
2743,37
2745,36
2747,29
2747,33
2747,34
2747,39
2747,40
2749,38
2750,35
2750,37
2755,36
2755,39
2755,40
2756,33
2756,38
2757,34
2760,38
2761,33
2762,35
2762,36
2762,37
2764,39
2764,40
2767,34
2767,37
2768,36
2768,38
2769,33
2770,39
2772,37
2772,40
2773,17
2773,25
2774,13
2774,33
2774,36
2775,35
2776,37
2776,38
2779,39
2780,34
2780,36
2780,40
2783,37
2785,33
2785,39
2786,3
2788,37
2788,40
2791,5
2791,33
2791,36
2792,12
2793,11
2793,15
2793,26
2793,30
2793,34
2793,37
2794,39
2795,8
2795,9
2795,21
2795,31
2795,36
2795,38
2796,33
2797,2
2797,7
2797,10
2797,14
2797,17
2797,18
2797,29
2797,32
2798,35
2799,12
2799,16
2799,19
2799,25
2799,27
2799,28
2799,36
2799,38
2800,6
2800,20
2800,23
2800,24
2800,33
2800,37
2801,13
2801,17
2801,18
2801,31
2801,34
2802,1
2802,9
2802,15
2802,22
2802,27
2802,36
2802,39
2803,2
2803,35
2804,12
2804,25
2804,30
2804,32
2804,33
2804,38
2804,40
2805,26
2806,24
2806,34
2806,37
2807,13
2807,29
2807,36
2808,7
2808,19
2808,27
2808,33
2808,35
2810,17
2810,38
2813,4
2813,34
2814,35
2815,33
2815,38
2815,40
2817,36
2817,37
2817,39
2820,38
2823,36
2823,37
2825,35
2827,33
2827,40
2828,34
2828,38
2829,37
2831,36
2833,39
2837,36
2837,37
2841,40
2842,33
2843,37
2845,34
2846,36
2847,37
2847,38
2853,33
2854,37
2854,38
2854,40
2855,34
2856,12
2856,35
2857,33
2857,36
2858,3
2858,37
2859,38
2863,37
2864,36
2864,38
2865,33
2865,34
2867,21
2868,35
2868,40
2870,26
2870,37
2871,5
2871,33
2871,38
2873,17
2873,36
2874,34
2875,8
2875,13
2875,15
2875,25
2876,10
2876,33
2876,38
2877,27
2877,35
2878,18
2878,36
2878,37
2879,7
2879,16
2879,34
2880,24
2880,28
2880,31
2880,32
2880,39
2881,6
2881,25
2881,33
2882,17
2882,29
2882,38
2882,40
2883,23
2883,36
2883,37
2884,2
2884,12
2884,13
2884,19
2884,35
2885,14
2885,33
2886,9
2887,22
2887,34
2887,37
2887,38
2888,15
2889,27
2889,36
2889,39
2892,33
2892,38
2894,32
2895,36
2896,30
2896,33
2896,38
2897,35
2899,37
2899,38
2899,39
2900,36
2901,33
2905,38
2906,33
2906,36
2908,37
2908,40
2910,33
2910,36
2910,38
2911,35
2916,33
2916,35
2916,36
2916,38
2917,37
2917,39
2922,33
2922,38
2923,37
2924,35
2924,36
2926,13
2928,37
2928,38
2928,39
2929,33
2930,36
2931,34
2932,35
2934,11
2934,26
2934,36
2934,40
2936,33
2936,37
2936,38
2937,3
2937,39
2938,20
2939,17
2939,36
2940,25
2941,35
2941,37
2942,33
2943,38
2943,39
2944,36
2945,8
2945,32
2945,37
2946,21
2947,27
2948,12
2948,13
2948,18
2948,31
2948,37
2949,33
2950,15
2950,17
2950,24
2950,29
2950,35
2950,38
2950,40
2951,2
2951,7
2951,25
2951,34
2951,36
2952,5
2952,16
2952,37
2953,9
2953,10
2953,14
2953,23
2953,27
2953,33
2954,17
2954,30
2955,3
2955,12
2955,13
2955,18
2955,35
2955,36
2955,37
2955,38
2956,27
2956,31
2957,1
2957,6
2957,19
2957,25
2957,28
2957,33
2957,34
2958,4
2958,23
2958,32
2958,36
2958,40
2959,37
2959,39
2960,24
2960,33
2960,35
2962,22
2963,34
2963,38
2964,13
2964,33
2964,37
2965,36
2966,26
2967,27
2968,37
2969,33
2969,36
2971,38
2974,36
2974,37
2975,33
2975,34
2978,39
2980,36
2981,40
2982,33
2982,37
2984,36
2985,38
2987,39
2989,36
2990,35
2991,34
2996,36
2996,37
2996,38
2998,30
2999,40
3001,33
3002,36
3004,35
3006,37
3006,38
3007,36
3010,13
3010,37
3010,40
3013,34
3013,35
3014,36
3014,37
3014,38
3015,33
3018,39
3020,35
3021,17
3021,36
3021,37
3022,38
3023,33
3024,40
3026,35
3027,37
3027,39
3028,25
3028,38
3029,15
3029,36
3031,2
3032,17
3032,35
3033,7
3033,33
3033,40
3034,12
3034,18
3034,38
3035,37
3036,10
3036,21
3036,22
3036,25
3036,29
3036,34
3037,5
3037,9
3037,16
3038,8
3038,33
3038,35
3038,36
3039,12
3039,23
3039,31
3039,38
3040,3
3040,27
3040,32
3040,39
3041,6
3041,13
3041,14
3041,28
3042,26
3042,34
3042,37
3043,1
3043,17
3043,24
3043,33
3043,36
3043,40
3044,11
3044,12
3044,18
3044,29
3044,35
3045,15
3045,20
3045,23
3045,27
3045,30
3046,7
3046,33
3046,38
3047,2
3047,19
3047,25
3047,31
3047,32
3047,39
3048,27
3048,34
3048,36
3049,10
3049,35
3050,12
3051,13
3051,17
3051,33
3051,38
3051,39
3052,25
3052,37
3053,16
3053,32
3054,36
3057,35
3058,34
3059,38
3060,39
3060,40
3061,37
3062,33
3064,36
3067,33
3067,39
3068,37
3068,38
3070,40
3071,36
3074,30
3074,33
3075,36
3075,37
3075,39
3079,35
3082,38
3083,33
3083,36
3083,39
3084,34
3084,37
3088,40
3089,37
3091,33
3093,39
3095,33
3096,36
3098,35
3099,39
3100,38
3101,33
3104,40
3106,35
3108,33
3108,38
3108,39
3109,37
3110,17
3110,36
3113,26
3113,33
3113,35
3114,3
3115,18
3115,36
3116,39
3117,27
3117,29
3117,33
3117,34
3117,37
3118,36
3118,40
3120,17
3120,30
3120,35
3121,15
3122,5
3122,12
3122,33
3122,36
3123,13
3123,22
3123,37
3124,39
3125,4
3125,8
3125,17
3125,19
3125,31
3125,34
3126,21
3126,32
3126,36
3126,38
3127,7
3127,11
3127,24
3127,33
3128,2
3128,10
3128,25
3128,28
3128,35
3129,9
3129,13
3129,26
3129,27
3130,33
3130,36
3130,37
3130,38
3130,40
3131,12
3131,16
3131,25
3131,34
3132,6
3132,14
3132,17
3132,18
3132,29
3133,30
3133,31
3133,35
3134,20
3134,23
3134,27
3134,33
3134,36
3135,12
3135,34
3135,39
3136,32
3137,1
3137,13
3137,38
3138,25
3138,33
3139,15
3139,36
3139,37
3141,33
3141,34
3141,35
3141,38
3143,36
3145,33
3146,38
3148,36
3148,39
3150,33
3152,38
3154,36
3155,33
3156,38
3156,40
3158,13
3158,37
3159,36
3160,33
3160,38
3160,40
3164,38
3166,5
3166,33
3166,36
3167,35
3167,40
3170,38
3172,36
3172,37
3172,39
3174,40
3177,33
3177,36
3177,38
3178,35
3182,36
3182,40
3184,37
3186,13
3186,38
3186,39
3187,36
3188,35
3191,34
3191,36
3191,37
3191,40
3192,18
3192,19
3195,33
3195,36
3196,3
3196,37
3197,35
3197,38
3198,32
3199,23
3199,33
3199,36
3200,34
3203,27
3203,35
3203,36
3203,37
3205,33
3206,7
3207,38
3208,2
3208,36
3211,8
3211,22
3211,33
3213,16
3213,36
3213,37
3213,39
3214,12
3214,17
3214,21
3214,25
3214,30
3214,33
3214,34
3215,24
3215,26
3215,38
3216,10
3216,31
3216,35
3217,33
3218,17
3218,25
3218,27
3218,29
3218,36
3219,9
3219,15
3219,18
3219,32
3219,38
3220,1
3220,33
3220,40
3221,13
3221,14
3221,28
3221,34
3221,35
3221,37
3222,27
3222,36
3222,39
3223,3
3223,6
3223,17
3223,38
3224,12
3224,33
3225,20
3227,26
3227,36
3227,37
3227,38
3228,33
3228,34
3229,35
3229,39
3232,40
3233,33
3235,36
3236,38
3239,33
3240,37
3240,38
3241,39
3244,34
3249,33
3249,38
3250,36
3250,40
3251,37
3254,38
3254,39
3257,11
3258,38
3260,25
3261,30
3261,33
3262,34
3262,38
3264,35
3264,37
3265,36
3266,39
3266,40
3272,5
3272,38
3274,39
3275,36
3276,37
3277,13
3277,40
3278,34
3279,15
3280,23
3280,37
3281,7
3281,33
3281,38
3282,2
3282,19
3282,22
3282,24
3283,26
3283,35
3283,40
3284,8
3284,32
3285,4
3285,9
3285,34
3285,38
3286,3
3286,10
3286,12
3286,17
3286,18
3286,29
3286,36
3286,37
3287,13
3287,16
3287,27
3287,33
3287,39
3287,40
3288,14
3288,25
3288,35
3289,6
3289,12
3289,28
3289,36
3290,31
3290,34
3290,38
3291,5
3291,17
3291,33
3292,18
3292,20
3292,27
3293,35
3293,36
3293,37
3294,23
3294,25
3294,40
3295,15
3295,32
3295,33
3295,38
3296,21
3296,39
3297,34
3298,36
3299,35
3303,27
3303,37
3304,33
3305,35
3305,36
3306,34
3309,36
3311,37
3311,40
3312,33
3312,35
3315,36
3316,39
3319,36
3319,38
3321,35
3324,36
3325,33
3325,34
3325,37
3325,40
3326,39
3328,38
3331,35
3332,36
3332,37
3334,33
3336,17
3338,40
3339,33
3339,36
3340,35
3340,37
3340,38
3340,39
3341,25
3344,13
3345,33
3345,36
3345,38
3347,37
3348,29
3348,40
3350,35
3350,36
3351,33
3352,34
3352,37
3356,7
3356,30
3356,36
3357,33
3357,37
3358,8
3359,35
3359,36
3360,38
3361,31
3362,34
3363,37
3363,40
3364,15
3364,36
3365,38
3365,39
3366,35
3368,12
3369,17
3369,36
3370,33
3371,37
3371,40
3372,19
3372,27
3372,38
3373,10
3373,11
3374,2
3374,25
3374,36
3374,39
3375,35
3376,3
3376,13
3376,18
3376,32
3376,38
3377,9
3377,27
3377,33
3378,5
3378,34
3378,36
3379,12
3379,20
3379,21
3379,26
3379,40
3380,1
3380,13
3380,16
3380,24
3380,38
3381,28
3381,30
3381,35
3381,37
3381,39
3382,14
3382,27
3382,29
3382,34
3382,36
3383,18
3383,19
3383,23
3383,25
3383,32
3383,33
3384,7
3384,10
3384,17
3384,31
3385,8
3385,35
3385,38
3386,33
3386,34
3386,36
3386,39
3387,12
3387,22
3387,23
3387,25
3387,27
3389,24
3390,2
3390,17
3390,36
3390,38
3391,33
3391,39
3393,27
3394,6
3394,25
3394,37
3394,40
3395,38
3397,13
3398,33
3398,34
3400,37
3400,39
3401,35
3401,36
3401,38
3408,40
3409,37
3409,39
3410,33
3410,36
3411,38
3415,37
3417,36
3420,38
3421,36
3421,37
3423,35
3423,40
3426,36
3427,15
3427,38
3429,36
3429,37
3432,4
3432,39
3434,36
3436,33
3437,38
3438,13
3439,36
3440,37
3442,9
3442,33
3442,34
3443,32
3443,36
3444,26
3444,40
3445,35
3446,33
3446,39
3448,29
3448,36
3449,17
3449,30
3450,37
3451,33
3451,34
3451,35
3451,38
3452,36
3453,18
3455,36
3456,31
3457,12
3457,16
3457,35
3458,3
3458,33
3458,36
3459,25
3461,36
3461,38
3462,7
3462,22
3462,40
3463,27
3463,39
3464,33
3465,28
3466,8
3466,19
3466,21
3466,34
3466,35
3466,36
3467,37
3468,25
3468,38
3468,40
3469,17
3469,36
3470,5
3470,32
3470,33
3473,2
3473,15
3473,18
3474,13
3474,33
3474,35
3474,36
3474,37
3474,40
3475,10
3475,12
3477,11
3477,38
3478,17
3478,31
3478,33
3478,36
3480,24
3480,27
3480,39
3480,40
3481,6
3481,38
3482,36
3483,20
3483,25
3483,35
3485,32
3486,13
3486,33
3486,36
3486,38
3487,34
3488,40
3489,37
3490,33
3490,35
3490,36
3494,36
3495,35
3496,33
3496,38
3496,40
3498,37
3500,36
3501,33
3503,38
3504,35
3504,40
3507,37
3508,36
3509,33
3510,34
3510,38
3511,39
3511,40
3512,36
3515,13
3515,36
3518,35
3518,37
3518,38
3519,36
3521,9
3521,33
3522,40
3523,7
3523,26
3523,30
3523,36
3526,1
3526,17
3526,29
3526,33
3526,34
3526,35
3526,37
3526,38
3527,3
3527,27
3528,12
3528,36
3529,15
3529,25
3529,32
3530,5
3530,8
3530,14
3530,16
3530,18
3530,20
3530,35
3531,10
3531,17
3531,27
3531,38
3531,40
3532,12
3532,23
3532,33
3532,34
3532,36
3532,37
3532,39
3533,2
3533,19
3533,24
3533,25
3533,28
3533,31
3534,35
3535,13
3535,18
3535,21
3535,33
3536,15
3536,22
3536,26
3536,36
3537,29
3537,34
3537,40
3538,16
3538,25
3538,27
3538,37
3538,38
3539,4
3539,33
3539,35
3539,36
3540,17
3541,7
3543,36
3543,38
3544,33
3544,37
3544,40
3549,33
3549,36
3551,35
3551,40
3552,37
3555,33
3555,39
3556,38
3557,36
3559,35
3559,40
3561,37
3564,33
3565,40
3566,36
3566,38
3568,33
3568,37
3572,35
3573,33
3575,37
3575,40
3576,34
3577,33
3579,38
3579,39
3580,36
3581,37
3583,33
3585,13
3585,35
3587,38
3588,33
3588,36
3589,37
3592,35
3594,8
3594,37
3597,11
3597,33
3598,30
3598,34
3598,36
3598,38
3599,21
3601,17
3601,26
3601,32
3601,33
3601,35
3601,37
3601,39
3601,40
3603,10
3603,25
3604,3
3604,12
3605,31
3605,33
3606,15
3607,23
3607,34
3607,35
3607,36
3607,37
3608,18
3608,29
3609,17
3609,27
3610,22
3610,33
3610,39
3611,2
3611,19
3611,24
3611,35
3612,7
3612,38
3613,5
3613,9
3614,1
3614,12
3614,13
3614,25
3614,33
3614,36
3615,6
3615,16
3615,27
3615,37
3616,32
3616,34
3616,38
3616,40
3617,28
3617,35
3618,18
3618,30
3618,33
3618,36
3619,10
3619,15
3619,37
3620,20
3620,31
3622,33
3622,35
3623,36
3624,25
3624,38
3625,13
3625,33
3625,37
3626,14
3627,36
3627,40
3629,33
3630,35
3630,37
3631,27
3631,36
3633,38
3634,33
3637,27
3637,33
3637,36
3638,38
3640,37
3643,33
3643,36
3645,38
3649,36
3650,33
3650,37
3650,38
3651,35
3651,40
3654,38
3655,33
3656,37
3657,40
3658,36
3660,35
3660,37
3660,38
3664,33
3665,37
3666,36
3666,40
3667,38
3669,34
3671,33
3671,38
3671,39
3672,36
3674,35
3674,37
3677,38
3677,40
3678,37
3679,13
3679,33
3680,36
3681,37
3682,34
3682,35
3682,40
3685,38
3686,7
3686,37
3688,35
3688,40
3689,17
3689,36
3690,34
3691,3
3691,25
3691,33
3691,39
3692,2
3693,8
3693,37
3694,29
3694,35
3694,38
3695,33
3696,12
3696,17
3696,18
3697,21
3697,26
3697,32
3697,36
3697,40
3698,13
3698,27
3698,34
3699,25
3699,31
3699,33
3699,35
3699,37
3700,5
3700,15
3700,16
3701,28
3701,38
3702,8
3702,10
3702,17
3702,24
3703,9
3704,7
3704,27
3704,33
3704,36
3705,2
3705,6
3705,11
3705,14
3705,23
3705,25
3705,30
3705,32
3705,34
3705,37
3705,40
3706,13
3706,18
3706,19
3706,20
3706,35
3706,38
3707,12
3707,33
3708,1
3708,3
3708,10
3708,22
3708,25
3708,26
3708,31
3708,39
3709,27
3709,29
3709,34
3709,36
3709,38
3710,33
3710,37
3711,17
3711,23
3711,35
3712,12
3714,37
3715,33
3715,38
3716,35
3717,40
3718,13
3719,34
3720,37
3721,38
3722,33
3722,36
3723,35
3724,37
3728,4
3728,33
3728,35
3728,37
3729,36
3729,40
3730,38
3734,35
3734,37
3735,39
3736,34
3736,36
3736,40
3738,33
3740,35
3741,37
3744,33
3745,38
3746,36
3747,35
3747,40
3751,34
3752,37
3752,39
3753,36
3756,33
3756,40
3757,36
3757,38
3758,30
3761,35
3761,36
3761,38
3764,33
3764,39
3766,36
3768,40
3769,13
3770,19
3770,37
3770,38
3771,27
3771,36
3773,33
3773,34
3773,40
3774,24
3775,9
3775,18
3775,35
3776,17
3776,32
3776,38
3777,12
3778,2
3779,16
3779,20
3779,27
3779,33
3779,36
3779,40
3780,23
3780,35
3780,37
3781,5
3781,8
3781,13
3781,15
3782,10
3782,28
3782,31
3783,6
3783,21
3783,29
3783,34
3783,36
3783,38
3783,39
3784,17
3784,25
3784,37
3785,7
3785,11
3785,12
3785,26
3785,35
3786,3
3786,14
3786,33
3786,40
3787,18
3787,32
3788,15
3788,31
3788,34
3788,36
3789,17
3789,25
3789,27
3789,38
3789,39
3790,37
3791,35
3792,33
3793,29
3793,38
3796,36
3798,22
3798,34
3798,38
3798,40
3799,35
3799,39
3803,37
3804,38
3805,40
3806,33
3806,36
3808,34
3808,35
3811,37
3813,33
3813,40
3816,36
3816,37
3817,34
3817,35
3817,38
3818,39
3823,40
3824,37
3825,33
3825,36
3825,38
3826,34
3827,35
3827,39
3831,33
3833,37
3834,38
3835,34
3836,36
3837,13
3837,33
3838,40
3840,35
3840,37
3842,33
3843,34
3844,40
3846,33
3846,38
3848,36
3851,39
3852,38
3853,40
3854,25
3854,33
3855,12
3855,37
3856,34
3857,30
3858,17
3858,33
3858,36
3859,35
3859,38
3861,2
3862,10
3862,19
3862,33
3863,26
3863,36
3863,38
3865,3
3865,8
3865,18
3865,27
3865,35
3865,40
3866,16
3866,22
3866,39
3867,1
3867,7
3867,32
3867,33
3867,34
3867,36
3867,38
3868,5
3868,13
3868,20
3868,25
3869,9
3869,21
3869,37
3870,15
3870,24
3870,27
3870,28
3870,29
3870,35
3871,12
3871,17
3871,33
3871,34
3871,38
3872,13
3872,14
3872,23
3872,26
3872,31
3872,36
3873,11
3873,16
3873,27
3873,32
3873,40
3875,6
3875,8
3875,18
3875,25
3875,33
3875,38
3876,2
3876,29
3876,34
3876,35
3876,36
3876,37
3876,39
3877,7
3877,10
3877,17
3877,30
3877,31
3878,15
3878,20
3879,25
3879,33
3880,34
3880,36
3880,38
3881,12
3881,39
3882,27
3882,35
3884,37
3887,33
3887,39
3888,36
3888,40
3889,34
3891,38
3892,39
3894,33
3894,35
3895,37
3897,34
3899,36
3900,33
3900,39
3902,37
3906,35
3908,33
3908,34
3908,36
3908,39
3911,38
3913,37
3915,39
3916,34
3917,37
3917,40
3919,36
3922,37
3926,34
3926,35
3927,33
3927,36
3927,37
3927,38
3928,40
3932,37
3935,33
3936,37
3937,36
3937,38
3938,39
3938,40
3942,26
3942,36
3942,37
3944,38
3946,13
3947,22
3947,35
3948,9
3948,36
3949,3
3949,19
3949,33
3949,34
3949,37
3949,38
3950,4
3950,28
3950,40
3951,21
3951,32
3952,17
3952,36
3952,39
3953,12
3953,13
3953,18
3953,27
3953,37
3954,24
3954,33
3955,5
3955,25
3955,34
3955,35
3956,2
3956,15
3956,30
3956,31
3956,32
3957,7
3957,14
3957,17
3957,37
3958,13
3958,29
3958,33
3958,36
3958,38
3959,8
3959,10
3959,12
3959,16
3959,23
3959,27
3959,40
3960,18
3960,25
3960,34
3961,3
3961,6
3961,11
3961,32
3961,33
3961,35
3962,12
3962,17
3962,20
3962,31
3962,36
3962,38
3962,39
3963,9
3963,13
3963,15
3963,27
3964,23
3964,25
3964,34
3964,37
3965,33
3966,24
3966,32
3966,36
3966,38
3967,2
3967,26
3967,27
3967,35
3967,39
3968,37
3969,7
3969,40
3970,33
3971,13
3971,38
3972,37
3974,34
3974,36
3974,40
3976,33
3976,38
3979,37
3981,36
3982,33
3982,38
3982,40
3985,37
3987,35
3987,36
3989,33
3989,38
3992,36
3992,40
3993,39
3997,35
3998,36
3999,37
3999,38
4000,39
4001,33
4003,36
4006,1
4006,39
4007,36
4008,35
4011,36
4012,30
4013,39
4014,19
4014,37
4015,36
4015,38
4016,34
4016,40
4017,17
4019,33
4019,35
4020,36
4021,39
4022,25
4023,38
4025,36
4026,33
4026,34
4030,35
4030,36
4030,37
4030,39
4031,40
4032,12
4033,33
4036,38
4037,34
4037,36
4037,37
4038,33
4041,5
4042,35
4042,36
4043,8
4043,10
4044,37
4044,39
4044,40
4045,33
4045,38
4046,17
4047,25
4048,26
4048,29
4049,18
4050,3
4050,37
4051,16
4051,21
4051,33
4051,34
4051,35
4051,36
4051,38
4052,15
4052,28
4052,30
4052,31
4053,23
4053,40
4054,17
4054,36
4054,39
4055,7
4055,27
4056,14
4056,32
4056,33
4057,9
4057,24
4057,37
4057,38
4058,11
4058,25
4058,29
4059,2
4059,13
4059,35
4060,12
4060,36
4061,27
4061,33
4061,38
4062,32
4062,34
4062,37
4063,6
4063,20
4063,39
4064,13
4064,18
4066,33
4066,35
4066,36
4066,37
4066,38
4069,25
4069,26
4070,22
4070,34
4071,19
4072,33
4072,36
4072,37
4072,38
4074,15
4074,35
4075,40
4077,38
4078,33
4078,39
4080,17
4080,36
4080,37
4082,38
4084,33
4084,35
4086,38
4087,36
4088,40
4089,37
4091,38
4093,40
4095,35
4096,33
4096,36
4096,37
4096,38
4096,39
4099,34
4103,37
4103,40
4104,38
4105,33
4107,25
4107,39
4108,35
4108,36
4110,13
4111,33
4111,38
4112,40
4115,10
4115,36
4116,7
4116,37
4117,8
4117,33
4117,35
4117,39
4117,40
4119,34
4119,38
4122,17
4123,5
4123,33
4123,40
4124,3
4124,38
4125,36
4126,35
4126,37
4127,12
4127,39
4128,34
4129,40
4130,9
4130,13
4130,31
4130,32
4132,33
4132,37
4132,38
4133,21
4133,27
4133,29
4133,40
4134,13
4135,25
4135,28
4135,36
4136,32
4136,35
4136,38
4137,2
4137,17
4137,18
4137,30
4137,34
4137,40
4138,11
4138,23
4139,4
4139,15
4139,24
4139,26
4139,33
4140,10
4140,12
4140,19
4140,25
4140,36
4140,37
4140,39
4141,1
4141,14
4141,35
4141,40
4142,6
4142,22
4142,27
4142,33
4142,38
4143,8
4143,16
4143,29
4144,17
4144,34
4145,37
4145,38
4146,3
4146,20
4146,33
4146,35
4146,36
4148,18
4148,39
4149,40
4150,36
4151,37
4152,33
4154,39
4155,36
4155,38
4156,37
4157,33
4161,37
4163,33
4163,36
4163,40
4165,38
4166,35
4167,39
4168,40
4169,37
4171,38
4173,40
4174,33
4176,15
4176,36
4177,37
4177,38
4179,35
4182,40
4183,34
4183,39
4184,33
4184,37
4184,38
4186,36
4190,33
4191,17
4192,36
4194,37
4194,38
4195,7
4195,15
4195,31
4195,35
4195,39
4196,33
4196,40
4197,27
4198,13
4199,25
4200,38
4201,34
4201,36
4201,37
4202,27
4203,17
4203,19
4203,32
4203,33
4204,12
4204,24
4204,35
4205,40
4206,2
4206,5
4206,10
4206,26
4206,27
4206,28
4206,33
4206,38
4207,37
4208,9
4208,34
4208,36
4209,3
4209,13
4209,16
4209,18
4209,25
4209,31
4209,39
4210,8
4210,17
4210,26
4210,40
4211,12
4211,20
4211,23
4211,38
4212,1
4212,11
4212,27
4212,29
4212,33
4212,35
4212,36
4213,18
4213,25
4214,17
4214,30
4214,32
4214,34
4214,39
4215,21
4216,2
4216,14
4216,15
4216,16
4216,33
4216,35
4216,38
4217,5
4217,6
4217,12
4217,36
4218,13
4219,27
4219,37
4220,10
4220,25
4220,38
4221,31
4222,7
4223,22
4223,34
4223,36
4223,40
4224,23
4224,38
4225,33
4226,35
4227,17
4227,36
4230,37
4230,38
4230,39
4230,40
4231,36
4232,33
4236,36
4237,33
4238,37
4239,38
4242,33
4242,36
4247,33
4247,40
4248,35
4248,38
4250,36
4252,39
4254,34
4254,37
4255,40
4256,33
4259,36
4259,37
4263,38
4264,36
4264,40
4265,33
4265,37
4269,33
4269,36
4269,37
4270,13
4270,32
4273,35
4273,37
4274,33
4274,38
4275,34
4275,40
4279,33
4279,36
4279,37
4280,27
4280,38
4282,35
4283,33
4284,39
4286,37
4287,25
4287,38
4289,33
4290,35
4291,36
4291,38
4294,37
4296,33
4298,21
4298,30
4299,19
4299,35
4299,38
4299,40
4300,33
4301,36
4301,37
4302,8
4302,22
4302,34
4304,13
4305,12
4305,33
4306,36
4306,37
4306,38
4307,3
4307,7
4307,32
4308,17
4309,5
4309,16
4309,18
4309,25
4309,26
4309,33
4310,9
4310,15
4310,24
4310,28
4310,31
4310,34
4311,23
4311,27
4311,29
4311,35
4311,36
4311,38
4312,1
4312,2
4312,6
4312,33
4312,37
4312,39
4312,40
4313,10
4313,12
4313,17
4313,18
4314,11
4314,13
4314,14
4314,25
4315,4
4315,20
4315,35
4316,33
4316,38
4317,27
4317,34
4317,36
4318,8
4318,37
4319,32
4320,16
4320,31
4321,25
4322,33
4322,39
4323,12
4323,38
4324,10
4324,37
4325,36
4326,17
4327,30
4328,33
4329,35
4329,38
4330,36
4331,37
4336,33
4336,40
4337,36
4338,38
4339,37
4340,34
4341,39
4342,33
4346,33
4347,37
4347,38
4348,35
4350,36
4352,33
4354,36
4357,33
4357,37
4358,38
4359,39
4361,34
4361,36
4366,38
4368,40
4369,33
4369,36
4371,34
4371,37
4374,2
4374,35
4374,36
4376,37
4376,40
4378,3
4378,29
4379,36
4379,38
4380,13
4380,17
4380,37
4381,15
4381,32
4382,30
4382,33
4382,35
4383,7
4383,9
4384,18
4384,27
4384,36
4384,37
4384,39
4384,40
4385,22
4386,5
4386,19
4386,25
4386,31
4386,34
4386,38
4387,12
4387,13
4388,24
4388,33
4388,36
4389,26
4390,2
4390,8
4390,17
4390,23
4390,28
4390,37
4391,21
4391,38
4391,40
4392,34
4393,10
4393,18
4393,25
4393,27
4393,33
4393,35
4393,37
4393,39
4394,36
4395,12
4395,26
4396,20
4397,1
4397,38
4398,32
4398,36
4399,33
4399,35
4400,14
4400,37
4402,16
4402,27
4402,34
4403,13
4403,40
4404,36
4404,38
4405,6
4406,37
4408,36
4410,38
4411,36
4414,36
4414,37
4414,40
4416,13
4417,38
4418,36
4418,39
4422,35
4422,36
4425,38
4426,39
4427,36
4427,37
4432,33
4432,38
4434,40
4435,36
4437,34
4438,35
4439,37
4439,38
4439,39
4443,36
4444,25
4446,38
4447,36
4448,33
4449,17
4449,27
4449,35
4450,37
4452,4
4452,29
4452,36
4452,40
4454,15
4455,2
4456,12
4456,13
4456,35
4456,36
4457,3
4457,5
4457,7
4457,30
4457,37
4457,39
4458,11
4459,8
4459,10
4459,19
4459,22
4459,26
4459,31
4459,34
4460,9
4460,18
4460,24
4460,38
4461,17
4461,21
4461,25
4461,32
4461,33
4461,36
4461,40
4462,12
4462,23
4462,28
4463,16
4463,27
4463,30
4463,34
4463,35
4463,39
4464,3
4464,7
4464,13
4464,33
4465,1
4465,20
4465,29
4465,31
4465,37
4465,38
4466,36
4468,23
4468,26
4468,33
4468,34
4468,35
4469,13
4469,15
4470,37
4470,38
4471,6
4471,27
4472,35
4472,36
4474,37
4474,40
4475,14
4477,33
4477,37
4477,38
4477,39
4479,35
4481,33
4481,37
4484,37
4486,33
4486,35
4487,38
4487,40
4489,37
4491,33
4491,34
4493,36
4494,37
4495,40
4496,35
4497,39
4499,33
4499,37
4503,37
4505,33
4506,34
4507,35
4507,37
4508,36
4509,32
4509,40
4513,17
4513,36
4513,37
4514,33
4515,35
4515,39
4517,18
4518,36
4519,34
4520,40
4521,33
4522,36
4523,39
4526,35
4530,36
4530,39
4531,30
4531,38
4532,25
4532,27
4532,37
4534,33
4535,36
4535,40
4536,12
4536,34
4537,38
4538,39
4539,32
4539,33
4540,19
4541,13
4541,37
4542,2
4542,17
4542,36
4543,5
4543,33
4543,34
4544,7
4545,10
4546,24
4546,26
4546,29
4546,37
4546,39
4547,8
4547,9
4547,22
4547,33
4547,40
4548,3
4548,15
4548,31
4548,35
4548,38
4549,16
4549,17
4549,25
4550,12
4550,23
4550,34
4550,36
4551,11
4551,13
4551,21
4551,27
4551,33
4552,4
4553,32
4554,6
4554,14
4554,18
4554,28
4554,35
4554,39
4555,20
4555,25
4555,29
4555,31
4555,33
4555,36
4556,8
4556,10
4556,30
4556,37
4556,38
4557,13
4557,15
4557,34
4558,17
4558,23
4558,27
4558,33
4558,36
4559,25
4559,35
4560,12
4560,24
4561,38
4563,2
4563,7
4563,18
4563,33
4564,36
4566,35
4566,39
4567,27
4567,33
4567,34
4568,37
4572,33
4573,37
4574,40
4576,35
4577,33
4577,36
4580,37
4582,38
4583,36
4585,34
4585,35
4586,33
4586,37
4589,36
4590,38
4591,35
4592,37
4593,36
4597,33
4597,36
4598,35
4598,38
4599,39
4602,36
4604,33
4604,40
4605,1
4608,36
4609,33
4609,35
4609,37
4610,39
4611,19
4613,33
4613,38
4615,39
4617,36
4618,21
4618,33
4618,37
4618,40
4619,13
4621,22
4621,25
4622,30
4622,33
4622,35
4622,37
4623,15
4624,12
4624,32
4624,34
4624,36
4624,38
4626,25
4626,29
4626,33
4627,7
4627,10
4627,17
4627,36
4627,37
4629,27
4629,33
4629,35
4629,38
4630,3
4631,14
4631,16
4632,36
4633,18
4633,28
4633,31
4633,33
4633,38
4634,26
4634,37
4635,9
4635,34
4636,5
4636,20
4636,23
4637,2
4637,24
4637,25
4637,27
4637,33
4637,36
4638,6
4639,12
4639,17
4639,35
4639,37
4639,38
4639,40
4640,8
4640,13
4640,39
4641,36
4642,33
4643,34
4643,38
4644,18
4645,36
4647,17
4648,32
4648,35
4648,38
4649,31
4649,39
4650,33
4650,36
4654,37
4655,36
4656,38
4657,35
4658,33
4660,36
4660,37
4666,37
4667,38
4668,33
4668,35
4668,36
4669,39
4669,40
4672,30
4672,37
4673,36
4675,38
4676,19
4676,35
4678,36
4678,40
4679,33
4680,34
4680,38
4681,37
4683,12
4684,35
4684,36
4684,39
4686,37
4687,33
4687,38
4689,13
4689,17
4691,33
4691,35
4692,38
4693,15
4693,37
4694,40
4695,7
4695,16
4695,36
4695,39
4696,33
4697,27
4697,34
4701,25
4701,29
4701,33
4701,38
4702,11
4703,26
4703,36
4703,39
4704,35
4706,3
4706,33
4707,8
4707,38
4708,17
4708,18
4708,27
4709,5
4709,32
4709,34
4710,1
4710,10
4710,21
4710,36
4710,38
4711,31
4712,12
4712,24
4712,28
4712,33
4712,35
4713,2
4713,13
4713,20
4713,22
4713,25
4713,27
4714,6
4714,7
4714,9
4714,14
4714,16
4714,23
4714,37
4714,38
4714,40
4715,17
4715,33
4715,34
4715,36
4716,4
4716,13
4716,25
4716,26
4716,27
4716,35
4716,39
4717,8
4717,10
4717,12
4717,18
4717,29
4718,19
4718,38
4719,15
4719,31
4719,32
4719,33
4720,30
4720,34
4720,36
4721,12
4721,17
4721,27
4721,35
4721,37
4721,40
4722,13
4722,33
4722,39
4723,2
4723,24
4724,23
4727,33
4727,37
4728,35
4728,38
4728,39
4729,13
4730,40
4733,38
4734,33
4737,35
4737,36
4737,39
4741,33
4742,37
4745,38
4746,36
4746,39
4748,33
4748,40
4751,38
4753,37
4754,35
4755,36
4756,38
4757,33
4757,39
4761,36
4762,38
4768,35
4768,36
4768,40
4770,37
4770,38
4770,39
4772,33
4774,3
4777,36
4778,21
4779,34
4780,33
4780,35
4780,39
4781,20
4781,37
4782,25
4782,30
4783,40
4784,38
4785,33
4786,36
4788,13
4788,19
4789,35
4790,40
4792,34
4792,36
4794,27
4794,39
4795,32
4795,33
4795,37
4796,11
4796,36
4797,40
4798,28
4799,17
4799,33
4800,5
4800,9
4801,18
4801,36
4802,35
4802,37
4803,26
4803,38
4803,40
4804,2
4804,6
4804,15
4804,25
4804,31
4804,34
4805,12
4805,33
4806,7
4806,29
4806,36
4807,10
4807,17
4808,8
4808,22
4808,25
4808,35
4808,37
4809,27
4809,33
4809,39
4810,3
4810,16
4810,24
4810,38
4811,1
4811,34
4812,13
4812,23
4812,36
4813,27
4813,37
4814,26
4815,14
4816,30
4816,33
4816,38
4817,35
4818,12
4818,37
4819,36
4820,15
4822,34
4822,38
4823,27
4824,39
4825,36
4826,33
4829,17
4830,38
4831,37
4832,35
4833,40
4834,31
4834,33
4834,34
4834,36
4837,37
4838,2
4839,33
4840,35
4840,39
4842,36
4844,34
4844,37
4844,38
4844,40
4845,13
4846,35
4846,36
4849,37
4850,32
4852,33
4852,35
4852,38
4852,39
4853,40
4854,36
4854,37
4859,35
4859,38
4859,40
4860,33
4861,36
4861,37
4862,13
4865,38
4867,35
4868,18
4868,34
4868,36
4868,37
4868,40
4870,38
4871,19
4871,39
4873,12
4874,33
4874,36
4875,38
4876,34
4877,37
4877,39
4879,35
4879,40
4880,21
4880,32
4882,10
4882,36
4883,38
4884,35
4884,37
4885,7
4885,27
4886,9
4886,33
4887,5
4887,38
4887,39
4888,25
4888,36
4889,3
4889,13
4889,16
4889,22
4889,40
4890,15
4890,17
4891,29
4891,33
4891,34
4891,36
4891,38
4892,8
4892,12
4892,27
4892,28
4893,11
4893,14
4893,18
4893,23
4894,24
4894,26
4894,33
4894,37
4894,39
4895,6
4895,20
4895,31
4895,35
4895,38
4896,2
4896,10
4896,17
4896,25
4896,27
4896,34
4896,36
4897,1
4897,12
4898,13
4898,33
4899,30
4899,35
4899,38
4899,39
4900,18
4900,19
4900,25
4900,27
4900,32
4901,16
4901,37
4902,17
4902,31
4902,33
4902,34
4902,36
4902,40
4903,29
4903,38
4904,24
4905,25
4905,33
4905,35
4906,36
4907,7
4908,38
4908,39
4909,33
4909,37
4912,36
4913,33
4914,38
4915,37
4915,39
4917,33
4918,38
4922,33
4923,38
4923,40
4924,36
4924,39
4928,35
4929,33
4929,38
4930,4
4932,26
4932,36
4933,40
4935,39
4936,33
4936,38
4937,13
4937,36
4940,35
4942,38
4943,33
4943,39
4944,36
4944,37
4945,34
4947,38
4951,36
4951,38
4952,40
4954,33
4956,37
4957,36
4957,38
4958,2
4958,35
4959,33
4961,38
4961,39
4963,33
4964,37
4964,40
4965,38
4966,36
4967,13
4967,35
4968,33
4968,40
4970,38
4971,37
4973,36
4974,33
4975,37
4975,40
4976,34
4977,3
4977,12
4977,32
4978,17
4978,35
4979,33
4979,36
4979,37
4980,15
4981,8
4981,21
4982,5
4982,27
4982,38
4982,39
4982,40
4983,29
4984,31
4984,37
4985,7
4985,12
4985,14
4985,16
4985,18
4985,25
4985,35
4985,36
4986,9
4986,13
4986,17
4986,33
4986,34
4986,38
4987,10
4987,24
4987,40
4988,23
4988,28
4989,19
4989,27
4989,36
4989,37
4989,38
4990,25
4990,30
4990,31
4990,32
4990,33
4991,35
4992,6
4992,11
4993,13
4993,33
4993,38
4994,34
4994,36
4994,39
4994,40
4995,15
4996,1
4997,22
4997,26
4997,37
4998,17
4999,33
5000,36
