7,14
8,20
8,24
8,26
9,1
9,3
9,4
9,9
9,12
9,15
9,17
9,22
9,29
9,38
10,2
10,5
10,6
10,7
10,8
10,10
10,11
10,13
10,16
10,18
10,19
10,21
10,23
10,25
10,27
10,28
10,30
10,31
10,32
10,33
10,34
10,36
10,37
10,39
10,40
11,1
11,3
11,4
11,9
11,14
11,15
11,20
11,22
11,24
11,26
11,29
11,35
11,38
11,39
12,2
12,5
12,6
12,7
12,8
12,10
12,11
12,12
12,13
12,16
12,17
12,18
12,21
12,23
12,25
12,27
12,28
12,30
12,31
12,32
12,33
12,34
12,36
12,37
12,40
13,3
13,4
13,9
13,14
13,19
13,20
13,22
13,24
13,26
13,33
13,35
13,37
13,38
13,39
14,1
14,2
14,5
14,6
14,7
14,8
14,10
14,11
14,12
14,13
14,15
14,16
14,17
14,18
14,21
14,23
14,25
14,28
14,29
14,30
14,31
14,32
14,34
14,36
14,40
15,14
15,20
15,21
15,22
15,26
15,27
15,33
15,34
15,35
15,36
15,37
15,38
15,39
15,40
16,1
16,2
16,3
16,4
16,5
16,6
16,7
16,8
16,9
16,10
16,11
16,12
16,13
16,15
16,16
16,17
16,18
16,19
16,23
16,24
16,25
16,28
16,30
16,31
16,32
17,4
17,9
17,11
17,14
17,15
17,16
17,18
17,20
17,21
17,22
17,23
17,24
17,25
17,26
17,28
17,29
17,30
17,32
17,33
17,34
17,35
17,36
17,37
17,38
17,39
17,40
18,1
18,2
18,3
18,5
18,6
18,7
18,8
18,10
18,12
18,13
18,17
18,19
18,27
18,31
19,11
19,14
19,21
19,22
19,25
19,26
19,33
19,34
19,35
19,36
19,37
19,38
19,39
19,40
20,4
20,9
20,16
20,18
20,20
20,28
20,30
20,32
21,23
21,24
21,29
21,40
22,10
22,33
22,34
22,35
22,37
22,38
22,39
23,22
23,26
24,40
26,37
27,33
27,38
28,40
29,34
30,37
32,38
32,40
36,33
37,37
37,38
37,40
38,34
42,40
43,35
44,34
44,37
46,38
46,40
50,34
51,38
51,40
55,37
56,34
56,38
57,40
58,33
59,35
63,40
65,34
66,33
66,38
68,37
71,40
73,38
74,35
77,34
79,40
80,37
82,38
86,33
86,35
87,37
91,34
91,40
92,35
92,37
94,33
99,37
101,34
101,35
101,38
101,40
105,36
106,33
106,37
107,34
109,40
110,35
110,37
115,37
116,33
117,38
117,40
118,35
121,37
123,35
123,38
124,34
127,33
127,37
127,40
129,35
131,33
132,40
133,38
135,35
138,37
139,33
139,35
139,38
139,40
140,34
144,35
146,40
147,33
148,22
148,35
148,38
149,34
151,33
151,36
153,38
154,35
157,2
157,37
158,33
158,34
158,38
161,40
164,35
165,26
165,39
166,33
166,38
166,40
169,35
169,37
170,40
175,35
175,37
175,40
176,33
176,38
179,40
180,37
181,35
182,34
184,40
185,37
187,35
188,40
189,38
191,35
192,37
193,6
193,33
194,40
195,38
196,34
196,35
201,35
201,40
203,37
204,38
206,35
207,17
207,22
207,40
208,30
208,33
208,37
209,18
210,16
210,26
210,35
211,4
211,7
211,14
211,33
211,34
211,40
212,5
212,11
212,21
212,28
212,36
212,39
213,8
213,13
213,23
213,37
213,38
214,2
214,3
214,9
214,10
214,20
214,22
214,25
214,31
214,32
214,33
214,35
215,15
215,24
215,26
215,27
215,34
215,36
215,40
216,1
216,7
216,12
216,14
216,16
216,18
216,21
216,28
216,29
216,30
216,33
216,35
216,37
216,38
216,39
217,2
217,3
217,4
217,6
217,8
217,10
217,11
217,13
217,17
217,19
217,20
217,22
217,23
217,25
218,5
218,9
218,14
218,15
218,24
218,26
218,30
218,31
218,32
218,33
218,34
218,35
218,36
218,37
218,38
218,39
218,40
219,1
219,2
219,3
219,4
219,6
219,7
219,8
219,10
219,11
219,12
219,16
219,17
219,18
219,19
219,20
219,21
219,22
219,23
219,25
219,27
219,28
219,29
220,3
220,4
220,5
220,7
220,9
220,10
220,11
220,12
220,13
220,14
220,15
220,16
220,20
220,21
220,22
220,23
220,25
220,26
220,30
220,32
220,33
220,34
220,35
220,36
220,37
220,38
220,39
220,40
221,1
221,2
221,6
221,8
221,17
221,18
221,19
221,24
221,27
221,28
221,29
221,31
222,4
222,7
222,9
222,11
222,14
222,16
222,20
222,21
222,22
222,23
222,25
222,26
222,30
222,32
222,33
222,34
222,35
222,36
222,37
222,38
222,39
222,40
223,3
223,5
223,10
223,12
223,13
223,15
224,1
224,2
224,8
224,17
224,18
224,22
224,24
224,26
224,28
224,33
224,34
224,35
224,37
224,38
224,39
224,40
225,14
225,29
225,30
225,31
225,36
226,25
226,40
227,27
227,33
227,34
227,35
227,37
227,38
227,39
228,6
228,21
229,26
230,33
230,40
231,37
231,38
232,34
234,36
236,33
236,34
236,37
236,38
240,33
240,40
242,38
244,37
246,33
246,34
246,35
249,40
251,37
252,35
252,38
255,34
256,33
257,35
257,37
257,40
261,37
262,35
263,33
265,40
266,37
267,35
271,33
271,37
271,38
272,40
273,34
273,35
276,40
279,33
279,37
280,35
280,38
281,40
285,37
287,33
287,38
287,40
288,35
290,34
292,40
294,35
295,37
296,34
297,38
298,40
299,33
301,35
305,38
306,34
306,37
307,33
310,35
310,40
312,33
314,36
314,38
316,33
318,35
320,37
320,40
321,33
322,34
325,38
328,33
328,35
328,37
331,40
333,33
333,37
335,38
336,40
337,37
341,40
342,33
342,37
342,38
344,35
348,37
348,40
349,33
352,35
353,26
354,33
355,37
355,40
358,22
359,34
360,40
361,35
362,33
362,37
363,38
363,39
368,37
368,40
370,34
372,33
372,40
374,19
375,35
375,37
378,33
378,40
380,34
381,3
381,28
381,37
383,40
384,33
384,36
385,22
385,35
385,39
386,38
388,5
389,26
389,30
389,37
389,40
390,4
391,2
391,16
392,6
392,7
392,14
392,17
392,33
392,35
393,8
393,11
393,15
393,20
393,22
393,27
393,31
393,34
393,37
393,38
393,39
394,1
394,9
394,10
394,13
394,18
394,21
394,23
394,24
394,25
394,26
394,29
394,32
394,36
394,40
395,3
395,4
395,12
395,28
395,30
395,33
395,37
395,38
395,39
396,2
396,5
396,6
396,7
396,8
396,11
396,14
396,15
396,16
396,17
396,19
396,20
396,21
396,22
396,25
396,26
396,27
396,31
396,34
396,35
396,40
397,1
397,9
397,10
397,13
397,18
397,23
397,24
397,26
397,29
397,32
397,33
397,34
397,36
397,37
397,38
397,39
398,2
398,3
398,4
398,5
398,6
398,7
398,8
398,11
398,14
398,15
398,16
398,17
398,19
398,20
398,21
398,22
398,25
398,28
398,30
398,31
398,35
398,40
399,9
399,12
399,14
399,18
399,21
399,26
399,27
399,32
399,33
399,34
399,36
399,37
399,38
399,39
400,1
400,2
400,3
400,4
400,5
400,6
400,7
400,8
400,10
400,11
400,13
400,15
400,16
400,17
400,20
400,22
400,23
400,24
400,25
400,28
400,29
400,30
400,31
400,35
400,40
401,9
401,11
401,14
401,16
401,19
401,20
401,21
401,22
401,24
401,25
401,26
401,32
401,33
401,34
401,35
401,36
401,37
401,38
401,39
401,40
402,1
402,2
402,3
402,4
402,5
402,6
402,7
402,8
402,10
402,12
402,13
402,15
402,17
402,18
402,23
402,27
402,28
402,29
402,30
402,31
403,14
403,22
403,26
403,33
403,34
403,35
403,36
403,37
403,38
403,39
403,40
404,2
404,3
404,4
404,5
404,7
404,9
404,10
404,11
404,12
404,13
404,15
404,16
404,18
404,20
404,21
404,23
404,24
404,25
404,27
404,29
404,30
404,31
404,32
405,1
405,6
405,8
405,9
405,14
405,17
405,21
405,22
405,24
405,25
405,26
405,28
405,33
405,34
405,35
405,37
405,38
405,39
405,40
406,2
406,3
406,4
406,5
406,7
406,10
406,11
406,12
406,13
406,15
406,16
406,18
406,19
406,20
406,23
406,27
406,29
406,30
406,31
406,32
406,36
407,14
407,22
407,26
407,33
407,34
407,35
407,37
407,38
407,39
407,40
408,2
408,9
408,11
408,18
408,21
408,23
408,24
408,25
408,30
408,32
408,36
409,16
409,20
409,28
410,4
410,7
410,8
410,33
410,34
410,35
410,36
410,37
410,38
410,40
411,10
411,39
412,22
414,40
417,37
418,33
419,36
420,40
423,35
427,33
427,40
428,37
430,34
432,40
433,33
434,37
437,40
438,33
439,38
442,36
442,40
443,34
444,38
445,37
447,35
449,34
450,33
452,40
453,38
457,40
459,34
460,33
461,35
461,40
465,37
465,38
466,40
467,33
472,33
472,34
472,40
474,38
475,36
480,35
481,40
482,33
482,36
482,38
486,34
486,37
488,40
489,38
492,33
493,34
495,36
495,38
497,34
498,33
500,37
501,40
502,33
505,34
506,33
507,38
511,33
511,38
512,34
512,40
517,38
518,35
518,37
519,33
520,34
524,36
526,38
528,33
531,34
531,37
533,35
534,38
535,40
539,38
541,40
542,34
543,35
543,36
545,33
548,40
553,38
554,34
557,2
557,26
557,33
557,37
558,28
558,30
558,35
558,39
560,40
561,33
561,34
562,36
563,38
568,38
569,4
569,36
570,40
571,33
571,34
572,22
573,35
574,21
574,37
576,40
578,33
578,37
579,35
579,36
584,33
586,37
586,38
587,8
587,35
587,40
588,34
590,33
590,39
591,36
593,38
593,40
598,33
598,37
599,35
599,38
599,40
603,33
605,37
605,38
606,35
608,33
610,40
611,26
612,33
612,37
613,38
615,3
617,38
618,33
619,30
619,34
619,35
619,36
620,1
620,14
620,27
620,37
621,11
622,6
622,33
622,40
623,7
623,16
623,17
623,18
623,24
623,35
624,5
624,20
624,22
624,37
624,38
624,39
625,4
625,9
625,15
625,19
625,26
625,28
625,32
625,33
625,34
625,36
626,13
626,14
626,23
626,25
626,29
626,35
626,40
627,2
627,8
627,10
627,11
627,12
627,16
627,22
627,31
627,37
627,38
627,39
628,3
628,6
628,7
628,17
628,18
628,21
628,26
628,30
628,33
628,34
629,1
629,4
629,5
629,9
629,14
629,20
629,24
629,27
629,28
629,32
629,35
629,36
629,37
629,38
629,39
629,40
630,2
630,10
630,11
630,13
630,15
630,19
630,22
630,23
630,25
630,29
630,33
631,8
631,16
631,18
631,21
631,26
631,30
631,31
631,34
631,35
631,37
631,38
631,39
631,40
632,3
632,4
632,7
632,9
632,12
632,14
632,17
632,20
632,28
632,32
632,33
632,36
633,2
633,6
633,10
633,11
633,22
633,24
633,25
633,38
634,5
634,14
634,15
634,23
634,26
634,29
634,33
634,34
634,35
634,37
634,39
634,40
635,1
635,3
635,13
635,16
635,20
635,21
635,27
635,30
635,31
635,36
636,4
636,7
636,9
636,18
636,22
636,28
636,38
637,2
637,21
637,26
637,32
637,33
637,34
637,35
637,36
637,37
637,39
637,40
638,8
638,14
638,23
638,24
638,25
639,16
639,30
639,38
640,12
640,22
640,37
641,17
641,33
641,34
641,35
641,40
642,25
642,27
642,36
642,38
645,34
645,38
646,37
647,33
648,34
649,38
650,40
651,33
651,35
652,34
652,38
655,33
655,38
656,40
657,34
658,35
659,38
661,33
663,34
663,38
664,40
666,35
667,38
668,34
671,40
672,34
672,37
673,35
673,38
674,33
674,36
677,40
678,33
680,34
681,38
682,35
682,40
684,33
684,37
687,34
688,40
692,33
692,37
693,38
695,40
699,38
700,35
701,34
701,37
702,33
704,40
707,33
711,38
712,34
713,40
714,33
715,37
717,38
718,33
722,40
723,38
724,33
728,33
729,38
730,36
731,35
733,34
733,40
734,37
738,33
739,38
740,36
742,35
742,37
745,40
747,33
751,26
751,34
751,35
752,37
754,40
755,33
756,39
759,40
760,22
761,38
765,33
765,37
765,40
768,38
768,39
771,35
771,40
773,38
775,34
778,38
779,36
780,33
781,2
781,38
781,40
785,38
787,37
788,35
789,33
789,34
789,40
790,36
790,38
795,38
796,33
798,40
799,34
800,3
802,38
803,27
803,40
804,6
804,24
804,26
804,33
804,34
804,36
804,37
805,11
805,35
806,4
806,30
806,31
806,38
807,18
807,20
807,40
808,7
808,9
808,16
808,17
808,33
809,8
809,15
809,22
809,28
809,32
809,34
809,38
809,39
810,2
810,5
810,10
810,11
810,14
810,21
810,23
810,25
810,26
810,29
810,35
810,37
810,40
811,1
811,4
811,12
811,13
811,19
811,30
811,33
811,36
812,3
812,7
812,9
812,14
812,16
812,18
812,20
812,22
812,24
812,26
812,28
812,31
812,32
812,34
812,37
812,38
812,39
812,40
813,2
813,5
813,6
813,8
813,10
813,11
813,15
813,17
813,21
813,23
813,25
813,27
813,33
813,35
814,1
814,4
814,13
814,14
814,16
814,18
814,20
814,22
814,26
814,28
814,29
814,30
814,34
814,36
814,37
814,38
814,39
814,40
815,3
815,7
815,9
815,12
815,19
815,21
815,24
815,31
815,32
815,33
815,35
816,2
816,5
816,6
816,8
816,10
816,11
816,15
816,17
816,22
816,23
816,25
816,26
816,27
816,30
816,34
816,37
816,38
816,39
816,40
817,14
817,16
817,20
817,28
817,33
817,35
817,36
818,3
818,4
818,13
818,18
818,21
818,22
818,24
818,26
818,29
818,32
818,34
818,37
818,38
818,39
818,40
819,1
819,2
819,7
819,9
819,11
819,25
819,30
819,33
820,8
820,35
820,37
820,38
820,39
821,14
821,17
821,22
821,26
821,31
821,33
821,34
821,40
822,36
823,33
824,5
824,38
824,40
826,33
826,35
828,38
829,33
831,35
832,33
832,34
832,38
833,40
835,38
838,33
838,38
839,35
842,40
843,38
844,35
845,33
845,34
849,40
851,33
851,38
852,35
853,34
855,33
857,40
858,33
858,35
858,38
859,34
864,33
865,38
866,34
867,37
868,35
868,40
871,38
873,33
876,35
876,38
877,40
878,33
881,38
882,34
883,33
885,38
886,40
887,36
889,38
891,33
895,34
895,38
896,33
897,40
898,35
901,38
902,36
903,33
903,37
907,34
908,40
909,35
910,33
913,34
914,38
915,40
916,35
920,34
920,36
921,35
923,40
925,34
927,33
927,35
929,38
930,34
931,36
933,35
935,37
935,40
937,35
938,33
941,34
941,35
943,33
943,40
945,35
947,40
948,38
949,34
949,35
951,37
953,33
953,40
954,35
957,38
957,40
960,33
961,35
961,40
964,38
965,26
965,40
967,35
968,34
968,38
970,40
974,33
974,34
974,38
975,22
975,40
979,30
979,32
979,37
980,2
980,33
980,38
981,6
981,22
981,35
981,40
982,26
982,34
982,39
983,5
983,7
983,20
983,25
984,3
984,4
984,14
984,28
984,31
985,8
985,11
985,13
985,15
985,16
985,18
985,21
985,27
985,29
985,33
985,36
985,37
985,38
985,40
986,1
986,2
986,7
986,9
986,10
986,12
986,17
986,22
986,23
986,24
986,25
986,26
986,30
986,34
986,35
986,39
987,3
987,4
987,5
987,6
987,14
987,19
987,20
987,28
987,32
987,33
987,37
987,38
987,40
988,8
988,9
988,10
988,11
988,13
988,15
988,16
988,18
988,21
988,22
988,23
988,24
988,25
988,26
988,30
988,31
988,34
988,35
988,36
988,39
989,1
989,2
989,7
989,12
989,14
989,17
989,27
989,29
989,33
989,37
989,38
989,40
990,3
990,4
990,6
990,9
990,10
990,11
990,16
990,18
990,20
990,21
990,22
990,24
990,25
990,26
990,28
990,30
990,32
990,34
990,35
990,36
990,39
991,5
991,8
991,13
991,14
991,15
991,19
991,23
991,31
991,33
991,37
991,38
991,40
992,2
992,7
992,11
992,16
992,17
992,18
992,20
992,21
992,22
992,25
992,26
992,27
992,28
992,29
992,30
992,34
992,35
992,36
992,39
993,1
993,3
993,4
993,6
993,9
993,10
993,12
993,24
993,32
993,33
993,37
993,38
993,40
994,14
994,16
994,21
994,22
994,23
994,26
994,34
994,35
994,36
994,39
995,2
995,5
995,8
995,11
995,13
995,18
995,20
995,30
995,33
995,38
996,15
996,25
996,31
996,37
996,40
997,28
997,34
997,35
997,36
997,39
998,33
998,38
999,22
1003,33
1003,40
1005,38
1006,34
1007,37
1008,33
1013,33
1013,40
1016,38
1018,34
1020,35
1022,33
1022,37
1022,38
1024,34
1028,40
1029,37
1030,34
1030,38
1031,36
1032,33
1033,35
1037,34
1039,38
1039,40
1040,33
1043,34
1048,34
1048,35
1048,37
1048,38
1049,40
1051,33
1053,36
1057,34
1059,37
1060,33
1060,35
1061,36
1061,40
1067,36
1068,34
1068,37
1070,38
1072,35
1072,40
1076,38
1077,35
1080,33
1080,34
1082,37
1083,35
1083,36
1083,38
1084,40
1090,37
1091,35
1091,38
1092,40
1095,34
1095,37
1096,39
1097,33
1097,35
1101,37
1101,40
1105,35
1106,40
1107,33
1108,37
1112,38
1112,40
1113,34
1113,35
1117,37
1118,40
1120,35
1120,38
1120,39
1122,33
1126,35
1126,40
1130,26
1130,34
1130,38
1131,2
1132,33
1132,35
1132,36
1134,30
1134,37
1135,22
1135,40
1138,35
1140,33
1141,20
1141,40
1142,37
1143,26
1143,38
1146,39
1147,7
1147,14
1148,37
1149,6
1149,35
1150,4
1150,11
1150,19
1150,33
1150,34
1150,38
1151,17
1151,24
1151,27
1151,28
1151,31
1152,5
1152,9
1152,16
1152,32
1152,40
1153,3
1153,8
1153,10
1153,13
1153,15
1153,18
1153,21
1153,26
1153,29
1153,34
1153,36
1153,37
1153,38
1153,39
1154,1
1154,2
1154,11
1154,14
1154,20
1154,22
1154,23
1154,25
1154,30
1154,33
1154,35
1155,4
1155,6
1155,7
1155,12
1155,16
1155,24
1155,26
1155,28
1155,36
1155,37
1155,38
1155,39
1155,40
1156,3
1156,5
1156,8
1156,9
1156,17
1156,18
1156,22
1156,27
1156,31
1156,32
1156,33
1156,34
1156,35
1157,2
1157,10
1157,11
1157,13
1157,14
1157,15
1157,19
1157,21
1157,23
1157,25
1157,29
1157,30
1157,37
1157,38
1158,1
1158,4
1158,7
1158,20
1158,22
1158,26
1158,28
1158,33
1158,34
1158,35
1158,36
1158,39
1158,40
1159,3
1159,5
1159,6
1159,8
1159,9
1159,12
1159,14
1159,16
1159,18
1159,21
1159,24
1159,30
1159,31
1159,32
1159,37
1159,38
1160,2
1160,10
1160,11
1160,15
1160,17
1160,23
1160,25
1160,33
1160,35
1161,1
1161,4
1161,13
1161,14
1161,19
1161,20
1161,21
1161,22
1161,26
1161,27
1161,28
1161,29
1161,32
1161,34
1161,36
1161,37
1161,38
1161,39
1161,40
1162,3
1162,6
1162,7
1162,8
1162,9
1162,16
1162,18
1162,24
1162,30
1162,31
1162,33
1163,2
1163,5
1163,12
1163,14
1163,17
1163,22
1163,25
1163,26
1163,34
1163,35
1163,37
1163,38
1163,39
1163,40
1164,10
1164,20
1164,23
1164,33
1164,36
1165,11
1165,21
1165,28
1165,32
1165,37
1166,27
1166,34
1166,38
1166,40
1167,30
1167,33
1167,37
1167,39
1168,35
1169,26
1169,36
1170,40
1171,33
1173,38
1174,37
1175,35
1175,40
1179,33
1180,34
1180,40
1181,38
1183,35
1183,37
1185,40
1186,33
1190,38
1190,40
1191,35
1193,33
1194,37
1194,40
1197,34
1199,33
1199,40
1203,35
1204,33
1206,37
1206,40
1208,33
1208,38
1210,34
1210,35
1210,40
1212,37
1215,35
1215,40
1216,33
1219,35
1219,37
1220,40
1223,33
1224,35
1225,34
1225,37
1227,40
1230,33
1232,35
1232,37
1232,38
1232,40
1237,35
1238,33
1238,37
1238,40
1242,35
1243,37
1243,40
1244,33
1245,38
1247,40
1248,35
1252,37
1252,40
1254,35
1257,40
1258,33
1259,37
1260,35
1263,33
1263,36
1264,37
1266,40
1268,33
1268,35
1271,37
1272,35
1273,33
1275,34
1275,38
1278,35
1278,36
1278,40
1279,33
1282,38
1284,37
1285,33
1286,35
1287,34
1288,40
1291,36
1294,33
1294,37
1294,38
1300,35
1300,40
1301,37
1301,38
1302,33
1305,39
1306,26
1307,16
1308,37
1308,40
1309,34
1310,4
1310,21
1311,33
1311,38
1312,35
1313,2
1313,37
1314,10
1314,22
1314,34
1315,39
1316,27
1316,40
1317,8
1317,18
1317,24
1317,37
1317,38
1318,3
1318,7
1319,6
1319,11
1319,15
1319,20
1319,28
1319,35
1320,5
1320,33
1320,37
1320,39
1321,9
1321,13
1321,14
1321,22
1321,25
1321,26
1321,29
1321,30
1321,31
1321,32
1321,34
1321,38
1321,40
1322,17
1322,21
1322,23
1322,36
1323,1
1323,2
1323,4
1323,7
1323,12
1323,14
1323,16
1323,18
1323,19
1323,22
1323,26
1323,30
1323,33
1323,34
1323,35
1323,37
1323,38
1323,39
1324,3
1324,6
1324,8
1324,9
1324,10
1324,11
1324,20
1324,24
1324,25
1324,28
1324,31
1324,32
1324,40
1325,5
1325,13
1325,14
1325,15
1325,17
1325,18
1325,23
1325,26
1325,27
1325,33
1325,34
1325,35
1325,36
1325,37
1325,38
1325,39
1326,1
1326,2
1326,4
1326,7
1326,9
1326,11
1326,16
1326,20
1326,21
1326,22
1326,25
1326,28
1326,29
1326,30
1326,40
1327,3
1327,6
1327,8
1327,10
1327,12
1327,14
1327,19
1327,24
1327,31
1327,32
1327,35
1327,36
1327,37
1327,38
1327,39
1328,2
1328,4
1328,5
1328,7
1328,9
1328,11
1328,13
1328,15
1328,16
1328,17
1328,18
1328,20
1328,21
1328,22
1328,23
1328,25
1328,26
1328,29
1328,30
1328,33
1328,34
1328,40
1329,1
1329,14
1329,22
1329,27
1329,28
1329,35
1329,36
1329,37
1329,38
1329,39
1330,2
1330,3
1330,4
1330,5
1330,6
1330,8
1330,9
1330,10
1330,11
1330,12
1330,16
1330,17
1330,18
1330,20
1330,21
1330,23
1330,24
1330,25
1330,26
1330,30
1330,31
1330,32
1330,33
1330,34
1330,40
1331,7
1331,13
1331,15
1331,19
1331,21
1331,22
1331,26
1331,29
1331,33
1331,34
1331,35
1331,36
1331,37
1331,38
1331,39
1331,40
1332,1
1332,2
1332,3
1332,6
1332,8
1332,9
1332,10
1332,11
1332,14
1332,16
1332,18
1332,20
1332,23
1332,24
1332,25
1332,27
1332,28
1332,30
1332,31
1332,32
1333,4
1333,5
1333,12
1333,14
1333,17
1333,26
1333,33
1333,34
1333,35
1333,36
1333,37
1333,38
1333,39
1333,40
1334,1
1334,2
1334,7
1334,9
1334,10
1334,11
1334,13
1334,15
1334,16
1334,18
1334,20
1334,21
1334,22
1334,23
1334,24
1334,25
1334,27
1334,28
1334,29
1334,30
1334,32
1335,3
1335,6
1335,8
1335,14
1335,19
1335,21
1335,22
1335,26
1335,31
1335,33
1335,34
1335,35
1335,37
1335,38
1335,39
1335,40
1336,2
1336,4
1336,5
1336,7
1336,9
1336,10
1336,11
1336,12
1336,13
1336,15
1336,16
1336,17
1336,18
1336,20
1336,23
1336,24
1336,25
1336,27
1336,28
1336,30
1336,32
1336,36
1337,1
1337,22
1337,25
1337,26
1337,29
1337,33
1337,34
1337,35
1337,37
1337,38
1337,39
1337,40
1338,4
1338,5
1338,8
1338,11
1338,12
1338,14
1338,16
1338,21
1338,24
1338,30
1338,32
1338,36
1339,2
1339,3
1339,9
1339,15
1339,17
1339,18
1339,20
1339,31
1339,33
1340,6
1340,19
1340,22
1340,23
1340,28
1340,34
1340,35
1340,36
1340,37
1340,38
1340,39
1340,40
1341,14
1341,26
1341,33
1344,40
1345,21
1345,30
1345,33
1346,38
1348,34
1349,36
1349,40
1350,33
1354,33
1356,40
1359,33
1361,40
1364,33
1365,38
1369,40
1370,37
1370,38
1371,33
1371,34
1377,38
1378,34
1380,33
1381,40
1382,36
1384,37
1385,33
1390,33
1390,37
1392,40
1394,35
1395,33
1399,33
1399,35
1399,40
1402,34
1402,37
1404,33
1405,40
1406,35
1407,33
1409,34
1410,37
1410,40
1411,33
1413,35
1415,33
1416,34
1416,40
1419,37
1420,33
1421,40
1423,35
1424,33
1427,34
1427,40
1428,33
1431,33
1433,40
1435,33
1436,36
1437,34
1437,38
1439,33
1439,37
1441,40
1444,33
1449,33
1449,38
1451,37
1451,40
1452,34
1453,33
1455,35
1455,40
1457,33
1461,40
1462,33
1464,34
1464,35
1464,38
1465,37
1468,40
1471,35
1472,33
1474,38
1478,40
1479,33
1479,34
1480,26
1482,38
1484,40
1486,37
1487,34
1487,36
1488,30
1488,40
1491,33
1492,37
1493,40
1494,38
1497,37
1498,4
1499,40
1500,8
1500,33
1501,35
1502,37
1502,38
1505,33
1505,40
1507,2
1507,37
1509,35
1510,33
1510,34
1511,3
1511,37
1512,40
1515,33
1517,37
1517,40
1518,38
1519,34
1520,33
1520,35
1521,7
1521,40
1524,33
1525,28
1525,34
1525,40
1527,37
1528,36
1528,38
1528,39
1530,35
1530,40
1533,24
1534,26
1535,17
1535,33
1536,22
1536,38
1536,40
1537,13
1537,16
1537,25
1537,35
1537,37
1538,6
1538,11
1538,34
1539,1
1539,10
1539,14
1539,21
1539,33
1539,36
1539,39
1540,2
1540,5
1540,19
1540,20
1540,26
1540,27
1540,32
1540,38
1540,40
1541,3
1541,9
1541,18
1541,31
1541,37
1542,4
1542,8
1542,12
1542,15
1542,22
1542,23
1542,28
1542,30
1542,33
1542,34
1542,35
1542,38
1542,39
1543,7
1543,11
1543,14
1543,16
1543,20
1543,21
1543,25
1543,26
1543,29
1543,36
1543,40
1544,2
1544,6
1544,10
1544,13
1544,17
1544,24
1544,27
1544,32
1544,37
1544,38
1545,1
1545,3
1545,5
1545,9
1545,14
1545,18
1545,22
1545,23
1545,26
1545,30
1545,31
1545,33
1545,34
1545,35
1545,36
1545,39
1545,40
1546,4
1546,7
1546,8
1546,11
1546,12
1546,15
1546,16
1546,19
1546,20
1546,21
1546,25
1546,28
1546,37
1546,38
1547,2
1547,6
1547,14
1547,22
1547,24
1547,26
1547,29
1547,33
1547,34
1547,35
1547,36
1547,39
1547,40
1548,3
1548,9
1548,10
1548,13
1548,17
1548,18
1548,23
1548,30
1548,32
1548,37
1548,38
1549,1
1549,5
1549,7
1549,11
1549,12
1549,15
1549,20
1549,21
1549,25
1549,27
1549,31
1550,4
1550,8
1550,14
1550,16
1550,22
1550,26
1550,28
1550,30
1550,33
1550,34
1550,35
1550,36
1550,37
1550,38
1550,39
1550,40
1551,2
1551,9
1551,21
1551,23
1551,24
1551,29
1551,32
1552,3
1552,6
1552,10
1552,13
1552,17
1552,18
1552,25
1552,40
1553,11
1553,20
1553,22
1553,33
1553,34
1553,35
1553,36
1553,37
1553,38
1553,39
1554,1
1554,5
1554,7
1554,14
1554,15
1554,19
1554,26
1555,21
1555,40
1556,33
1556,37
1557,30
1557,34
1557,35
1557,36
1557,38
1558,39
1558,40
1562,37
1563,38
1563,40
1564,33
1568,38
1568,40
1570,36
1570,37
1573,33
1574,40
1575,37
1579,38
1580,40
1581,37
1582,35
1584,33
1584,40
1585,37
1590,37
1590,40
1591,38
1592,33
1595,36
1595,40
1599,34
1600,40
1601,33
1602,37
1603,38
1606,40
1608,33
1609,35
1609,36
1609,38
1614,38
1615,35
1617,34
1618,38
1618,40
1619,36
1624,38
1627,34
1627,38
1628,35
1629,37
1632,38
1633,40
1634,37
1637,38
1638,35
1638,37
1638,40
1643,38
1645,37
1645,40
1646,35
1647,33
1647,36
1648,34
1650,40
1653,33
1655,35
1655,37
1656,40
1657,33
1660,40
1661,33
1663,35
1663,37
1666,33
1666,38
1666,40
1670,33
1670,40
1674,33
1674,40
1675,38
1678,33
1680,26
1681,35
1681,40
1682,33
1682,38
1685,22
1687,36
1687,40
1688,33
1689,34
1690,25
1691,38
1693,37
1694,2
1694,6
1694,33
1694,40
1696,8
1696,34
1696,35
1697,36
1698,40
1699,3
1699,28
1699,33
1699,39
1700,4
1700,5
1700,16
1700,26
1701,11
1702,18
1702,33
1702,37
1702,38
1703,2
1703,7
1703,13
1703,14
1703,21
1703,23
1703,25
1703,27
1703,30
1703,31
1703,34
1703,36
1704,1
1704,9
1704,10
1704,17
1704,20
1704,22
1704,29
1704,32
1704,35
1704,39
1704,40
1705,12
1705,14
1705,15
1705,16
1705,18
1705,19
1705,21
1705,24
1705,26
1705,33
1705,34
1705,36
1705,37
1705,38
1706,2
1706,3
1706,4
1706,5
1706,6
1706,7
1706,8
1706,11
1706,13
1706,22
1706,23
1706,25
1706,28
1706,30
1706,31
1706,40
1707,9
1707,10
1707,14
1707,17
1707,20
1707,26
1707,27
1707,32
1707,33
1707,34
1707,35
1707,36
1707,37
1707,38
1707,39
1708,1
1708,2
1708,4
1708,5
1708,7
1708,11
1708,13
1708,15
1708,16
1708,18
1708,21
1708,22
1708,23
1708,24
1708,25
1708,28
1708,29
1708,30
1708,31
1708,40
1709,3
1709,6
1709,8
1709,12
1709,14
1709,19
1709,21
1709,22
1709,26
1709,33
1709,34
1709,35
1709,37
1709,38
1709,39
1710,1
1710,2
1710,4
1710,5
1710,7
1710,9
1710,10
1710,11
1710,13
1710,15
1710,16
1710,17
1710,18
1710,20
1710,23
1710,24
1710,25
1710,27
1710,28
1710,29
1710,30
1710,32
1710,36
1710,40
1711,3
1711,14
1711,21
1711,22
1711,25
1711,26
1711,31
1711,33
1711,34
1711,35
1711,37
1711,38
1711,39
1711,40
1712,1
1712,2
1712,4
1712,5
1712,6
1712,7
1712,8
1712,9
1712,10
1712,11
1712,12
1712,13
1712,15
1712,16
1712,17
1712,18
1712,19
1712,20
1712,23
1712,24
1712,27
1712,28
1712,30
1712,32
1712,36
1713,9
1713,14
1713,20
1713,21
1713,22
1713,24
1713,25
1713,26
1713,29
1713,30
1713,32
1713,33
1713,34
1713,35
1713,36
1713,37
1713,38
1713,39
1713,40
1714,1
1714,2
1714,3
1714,4
1714,5
1714,6
1714,7
1714,8
1714,10
1714,11
1714,12
1714,13
1714,15
1714,16
1714,17
1714,18
1714,19
1714,23
1714,27
1714,28
1714,31
1715,14
1715,22
1715,26
1715,33
1715,34
1715,35
1715,36
1715,37
1715,38
1715,39
1715,40
1716,3
1716,4
1716,5
1716,7
1716,8
1716,9
1716,10
1716,11
1716,12
1716,15
1716,16
1716,18
1716,20
1716,21
1716,23
1716,24
1716,25
1716,28
1716,29
1716,30
1716,31
1716,32
1717,1
1717,2
1717,6
1717,14
1717,17
1717,21
1717,22
1717,25
1717,26
1717,27
1717,33
1717,34
1717,35
1717,37
1717,38
1717,39
1717,40
1718,3
1718,4
1718,5
1718,7
1718,8
1718,9
1718,10
1718,11
1718,12
1718,13
1718,15
1718,16
1718,18
1718,20
1718,23
1718,24
1718,28
1718,29
1718,30
1718,31
1718,32
1718,36
1719,14
1719,19
1719,22
1719,26
1719,33
1719,34
1719,35
1719,36
1719,37
1719,38
1719,39
1719,40
1720,2
1720,11
1720,16
1720,20
1720,21
1720,24
1720,25
1720,30
1720,32
1721,9
1721,10
1721,12
1721,17
1721,23
1722,6
1722,27
1722,33
1722,34
1722,37
1722,38
1722,39
1722,40
1723,35
1723,36
1724,22
1724,26
1728,33
1728,36
1734,33
1734,36
1735,40
1741,37
1742,33
1742,36
1742,38
1743,40
1747,35
1749,33
1749,36
1750,38
1755,38
1757,36
1757,40
1758,33
1764,33
1765,38
1766,36
1769,34
1769,35
1769,38
1774,38
1775,37
1775,40
1777,35
1779,33
1782,40
1784,38
1786,35
1787,34
1790,38
1794,33
1794,34
1794,40
1795,38
1796,35
1799,34
1800,33
1800,38
1805,38
1806,34
1806,35
1807,40
1809,37
1810,33
1811,36
1812,35
1812,38
1814,33
1815,34
1819,33
1820,37
1821,35
1821,38
1821,40
1823,34
1824,36
1825,33
1830,33
1831,35
1832,34
1833,37
1833,40
1834,33
1839,33
1839,34
1840,37
1843,33
1843,38
1845,40
1848,33
1848,37
1849,35
1850,34
1852,40
1855,33
1855,34
1858,35
1859,33
1861,34
1864,33
1865,40
1866,36
1868,34
1868,38
1870,37
1872,33
1873,35
1876,33
1877,34
1878,40
1879,35
1881,33
1882,26
1884,18
1885,33
1885,34
1885,36
1886,35
1887,2
1888,16
1888,37
1889,33
1889,40
1890,22
1890,39
1891,38
1893,10
1893,35
1894,37
1895,33
1895,40
1896,3
1896,14
1896,38
1898,8
1899,33
1900,28
1900,30
1900,34
1900,35
1900,37
1900,40
1901,26
1901,38
1902,7
1903,29
1904,20
1904,33
1904,37
1904,40
1905,4
1906,36
1906,38
1907,5
1907,27
1907,31
1907,33
1907,35
1907,39
1908,11
1909,17
1910,33
1910,34
1910,37
1911,35
1911,38
1911,40
1912,24
1913,21
1913,32
1914,33
1915,36
1915,37
1916,35
1916,38
1916,39
1917,40
1918,6
1918,15
1918,34
1919,22
1920,38
1921,40
1922,33
1922,35
1922,37
1923,13
1926,33
1926,37
1926,38
1927,30
1927,34
1927,40
1928,35
1932,37
1932,40
1933,38
1934,33
1935,35
1939,37
1939,38
1940,33
1940,40
1947,33
1947,36
1948,37
1948,38
1949,40
1951,23
1953,38
1954,35
1955,25
1955,33
1955,34
1955,37
1957,38
1958,36
1958,40
1960,38
1963,33
1964,37
1964,38
1965,35
1968,38
1970,34
1970,40
1971,37
1972,38
1974,33
1976,38
1978,33
1979,2
1979,35
1980,26
1980,38
1982,33
1984,3
1984,38
1985,14
1985,34
1985,37
1986,35
1986,40
1987,18
1987,33
1988,19
1988,38
1989,36
1991,38
1991,40
1992,35
1995,33
1996,38
1997,34
1997,36
1997,40
1998,35
1999,37
2000,38
2002,33
2002,35
2004,38
2007,34
2008,33
2008,35
2009,38
2010,36
2011,40
2013,33
2013,35
2016,40
2017,33
2017,34
2019,35
2019,38
2020,40
2021,6
2021,28
2023,33
2023,35
2023,40
2024,34
2024,38
2025,36
2026,8
2026,39
2027,30
2027,40
2028,26
2028,37
2029,11
2030,4
2031,33
2031,35
2031,36
2031,38
2031,40
2032,7
2032,22
2032,34
2032,39
2033,16
2033,27
2033,37
2034,20
2034,31
2035,2
2035,9
2035,33
2035,40
2036,15
2036,17
2036,34
2036,35
2036,37
2036,38
2036,39
2037,3
2037,21
2037,23
2037,29
2038,5
2038,25
2038,26
2038,32
2038,40
2039,10
2039,13
2039,14
2039,18
2039,22
2039,24
2039,33
2039,38
2040,1
2040,2
2040,19
2040,34
2040,35
2040,36
2040,37
2040,39
2041,4
2041,6
2041,8
2041,9
2041,11
2041,12
2041,16
2041,20
2041,21
2041,26
2041,28
2041,31
2041,40
2042,7
2042,17
2042,23
2042,25
2042,30
2042,33
2042,38
2043,1
2043,2
2043,3
2043,5
2043,8
2043,9
2043,10
2043,11
2043,13
2043,14
2043,15
2043,18
2043,20
2043,21
2043,22
2043,24
2043,26
2043,27
2043,28
2043,29
2043,32
2043,34
2043,35
2043,36
2043,37
2043,39
2043,40
2044,4
2044,6
2044,12
2044,16
2044,19
2044,22
2044,26
2044,31
2044,33
2044,37
2044,38
2044,39
2045,2
2045,3
2045,5
2045,7
2045,8
2045,9
2045,10
2045,11
2045,13
2045,14
2045,15
2045,17
2045,18
2045,20
2045,21
2045,23
2045,24
2045,25
2045,27
2045,28
2045,30
2045,32
2045,34
2045,35
2045,36
2045,40
2046,1
2046,14
2046,22
2046,26
2046,29
2046,33
2046,34
2046,35
2046,36
2046,37
2046,38
2046,39
2046,40
2047,2
2047,3
2047,4
2047,5
2047,6
2047,7
2047,8
2047,9
2047,10
2047,11
2047,15
2047,16
2047,17
2047,18
2047,20
2047,21
2047,23
2047,24
2047,25
2047,28
2047,30
2047,31
2047,32
2048,11
2048,12
2048,13
2048,14
2048,18
2048,19
2048,20
2048,21
2048,22
2048,24
2048,25
2048,26
2048,27
2048,29
2048,32
2048,33
2048,34
2048,35
2048,36
2048,37
2048,38
2048,39
2048,40
2049,1
2049,2
2049,3
2049,4
2049,5
2049,6
2049,7
2049,8
2049,9
2049,10
2049,15
2049,16
2049,17
2049,23
2049,28
2049,30
2049,31
2050,14
2050,22
2050,25
2050,26
2050,33
2050,34
2050,35
2050,36
2050,37
2050,38
2050,39
2050,40
2051,2
2051,4
2051,11
2051,12
2051,13
2051,16
2051,18
2051,20
2051,21
2051,24
2051,27
2051,30
2051,32
2052,1
2052,5
2052,7
2052,10
2052,29
2053,9
2053,14
2053,15
2053,21
2053,22
2053,23
2053,30
2053,31
2053,33
2053,34
2053,35
2053,37
2053,38
2053,39
2053,40
2054,12
2054,16
2054,24
2054,25
2054,26
2054,36
2055,19
2055,32
2055,33
2055,37
2055,40
2056,34
2056,38
2057,35
2059,33
2059,37
2059,40
2063,34
2063,37
2064,38
2064,40
2066,33
2068,40
2070,34
2070,37
2073,40
2074,33
2076,38
2077,34
2077,37
2081,37
2082,33
2082,38
2082,40
2084,35
2088,37
2090,38
2091,33
2091,34
2091,40
2093,35
2096,37
2098,35
2098,38
2098,40
2104,34
2104,35
2104,37
2105,40
2106,38
2111,35
2111,36
2114,33
2114,34
2117,40
2118,37
2122,33
2122,35
2124,37
2126,40
2128,33
2130,37
2131,34
2131,38
2131,40
2132,35
2136,34
2137,40
2138,37
2141,40
2143,37
2144,38
2146,40
2147,35
2148,34
2149,33
2150,40
2153,36
2154,33
2155,40
2159,37
2160,33
2160,34
2160,40
2164,38
2167,40
2169,34
2169,35
2170,33
2173,34
2174,33
2175,40
2179,33
2179,34
2180,36
2181,38
2181,40
2187,34
2188,33
2189,37
2189,38
2192,39
2193,33
2194,38
2195,40
2199,38
2200,34
2200,35
2201,33
2203,40
2207,34
2207,35
2209,38
2210,26
2212,33
2212,37
2212,40
2213,30
2214,35
2214,38
2216,2
2217,34
2217,36
2217,40
2219,16
2219,38
2222,22
2222,35
2223,39
2224,14
2224,26
2224,36
2224,37
2224,38
2224,40
2225,17
2225,34
2226,33
2227,11
2228,18
2228,40
2229,20
2230,3
2230,38
2231,10
2231,33
2232,6
2232,8
2232,28
2232,32
2232,36
2233,4
2233,7
2233,21
2233,30
2233,34
2233,35
2233,40
2234,9
2234,12
2234,22
2234,23
2234,25
2234,26
2234,29
2234,31
2234,37
2234,38
2234,39
2235,1
2235,2
2235,5
2235,13
2235,15
2235,24
2235,27
2235,33
2235,36
2236,3
2236,11
2236,14
2236,18
2236,20
2236,26
2236,34
2236,37
2236,38
2236,39
2236,40
2237,4
2237,6
2237,8
2237,10
2237,16
2237,17
2237,19
2237,21
2237,22
2237,25
2237,28
2237,32
2237,35
2238,2
2238,7
2238,9
2238,23
2238,30
2238,31
2238,33
2238,36
2238,37
2239,1
2239,3
2239,5
2239,8
2239,11
2239,12
2239,13
2239,14
2239,15
2239,16
2239,18
2239,20
2239,21
2239,22
2239,24
2239,25
2239,26
2239,27
2239,28
2239,29
2239,32
2239,34
2239,35
2239,38
2239,39
2239,40
2240,4
2240,6
2240,10
2240,14
2240,17
2240,19
2240,22
2240,26
2240,33
2240,34
2240,36
2240,37
2240,38
2240,39
2241,1
2241,2
2241,3
2241,5
2241,7
2241,8
2241,9
2241,11
2241,13
2241,16
2241,18
2241,20
2241,21
2241,23
2241,24
2241,25
2241,28
2241,30
2241,31
2241,32
2241,35
2241,40
2242,12
2242,14
2242,15
2242,26
2242,27
2242,29
2242,33
2242,34
2242,35
2242,36
2242,37
2242,38
2242,39
2242,40
2243,2
2243,4
2243,5
2243,6
2243,7
2243,8
2243,9
2243,10
2243,11
2243,13
2243,16
2243,17
2243,18
2243,20
2243,21
2243,22
2243,23
2243,24
2243,25
2243,28
2243,30
2243,32
2244,1
2244,3
2244,14
2244,15
2244,19
2244,21
2244,22
2244,25
2244,26
2244,31
2244,33
2244,34
2244,35
2244,36
2244,37
2244,38
2244,39
2244,40
2245,2
2245,4
2245,5
2245,6
2245,7
2245,8
2245,9
2245,10
2245,11
2245,12
2245,13
2245,16
2245,17
2245,18
2245,20
2245,23
2245,24
2245,27
2245,28
2245,29
2245,30
2245,32
2246,14
2246,21
2246,22
2246,26
2246,33
2246,34
2246,35
2246,36
2246,37
2246,38
2246,39
2246,40
2247,1
2247,2
2247,3
2247,4
2247,5
2247,7
2247,8
2247,9
2247,10
2247,11
2247,12
2247,15
2247,16
2247,17
2247,18
2247,20
2247,23
2247,24
2247,25
2247,27
2247,28
2247,29
2247,30
2247,31
2247,32
2248,6
2248,9
2248,11
2248,13
2248,14
2248,15
2248,16
2248,19
2248,20
2248,21
2248,22
2248,24
2248,25
2248,26
2248,30
2248,33
2248,34
2248,35
2248,36
2248,37
2248,38
2248,39
2248,40
2249,1
2249,2
2249,3
2249,4
2249,5
2249,7
2249,8
2249,10
2249,12
2249,17
2249,18
2249,23
2249,27
2249,28
2249,29
2249,31
2249,32
2250,14
2250,22
2250,26
2250,33
2250,34
2250,35
2250,36
2250,37
2250,38
2250,39
2250,40
2251,16
2251,21
2251,25
2251,30
2252,2
2252,9
2254,38
2254,40
2255,33
2255,34
2255,35
2259,33
2261,40
2263,35
2264,33
2265,38
2265,40
2269,35
2271,33
2271,40
2276,35
2276,38
2276,40
2279,33
2282,40
2283,35
2286,38
2287,35
2287,40
2289,34
2291,33
2292,40
2294,35
2296,38
2297,40
2301,33
2302,34
2304,35
2304,40
2305,38
2310,40
2311,34
2312,38
2314,35
2314,37
2317,40
2318,33
2322,38
2323,37
2323,40
2324,33
2324,34
2328,35
2330,33
2331,36
2333,40
2335,37
2339,40
2340,35
2341,33
2342,37
2342,38
2345,33
2348,37
2349,40
2350,33
2354,40
2355,33
2355,37
2357,38
2358,35
2360,40
2361,33
2362,34
2365,33
2368,40
2369,33
2370,37
2372,38
2374,33
2375,37
2379,33
2379,35
2380,37
2380,40
2381,38
2382,36
2384,33
2388,40
2389,33
2389,35
2390,37
2392,40
2393,26
2394,33
2394,38
2398,22
2398,40
2399,34
2399,37
2401,33
2402,38
2402,40
2404,2
2405,30
2405,39
2406,38
2407,40
2408,33
2409,36
2410,37
2412,38
2413,40
2417,33
2418,38
2419,34
2421,40
2424,35
2425,36
2426,38
2427,37
2428,34
2431,37
2434,40
2435,3
2435,4
2435,14
2435,34
2436,7
2436,33
2436,38
2437,37
2438,35
2438,39
2439,11
2439,17
2439,28
2439,34
2440,16
2440,18
2440,22
2440,23
2441,10
2441,20
2441,24
2441,29
2441,37
2441,38
2441,40
2442,2
2442,5
2442,8
2442,9
2442,12
2442,21
2442,26
2442,30
2442,32
2442,34
2442,36
2442,39
2443,1
2443,3
2443,4
2443,6
2443,11
2443,15
2443,22
2443,25
2443,27
2443,31
2443,33
2443,35
2444,2
2444,7
2444,13
2444,14
2444,16
2444,17
2444,18
2444,19
2444,20
2444,23
2444,26
2444,28
2444,34
2444,36
2444,37
2444,38
2444,39
2444,40
2445,1
2445,8
2445,9
2445,10
2445,21
2445,22
2445,24
2445,29
2445,30
2445,32
2445,33
2446,3
2446,4
2446,5
2446,6
2446,11
2446,14
2446,15
2446,25
2446,26
2446,27
2446,31
2446,34
2446,35
2446,37
2446,38
2446,39
2446,40
2447,2
2447,7
2447,12
2447,13
2447,16
2447,18
2447,20
2447,21
2447,22
2447,23
2447,28
2447,30
2447,33
2447,36
2448,8
2448,9
2448,17
2448,19
2448,24
2448,26
2448,32
2448,34
2448,35
2448,37
2448,38
2448,39
2448,40
2449,1
2449,10
2449,11
2449,12
2449,14
2449,21
2449,22
2449,25
2449,29
2449,33
2449,36
2450,2
2450,3
2450,4
2450,5
2450,6
2450,16
2450,20
2450,30
2450,31
2450,37
2450,38
2451,7
2451,13
2451,15
2451,18
2451,22
2451,23
2451,26
2451,27
2451,33
2451,34
2451,36
2451,39
2451,40
2452,9
2452,14
2452,21
2452,25
2452,28
2452,35
2452,37
2452,38
2453,10
2453,17
2453,24
2453,32
2453,33
2454,34
2454,36
2454,40
2455,11
2455,35
2455,37
2455,39
2456,2
2456,22
2456,26
2456,33
2456,38
2460,38
2460,40
2461,33
2461,35
2461,37
2465,33
2466,35
2466,40
2467,38
2468,33
2469,34
2472,33
2473,40
2474,35
2476,38
2477,33
2480,40
2482,33
2482,34
2483,35
2484,38
2489,40
2490,33
2491,35
2491,36
2492,38
2493,37
2494,40
2495,33
2496,35
2496,38
2500,33
2500,40
2502,35
2502,38
2505,34
2506,33
2506,35
2506,38
2509,40
2511,35
2511,38
2513,40
2514,33
2515,34
2517,40
2518,35
2518,38
2519,33
2520,34
2522,40
2523,35
2524,33
2525,38
2526,34
2527,35
2527,40
2531,33
2531,34
2531,35
2531,36
2531,38
2532,40
2536,40
2537,35
2538,38
2540,34
2541,40
2542,35
2546,35
2547,33
2547,40
2549,38
2551,35
2552,34
2552,37
2552,40
2557,35
2558,40
2559,33
2559,36
2560,37
2565,35
2566,40
2567,34
2570,37
2570,40
2571,33
2574,38
2574,40
2577,33
2578,34
2579,38
2580,37
2580,40
2583,26
2583,38
2584,33
2584,35
2587,38
2588,34
2589,40
2590,2
2591,30
2591,33
2593,37
2593,38
2595,40
2596,34
2597,4
2597,35
2597,38
2598,39
2599,32
2599,37
2599,40
2600,33
2602,38
2603,40
2605,33
2607,38
2608,28
2608,37
2608,40
2612,22
2612,34
2613,8
2613,33
2613,36
2614,7
2614,40
2615,35
2615,38
2617,3
2617,6
2618,20
2618,33
2618,37
2620,10
2620,34
2620,40
2621,9
2621,15
2621,21
2621,26
2621,27
2621,33
2621,38
2622,11
2622,18
2622,31
2622,37
2623,13
2623,14
2623,23
2623,24
2623,29
2623,30
2623,33
2623,39
2623,40
2624,1
2624,2
2624,5
2624,16
2624,22
2624,26
2624,34
2624,35
2624,36
2624,38
2625,3
2625,4
2625,7
2625,17
2625,19
2625,20
2625,25
2625,28
2625,32
2625,37
2626,6
2626,8
2626,11
2626,12
2626,14
2626,21
2626,33
2626,38
2626,39
2626,40
2627,2
2627,5
2627,9
2627,10
2627,13
2627,15
2627,16
2627,18
2627,22
2627,23
2627,25
2627,26
2627,27
2627,30
2627,34
2627,35
2627,36
2627,37
2628,1
2628,3
2628,4
2628,7
2628,17
2628,20
2628,24
2628,28
2628,29
2628,31
2628,32
2628,33
2628,38
2628,40
2629,5
2629,6
2629,8
2629,9
2629,11
2629,14
2629,16
2629,18
2629,21
2629,22
2629,23
2629,25
2629,26
2629,30
2629,34
2629,35
2629,36
2629,37
2629,39
2630,2
2630,10
2630,12
2630,13
2630,15
2630,19
2630,27
2630,33
2630,38
2630,40
2631,3
2631,4
2631,7
2631,14
2631,17
2631,20
2631,22
2631,24
2631,26
2631,28
2631,31
2631,32
2631,34
2631,35
2631,36
2631,37
2631,39
2632,1
2632,11
2632,16
2632,18
2632,21
2632,25
2632,29
2632,30
2632,33
2632,38
2633,6
2633,8
2633,9
2633,22
2633,23
2633,26
2633,34
2633,35
2633,37
2633,39
2633,40
2634,2
2634,5
2634,14
2634,24
2634,33
2634,36
2634,38
2635,10
2636,37
2636,40
2637,35
2637,39
2639,33
2639,34
2640,37
2640,40
2644,40
2645,37
2646,33
2647,38
2649,35
2649,40
2650,33
2651,37
2655,35
2655,37
2655,40
2656,33
2660,33
2660,40
2661,37
2662,35
2664,38
2665,33
2666,40
2668,35
2669,38
2671,33
2671,40
2673,37
2674,38
2675,34
2676,35
2680,33
2680,38
2681,40
2684,35
2684,37
2685,38
2688,35
2689,38
2692,34
2692,38
2693,35
2694,37
2694,40
2696,38
2697,33
2698,35
2700,38
2701,40
2705,38
2706,34
2706,35
2707,40
2708,33
2712,35
2713,38
2714,37
2716,35
2716,40
2720,33
2720,38
2721,35
2725,34
2725,35
2726,33
2726,38
2729,40
2730,38
2731,35
2735,35
2735,38
2736,40
2737,26
2739,33
2739,35
2740,40
2741,34
2741,37
2741,38
2742,36
2745,35
2747,40
2750,33
2750,36
2751,35
2751,38
2753,34
2753,40
2756,33
2756,37
2758,40
2762,38
2762,40
2763,33
2764,35
2764,36
2767,40
2768,33
2770,36
2771,40
2774,21
2774,22
2775,40
2776,33
2776,36
2776,37
2776,38
2778,2
2778,26
2778,39
2779,18
2779,22
2780,3
2780,6
2780,33
2781,8
2781,11
2781,36
2781,37
2781,40
2782,4
2782,7
2782,12
2782,14
2782,16
2782,20
2782,28
2782,35
2782,38
2783,1
2783,9
2783,13
2783,29
2783,30
2783,31
2783,32
2783,33
2783,34
2783,39
2784,5
2784,10
2784,14
2784,15
2784,17
2784,22
2784,23
2784,24
2784,25
2784,26
2784,27
2784,37
2784,38
2784,40
2785,2
2785,3
2785,7
2785,11
2785,16
2785,18
2785,19
2785,20
2785,21
2785,28
2785,33
2785,35
2785,36
2785,39
2786,4
2786,6
2786,8
2786,9
2786,12
2786,13
2786,14
2786,22
2786,25
2786,26
2786,30
2786,31
2786,32
2786,34
2786,37
2786,38
2786,40
2787,1
2787,5
2787,10
2787,15
2787,17
2787,23
2787,24
2787,27
2787,29
2787,33
2787,35
2787,39
2788,2
2788,3
2788,7
2788,8
2788,11
2788,14
2788,16
2788,18
2788,20
2788,21
2788,22
2788,25
2788,26
2788,28
2788,30
2788,34
2788,36
2788,37
2788,38
2788,40
2789,4
2789,6
2789,9
2789,13
2789,19
2789,31
2789,32
2789,33
2789,35
2789,39
2790,2
2790,5
2790,10
2790,14
2790,15
2790,16
2790,17
2790,20
2790,22
2790,23
2790,24
2790,25
2790,26
2790,30
2790,34
2790,36
2790,37
2790,38
2790,40
2791,1
2791,11
2791,12
2791,18
2791,21
2791,27
2791,28
2791,29
2791,33
2791,39
2792,3
2792,7
2792,8
2792,14
2792,22
2792,26
2792,32
2792,34
2792,35
2792,36
2792,37
2792,38
2792,40
2793,2
2793,4
2793,5
2793,16
2793,23
2793,25
2793,30
2794,6
2794,9
2794,20
2794,24
2794,33
2794,38
2794,39
2795,10
2795,34
2795,35
2795,36
2795,37
2796,22
2796,26
2796,40
2797,17
2797,38
2798,21
2798,33
2799,35
2800,38
2800,40
2802,34
2803,38
2805,35
2806,38
2807,33
2807,40
2809,38
2811,35
2813,38
2813,40
2815,35
2816,34
2817,33
2818,38
2820,35
2822,40
2825,35
2825,38
2826,33
2826,34
2826,37
2832,40
2833,35
2833,38
2835,36
2838,34
2839,35
2840,33
2843,40
2844,37
2846,34
2847,36
2851,40
2853,38
2854,37
2857,34
2857,35
2859,37
2860,40
2863,33
2863,36
2863,37
2866,34
2867,35
2868,37
2871,35
2872,40
2873,33
2875,37
2876,34
2878,35
2879,33
2881,34
2881,40
2882,37
2886,34
2887,40
2888,33
2888,38
2889,35
2890,34
2891,37
2892,39
2896,34
2896,40
2898,37
2901,38
2902,33
2902,35
2902,40
2903,34
2903,37
2908,37
2908,38
2909,40
2910,34
2911,33
2913,35
2916,38
2917,40
2918,35
2919,36
2919,37
2921,34
2923,40
2924,33
2925,37
2927,34
2927,38
2928,35
2929,40
2935,33
2935,40
2936,34
2936,37
2936,38
2938,35
2941,40
2945,35
2946,4
2946,26
2946,38
2947,36
2947,37
2947,40
2948,33
2949,15
2950,16
2950,34
2951,2
2951,17
2952,35
2953,3
2953,8
2953,11
2953,22
2953,38
2953,40
2954,5
2954,24
2954,25
2954,34
2954,37
2954,39
2955,7
2955,9
2955,14
2955,19
2955,20
2955,21
2955,26
2955,28
2955,30
2955,31
2955,32
2955,36
2956,1
2956,6
2956,10
2956,13
2956,16
2956,18
2956,23
2956,33
2956,37
2956,38
2957,2
2957,4
2957,8
2957,9
2957,11
2957,12
2957,14
2957,15
2957,17
2957,20
2957,21
2957,22
2957,25
2957,26
2957,27
2957,29
2957,30
2957,31
2957,34
2957,35
2957,36
2957,39
2957,40
2958,3
2958,5
2958,7
2958,19
2958,24
2958,28
2958,32
2958,33
2958,37
2958,38
2958,39
2959,1
2959,2
2959,4
2959,6
2959,8
2959,9
2959,10
2959,11
2959,13
2959,14
2959,15
2959,16
2959,17
2959,18
2959,20
2959,21
2959,22
2959,23
2959,25
2959,26
2959,29
2959,30
2959,34
2959,35
2959,36
2959,40
2960,7
2960,12
2960,14
2960,22
2960,26
2960,27
2960,31
2960,32
2960,33
2960,34
2960,37
2960,38
2960,39
2960,40
2961,1
2961,2
2961,3
2961,4
2961,5
2961,6
2961,8
2961,9
2961,10
2961,11
2961,13
2961,15
2961,16
2961,17
2961,18
2961,19
2961,20
2961,21
2961,23
2961,24
2961,25
2961,28
2961,29
2961,30
2961,35
2961,36
2962,11
2962,14
2962,16
2962,21
2962,22
2962,23
2962,25
2962,26
2962,30
2962,32
2962,33
2962,34
2962,35
2962,36
2962,37
2962,38
2962,39
2962,40
2963,1
2963,2
2963,3
2963,4
2963,5
2963,6
2963,7
2963,8
2963,9
2963,10
2963,12
2963,13
2963,15
2963,17
2963,18
2963,19
2963,20
2963,24
2963,27
2963,28
2963,29
2963,31
2964,14
2964,21
2964,22
2964,26
2964,32
2964,33
2964,34
2964,35
2964,36
2964,37
2964,38
2964,39
2964,40
2965,1
2965,2
2965,3
2965,4
2965,5
2965,7
2965,8
2965,9
2965,10
2965,11
2965,12
2965,13
2965,15
2965,16
2965,17
2965,18
2965,20
2965,23
2965,24
2965,25
2965,27
2965,28
2965,29
2965,30
2965,31
2966,6
2966,9
2966,10
2966,11
2966,12
2966,14
2966,16
2966,20
2966,21
2966,22
2966,24
2966,25
2966,26
2966,30
2966,32
2966,33
2966,34
2966,35
2966,36
2966,37
2966,38
2966,39
2966,40
2967,1
2967,2
2967,3
2967,4
2967,5
2967,7
2967,8
2967,13
2967,15
2967,17
2967,18
2967,19
2967,23
2967,27
2967,28
2967,29
2967,31
2968,14
2968,22
2968,26
2968,33
2968,34
2968,35
2968,36
2968,37
2968,38
2968,39
2968,40
2969,2
2969,16
2969,21
2969,24
2969,25
2969,30
2970,11
2970,18
2970,32
2971,23
2971,34
2971,40
2972,33
2972,35
2972,37
2972,38
2973,39
2974,36
2976,40
2977,33
2980,34
2981,40
2982,33
2988,33
2988,34
2988,40
2989,37
2990,35
2994,33
2994,40
2999,33
2999,38
2999,40
3001,37
3005,34
3005,40
3006,33
3006,37
3008,35
3012,33
3012,36
3013,37
3014,34
3014,40
3021,33
3021,35
3022,40
3024,37
3028,33
3028,34
3028,40
3029,35
3030,38
3034,38
3036,35
3036,40
3038,34
3040,38
3043,34
3044,37
3045,33
3045,36
3047,35
3048,40
3052,35
3052,38
3052,40
3056,34
3058,35
3058,40
3059,37
3062,40
3063,33
3064,35
3065,34
3066,40
3067,37
3068,33
3071,40
3073,33
3073,38
3074,35
3074,37
3075,34
3076,40
3077,33
3081,33
3082,40
3083,37
3084,33
3084,34
3088,33
3088,40
3091,33
3091,37
3094,40
3095,33
3095,35
3100,33
3101,37
3103,35
3103,36
3103,40
3105,33
3110,40
3111,33
3111,38
3114,34
3114,37
3115,39
3116,35
3117,38
3117,40
3120,33
3121,34
3123,40
3124,26
3124,38
3125,33
3126,35
3127,38
3127,40
3128,34
3131,40
3132,38
3135,34
3136,33
3138,38
3138,40
3142,30
3142,35
3144,40
3145,2
3145,14
3145,33
3145,38
3146,34
3148,36
3149,6
3150,5
3150,7
3150,22
3150,33
3150,38
3150,39
3150,40
3151,11
3151,21
3152,34
3153,35
3153,36
3153,37
3153,38
3154,3
3154,4
3154,26
3154,33
3154,40
3155,28
3155,29
3157,20
3157,23
3157,32
3157,38
3158,2
3158,22
3158,33
3158,37
3159,1
3159,8
3159,10
3159,16
3159,26
3159,27
3159,34
3159,40
3160,9
3160,13
3160,14
3160,17
3160,18
3160,21
3160,25
3160,31
3160,35
3160,36
3160,38
3160,39
3161,3
3161,12
3161,15
3161,28
3161,30
3161,33
3162,4
3162,5
3162,6
3162,7
3162,8
3162,11
3162,16
3162,19
3162,20
3162,22
3162,23
3162,24
3162,26
3162,32
3162,34
3162,37
3162,40
3163,1
3163,2
3163,9
3163,10
3163,14
3163,18
3163,21
3163,25
3163,29
3163,31
3163,33
3163,35
3163,36
3163,38
3163,39
3164,3
3164,4
3164,5
3164,8
3164,11
3164,13
3164,15
3164,16
3164,17
3164,20
3164,22
3164,26
3164,27
3164,28
3164,30
3164,34
3164,37
3164,40
3165,2
3165,6
3165,7
3165,12
3165,14
3165,19
3165,23
3165,24
3165,32
3165,33
3165,35
3165,36
3165,38
3165,39
3166,8
3166,9
3166,10
3166,11
3166,16
3166,17
3166,18
3166,20
3166,21
3166,22
3166,25
3166,26
3166,28
3166,30
3166,31
3166,34
3166,37
3166,40
3167,1
3167,3
3167,4
3167,5
3167,13
3167,15
3167,27
3167,29
3167,33
3167,35
3167,37
3167,38
3167,39
3168,2
3168,7
3168,9
3168,10
3168,12
3168,14
3168,16
3168,18
3168,20
3168,21
3168,22
3168,25
3168,26
3168,30
3168,32
3168,34
3168,36
3168,40
3169,6
3169,8
3169,11
3169,23
3169,24
3169,28
3169,31
3169,33
3169,35
3169,37
3169,38
3169,39
3170,14
3170,17
3170,22
3170,25
3170,26
3170,30
3170,34
3170,36
3170,40
3171,4
3171,18
3171,21
3171,32
3171,37
3172,2
3172,3
3172,5
3172,9
3172,15
3172,29
3172,33
3172,38
3173,12
3173,22
3173,35
3173,39
3173,40
3174,16
3174,34
3174,36
3174,37
3175,38
3176,40
3179,37
3180,40
3181,38
3182,34
3183,35
3183,40
3184,37
3187,40
3188,34
3189,37
3191,38
3191,40
3193,37
3194,34
3195,40
3197,37
3197,38
3200,40
3201,34
3202,37
3203,38
3205,40
3207,35
3208,37
3209,40
3211,33
3211,35
3211,38
3213,37
3215,34
3217,35
3217,37
3217,40
3223,38
3223,40
3224,33
3224,37
3225,35
3228,38
3230,33
3233,35
3234,40
3235,38
3236,33
3237,37
3238,34
3239,40
3240,33
3244,33
3244,40
3245,38
3247,35
3249,40
3250,33
3250,38
3252,34
3254,37
3255,33
3257,38
3257,40
3260,33
3261,35
3263,33
3263,38
3264,40
3268,33
3269,35
3271,33
3271,40
3273,38
3277,33
3278,36
3280,40
3282,33
3282,34
3282,38
3287,33
3288,34
3288,40
3289,38
3294,33
3295,40
3296,30
3296,34
3296,35
3296,38
3299,26
3301,35
3302,34
3302,37
3303,33
3304,38
3305,1
3305,40
3308,35
3310,36
3311,34
3311,38
3311,39
3313,33
3318,2
3319,35
3319,40
3320,33
3321,19
3321,37
3321,38
3322,24
3323,10
3324,34
3324,40
3325,35
3327,3
3327,4
3327,22
3327,27
3327,28
3327,38
3327,39
3328,8
3328,16
3328,33
3328,40
3329,5
3329,11
3329,21
3329,26
3329,37
3330,7
3330,13
3330,14
3330,18
3330,20
3330,22
3330,25
3330,31
3330,34
3331,2
3331,6
3331,9
3331,17
3331,23
3331,29
3331,32
3331,33
3331,35
3331,36
3331,38
3331,39
3331,40
3332,10
3332,12
3332,14
3332,15
3332,26
3332,28
3332,30
3332,37
3333,1
3333,3
3333,4
3333,5
3333,8
3333,11
3333,16
3333,18
3333,20
3333,21
3333,22
3333,24
3333,25
3333,27
3333,34
3334,2
3334,7
3334,9
3334,13
3334,14
3334,19
3334,23
3334,26
3334,30
3334,31
3334,32
3334,33
3334,35
3334,36
3334,37
3334,38
3334,39
3334,40
3335,1
3335,3
3335,4
3335,5
3335,6
3335,8
3335,10
3335,11
3335,12
3335,15
3335,16
3335,17
3335,18
3335,20
3335,21
3335,22
3335,24
3335,25
3335,28
3335,29
3335,34
3336,2
3336,7
3336,9
3336,11
3336,14
3336,21
3336,22
3336,23
3336,25
3336,26
3336,27
3336,30
3336,32
3336,33
3336,34
3336,35
3336,36
3336,37
3336,38
3336,39
3336,40
3337,1
3337,3
3337,4
3337,5
3337,6
3337,8
3337,10
3337,12
3337,13
3337,15
3337,16
3337,17
3337,18
3337,19
3337,20
3337,24
3337,28
3337,29
3337,31
3338,2
3338,11
3338,14
3338,21
3338,22
3338,25
3338,26
3338,32
3338,33
3338,34
3338,35
3338,36
3338,37
3338,38
3338,39
3338,40
3339,1
3339,3
3339,4
3339,5
3339,6
3339,7
3339,8
3339,9
3339,10
3339,12
3339,13
3339,15
3339,16
3339,17
3339,18
3339,20
3339,23
3339,24
3339,27
3339,28
3339,29
3339,30
3339,31
3340,9
3340,11
3340,14
3340,19
3340,21
3340,22
3340,24
3340,25
3340,26
3340,30
3340,32
3340,33
3340,34
3340,35
3340,36
3340,37
3340,38
3340,39
3340,40
3341,1
3341,2
3341,3
3341,4
3341,5
3341,6
3341,7
3341,8
3341,10
3341,12
3341,13
3341,15
3341,16
3341,17
3341,18
3341,20
3341,23
3341,27
3341,28
3341,29
3341,31
3342,14
3342,22
3342,26
3342,33
3342,34
3342,35
3342,36
3342,37
3342,38
3342,39
3342,40
3343,2
3343,3
3343,4
3343,5
3343,7
3343,8
3343,9
3343,10
3343,11
3343,13
3343,15
3343,16
3343,18
3343,20
3343,21
3343,23
3343,24
3343,25
3343,27
3343,28
3343,30
3343,31
3343,32
3344,1
3344,12
3344,14
3344,17
3344,21
3344,22
3344,25
3344,26
3344,29
3344,33
3344,34
3344,35
3344,37
3344,38
3344,39
3344,40
3345,2
3345,3
3345,4
3345,5
3345,6
3345,7
3345,8
3345,9
3345,10
3345,11
3345,13
3345,15
3345,16
3345,18
3345,19
3345,20
3345,23
3345,24
3345,27
3345,28
3345,30
3345,31
3345,32
3345,36
3346,14
3346,22
3346,26
3346,33
3346,34
3346,35
3346,37
3346,38
3346,39
3346,40
3347,2
3347,7
3347,9
3347,11
3347,16
3347,17
3347,18
3347,20
3347,21
3347,23
3347,24
3347,25
3347,29
3347,30
3347,32
3347,36
3348,4
3348,15
3348,27
3348,28
3348,33
3349,12
3349,13
3349,22
3349,26
3349,31
3349,34
3349,35
3349,36
3349,37
3349,38
3349,39
3349,40
3350,14
3350,19
3350,21
3350,25
3350,30
3351,33
3352,37
3352,38
3353,34
3353,40
3354,36
3356,33
3357,40
3358,38
3362,40
3363,33
3365,38
3368,40
3369,33
3369,38
3371,37
3374,33
3374,34
3375,38
3376,40
3379,38
3382,33
3384,36
3384,40
3385,37
3385,38
3388,33
3391,38
3392,33
3393,37
3393,40
3396,33
3398,38
3401,33
3401,34
3401,35
3403,40
3407,36
3408,34
3409,38
3411,40
3412,33
3413,38
3417,37
3417,40
3418,34
3419,38
3423,33
3423,40
3424,38
3427,33
3430,38
3431,33
3431,34
3431,40
3432,35
3432,36
3437,40
3438,33
3441,35
3442,33
3442,38
3443,36
3445,40
3446,37
3450,33
3455,40
3456,35
3456,37
3458,38
3461,40
3462,37
3463,34
3464,33
3468,37
3469,40
3471,34
3471,35
3474,36
3474,40
3475,37
3477,35
3479,33
3479,34
3479,40
3483,40
3485,36
3487,34
3487,35
3489,40
3491,38
3492,34
3494,33
3494,40
3496,38
3498,37
3501,35
3501,38
3501,40
3502,33
3502,34
3506,36
3506,40
3508,35
3510,33
3510,37
3515,35
3515,40
3516,38
3518,26
3518,34
3519,33
3522,38
3523,40
3524,36
3525,39
3527,22
3530,35
3530,38
3531,17
3531,30
3531,33
3531,37
3532,14
3532,36
3532,40
3533,6
3533,16
3534,20
3535,4
3535,18
3535,33
3536,2
3536,22
3536,26
3536,35
3536,38
3537,3
3537,5
3537,7
3537,8
3537,9
3537,11
3537,21
3537,23
3537,24
3537,25
3537,28
3537,32
3537,34
3537,37
3537,39
3537,40
3538,10
3538,14
3538,27
3538,29
3538,31
3538,33
3539,1
3539,2
3539,4
3539,11
3539,12
3539,13
3539,15
3539,16
3539,18
3539,20
3539,21
3539,22
3539,26
3539,30
3539,34
3539,35
3539,36
3539,37
3539,38
3539,39
3539,40
3540,3
3540,5
3540,6
3540,7
3540,8
3540,9
3540,17
3540,19
3540,23
3540,24
3540,25
3540,28
3540,32
3540,33
3541,2
3541,10
3541,11
3541,14
3541,16
3541,20
3541,21
3541,22
3541,26
3541,29
3541,30
3541,31
3541,34
3541,35
3541,36
3541,37
3541,38
3541,39
3541,40
3542,1
3542,4
3542,7
3542,12
3542,13
3542,15
3542,18
3542,25
3542,27
3542,28
3542,32
3542,33
3543,3
3543,5
3543,6
3543,8
3543,9
3543,14
3543,17
3543,19
3543,22
3543,23
3543,24
3543,26
3543,34
3543,35
3543,36
3543,37
3543,38
3543,39
3543,40
3544,2
3544,10
3544,11
3544,16
3544,20
3544,21
3544,25
3544,28
3544,30
3544,33
3545,1
3545,4
3545,7
3545,12
3545,13
3545,15
3545,18
3545,26
3545,31
3545,32
3545,34
3545,35
3545,37
3545,38
3545,39
3545,40
3546,14
3546,22
3546,27
3546,29
3546,33
3546,36
3547,9
3547,25
3547,30
3548,8
3548,21
3548,24
3548,33
3548,34
3548,37
3548,38
3548,39
3548,40
3549,2
3549,3
3549,26
3549,35
3550,23
3550,36
3552,33
3552,37
3553,38
3554,35
3554,40
3556,33
3559,35
3559,38
3560,33
3562,40
3564,33
3565,35
3565,38
3567,37
3568,33
3571,40
3572,35
3572,38
3574,33
3576,40
3580,33
3580,38
3580,40
3581,34
3581,35
3585,40
3586,33
3587,38
3588,35
3591,33
3594,40
3595,33
3595,34
3596,38
3599,33
3600,38
3601,40
3603,33
3605,38
3606,37
3609,35
3609,38
3610,40
3611,33
3614,38
3615,33
3619,35
3620,34
3621,33
3621,38
3622,40
3626,36
3626,38
3627,33
3627,34
3627,35
3627,37
3627,40
3631,40
3634,33
3636,34
3636,38
3636,40
3637,37
3639,33
3642,40
3644,33
3644,35
3645,34
3646,38
3647,37
3647,40
3650,33
3655,34
3655,40
3656,33
3657,35
3659,22
3659,38
3660,33
3660,37
3665,33
3666,37
3666,38
3668,36
3669,34
3669,35
3669,40
3671,37
3672,33
3674,38
3675,40
3676,37
3677,33
3680,35
3681,34
3682,33
3683,37
3683,40
3685,38
3686,33
3691,33
3691,34
3691,37
3692,40
3695,35
3695,38
3696,36
3698,33
3699,34
3700,38
3702,39
3705,33
3705,35
3707,38
3709,2
3709,40
3710,30
3710,33
3710,34
3710,37
3711,35
3714,26
3714,33
3714,38
3715,40
3717,33
3717,37
3720,3
3720,18
3720,40
3721,33
3722,28
3722,37
3722,38
3723,34
3723,35
3724,7
3724,11
3724,22
3725,33
3726,23
3726,40
3727,1
3727,26
3727,34
3727,37
3728,5
3728,8
3728,9
3728,10
3728,16
3728,20
3728,36
3729,4
3729,12
3729,17
3729,25
3729,33
3729,35
3729,38
3729,39
3730,6
3730,13
3730,14
3730,15
3730,22
3730,24
3730,27
3730,30
3730,32
3730,34
3730,37
3731,2
3731,11
3731,20
3731,21
3731,26
3731,28
3731,31
3731,33
3731,40
3732,3
3732,5
3732,7
3732,8
3732,14
3732,16
3732,17
3732,18
3732,19
3732,22
3732,23
3732,29
3732,34
3732,35
3732,36
3732,37
3732,38
3732,39
3733,1
3733,4
3733,9
3733,10
3733,13
3733,15
3733,24
3733,25
3733,26
3733,30
3733,32
3733,33
3733,40
3734,2
3734,6
3734,11
3734,14
3734,20
3734,21
3734,22
3734,27
3734,31
3734,34
3734,35
3734,37
3734,38
3734,39
3735,3
3735,5
3735,7
3735,8
3735,12
3735,16
3735,17
3735,18
3735,23
3735,25
3735,26
3735,28
3735,29
3735,33
3735,36
3735,40
3736,4
3736,9
3736,10
3736,13
3736,19
3736,24
3736,30
3736,32
3736,34
3736,35
3736,37
3736,38
3736,39
3737,1
3737,2
3737,11
3737,14
3737,15
3737,20
3737,21
3737,22
3737,25
3737,26
3737,33
3737,36
3738,3
3738,6
3738,8
3738,12
3738,16
3738,23
3738,28
3738,31
3738,34
3738,35
3738,37
3738,39
3738,40
3739,5
3739,7
3739,14
3739,18
3739,22
3739,26
3739,27
3739,29
3739,33
3739,36
3739,38
3740,2
3740,17
3740,21
3740,30
3740,37
3741,4
3741,9
3741,10
3741,24
3741,25
3741,32
3741,33
3741,34
3741,35
3741,38
3741,39
3741,40
3742,36
3743,22
3744,14
3744,40
3745,33
3745,35
3746,37
3746,38
3749,40
3750,35
3751,34
3752,33
3752,38
3754,40
3757,35
3758,40
3759,38
3762,37
3763,33
3763,40
3765,35
3767,38
3768,40
3769,33
3770,35
3773,40
3775,38
3776,33
3778,40
3782,37
3782,40
3783,38
3786,33
3786,34
3786,35
3788,36
3788,40
3795,37
3795,38
3796,40
3797,33
3797,35
3801,40
3803,34
3804,33
3804,38
3806,35
3807,40
3812,35
3812,40
3814,36
3815,38
3816,33
3816,35
3821,33
3822,35
3823,40
3826,33
3826,37
3829,40
3830,35
3834,33
3835,35
3837,40
3838,36
3838,38
3840,35
3841,34
3846,36
3847,35
3847,37
3848,40
3850,34
3852,33
3852,39
3857,37
3858,33
3858,40
3863,33
3864,34
3864,35
3867,33
3867,38
3870,40
3871,34
3872,38
3873,33
3875,40
3876,35
3877,38
3879,33
3879,40
3881,26
3882,34
3884,38
3884,40
3887,37
3888,33
3889,38
3889,40
3892,27
3892,28
3892,33
3893,40
3894,34
3895,38
3896,8
3896,11
3896,16
3896,21
3897,26
3897,33
3897,35
3897,40
3898,2
3898,6
3898,13
3898,24
3898,38
3899,3
3899,10
3899,14
3899,18
3899,20
3899,22
3899,30
3899,32
3899,34
3899,37
3900,1
3900,4
3900,7
3900,9
3900,15
3900,19
3900,31
3900,33
3900,36
3900,38
3900,39
3900,40
3901,2
3901,5
3901,11
3901,12
3901,14
3901,17
3901,21
3901,22
3901,23
3901,25
3901,26
3901,28
3901,29
3901,35
3902,3
3902,6
3902,8
3902,13
3902,16
3902,18
3902,20
3902,24
3902,27
3902,30
3902,32
3902,33
3902,34
3902,36
3902,37
3902,38
3902,39
3903,1
3903,2
3903,4
3903,5
3903,7
3903,9
3903,10
3903,11
3903,12
3903,14
3903,15
3903,17
3903,21
3903,22
3903,23
3903,25
3903,26
3903,31
3903,35
3903,40
3904,14
3904,16
3904,19
3904,20
3904,26
3904,28
3904,29
3904,30
3904,32
3904,33
3904,34
3904,36
3904,37
3904,38
3904,39
3904,40
3905,1
3905,2
3905,3
3905,4
3905,6
3905,7
3905,8
3905,9
3905,10
3905,11
3905,13
3905,15
3905,17
3905,18
3905,21
3905,22
3905,23
3905,24
3905,25
3905,27
3905,31
3905,35
3906,5
3906,12
3906,14
3906,18
3906,20
3906,21
3906,22
3906,25
3906,26
3906,28
3906,30
3906,33
3906,34
3906,36
3906,37
3906,38
3906,39
3906,40
3907,1
3907,2
3907,3
3907,4
3907,6
3907,7
3907,8
3907,9
3907,10
3907,11
3907,13
3907,15
3907,16
3907,17
3907,19
3907,23
3907,24
3907,27
3907,29
3907,31
3907,32
3907,35
3908,14
3908,22
3908,25
3908,26
3908,30
3908,33
3908,34
3908,35
3908,36
3908,37
3908,38
3908,39
3908,40
3909,1
3909,2
3909,3
3909,4
3909,5
3909,6
3909,7
3909,8
3909,9
3909,10
3909,11
3909,13
3909,15
3909,16
3909,17
3909,18
3909,19
3909,20
3909,21
3909,23
3909,24
3909,27
3909,28
3909,29
3909,32
3910,5
3910,9
3910,11
3910,12
3910,14
3910,16
3910,18
3910,20
3910,21
3910,22
3910,24
3910,25
3910,26
3910,30
3910,31
3910,32
3910,33
3910,34
3910,35
3910,36
3910,37
3910,38
3910,39
3910,40
3911,1
3911,2
3911,3
3911,4
3911,6
3911,7
3911,8
3911,10
3911,13
3911,15
3911,17
3911,19
3911,23
3911,27
3911,28
3911,29
3912,14
3912,22
3912,26
3912,33
3912,34
3912,35
3912,36
3912,37
3912,38
3912,39
3912,40
3913,9
3913,11
3913,16
3913,21
3913,24
3913,25
3913,30
3914,5
3914,18
3914,20
3914,31
3915,2
3915,32
3915,33
3915,37
3915,38
3915,40
3916,4
3916,34
3916,35
3916,39
3919,40
3921,37
3922,33
3923,35
3925,40
3927,37
3932,35
3932,37
3932,38
3932,40
3934,33
3938,35
3939,37
3942,40
3945,33
3945,35
3945,38
3946,37
3951,37
3952,40
3953,34
3953,35
3955,38
3959,33
3959,35
3961,37
3963,40
3967,35
3968,34
3968,37
3968,38
3970,33
3974,35
3978,34
3980,33
3980,35
3980,37
3980,38
3983,40
3985,36
3987,33
3988,35
3990,40
3996,40
3998,38
3999,34
4000,37
4002,35
4004,40
4006,33
4007,34
4010,35
4010,40
4011,33
4015,38
4017,33
4017,35
4017,40
4018,34
4022,33
4022,36
4023,35
4025,40
4026,38
4027,33
4030,40
4032,34
4032,35
4033,33
4035,36
4037,26
4037,38
4037,40
4040,33
4044,40
4045,33
4045,35
4045,37
4045,38
4047,34
4051,33
4051,35
4053,40
4054,38
4057,35
4058,33
4058,38
4060,34
4060,40
4062,35
4063,38
4065,14
4067,34
4067,35
4067,38
4069,40
4070,33
4070,36
4071,30
4072,34
4074,38
4075,37
4075,40
4076,36
4077,22
4078,34
4078,35
4078,39
4080,33
4082,37
4083,38
4085,34
4085,36
4085,40
4086,33
4090,2
4090,35
4091,40
4092,33
4092,34
4092,36
4095,26
4096,3
4096,38
4097,37
4099,28
4099,33
4099,36
4100,10
4100,25
4100,34
4101,20
4101,27
4101,35
4101,40
4102,1
4102,16
4103,8
4103,11
4103,12
4103,23
4103,38
4104,4
4104,5
4104,6
4104,9
4104,14
4104,17
4104,18
4104,21
4104,22
4104,26
4104,30
4104,33
4104,34
4104,36
4104,37
4104,39
4105,7
4105,13
4105,15
4105,24
4105,31
4105,32
4105,35
4105,40
4106,2
4106,3
4106,10
4106,11
4106,16
4106,19
4106,20
4106,22
4106,25
4106,28
4106,29
4106,33
4106,37
4106,38
4106,39
4107,1
4107,4
4107,6
4107,8
4107,14
4107,17
4107,18
4107,21
4107,23
4107,26
4107,27
4107,30
4107,34
4107,36
4107,40
4108,2
4108,3
4108,5
4108,7
4108,9
4108,12
4108,13
4108,15
4108,16
4108,22
4108,24
4108,32
4108,33
4108,35
4108,37
4108,38
4108,39
4109,6
4109,10
4109,11
4109,14
4109,20
4109,25
4109,26
4109,28
4109,29
4109,31
4109,34
4109,36
4109,40
4110,1
4110,4
4110,8
4110,17
4110,18
4110,19
4110,21
4110,22
4110,23
4110,27
4110,30
4110,33
4110,35
4110,37
4110,38
4110,39
4111,2
4111,7
4111,9
4111,13
4111,24
4111,26
4111,32
4111,34
4111,36
4111,40
4112,3
4112,5
4112,11
4112,14
4112,15
4112,16
4112,33
4112,35
4112,37
4112,38
4112,39
4113,20
4113,22
4113,25
4113,28
4113,29
4113,31
4114,10
4114,26
4114,30
4114,34
4114,36
4114,40
4115,21
4115,33
4115,35
4115,37
4115,38
4117,12
4117,14
4117,39
4119,35
4120,33
4120,38
4121,34
4122,22
4124,40
4126,38
4127,35
4128,33
4128,36
4128,37
4130,34
4133,38
4134,33
4134,35
4134,37
4135,36
4135,40
4140,35
4141,38
4141,40
4143,37
4145,33
4146,38
4146,40
4147,35
4148,37
4152,40
4153,35
4153,38
4154,34
4155,33
4155,37
4158,40
4161,33
4162,37
4162,38
4164,34
4164,35
4164,40
4168,38
4169,35
4170,40
4171,34
4172,33
4174,36
4174,38
4175,35
4176,40
4181,35
4182,33
4182,40
4183,37
4183,38
4185,36
4188,38
4189,34
4189,35
4189,40
4190,36
4195,38
4196,36
4197,40
4198,37
4199,35
4201,34
4203,33
4203,38
4204,36
4210,35
4211,33
4211,37
4212,40
4213,34
4213,36
4216,33
4217,35
4217,38
4219,33
4222,34
4223,33
4225,35
4226,2
4226,36
4226,37
4228,33
4228,40
4232,33
4233,35
4235,33
4236,40
4238,35
4239,33
4240,40
4241,34
4242,38
4243,26
4245,33
4246,40
4247,35
4249,34
4249,37
4251,33
4251,40
4252,38
4255,35
4258,38
4258,40
4259,34
4260,33
4260,37
4266,37
4266,40
4267,33
4267,34
4268,39
4269,7
4269,38
4270,35
4272,37
4276,35
4277,34
4277,36
4278,17
4278,37
4279,3
4279,32
4279,40
4280,16
4280,39
4281,20
4282,28
4282,33
4282,37
4282,38
4283,4
4283,6
4283,8
4283,22
4283,23
4283,30
4283,34
4283,35
4284,5
4284,11
4284,18
4284,21
4284,25
4284,26
4284,40
4285,2
4285,9
4285,14
4285,15
4285,27
4285,29
4285,31
4285,33
4285,37
4285,39
4286,1
4286,3
4286,4
4286,6
4286,7
4286,10
4286,12
4286,13
4286,16
4286,20
4286,22
4286,24
4286,34
4286,35
4286,36
4286,38
4287,8
4287,11
4287,17
4287,18
4287,19
4287,21
4287,23
4287,26
4287,28
4287,30
4287,32
4287,33
4287,37
4287,39
4287,40
4288,2
4288,3
4288,5
4288,9
4288,14
4288,15
4288,16
4288,22
4288,24
4288,25
4288,27
4288,34
4288,35
4288,36
4288,38
4289,1
4289,4
4289,6
4289,7
4289,10
4289,13
4289,20
4289,26
4289,29
4289,31
4289,33
4289,37
4289,39
4289,40
4290,8
4290,11
4290,12
4290,14
4290,17
4290,18
4290,21
4290,22
4290,23
4290,28
4290,30
4290,32
4290,34
4290,35
4290,38
4291,2
4291,9
4291,16
4291,19
4291,24
4291,25
4291,26
4291,27
4291,33
4291,36
4291,37
4291,39
4291,40
4292,3
4292,5
4292,10
4292,14
4292,15
4292,20
4292,22
4292,29
4292,30
4292,34
4292,35
4292,38
4293,1
4293,4
4293,7
4293,11
4293,13
4293,21
4293,31
4293,32
4293,37
4294,6
4294,12
4294,14
4294,18
4294,26
4294,28
4294,30
4294,33
4294,34
4294,35
4294,36
4294,38
4294,39
4294,40
4295,2
4295,8
4295,22
4295,23
4295,25
4295,37
4296,9
4296,17
4296,24
4297,33
4297,38
4297,39
4297,40
4298,16
4298,34
4298,35
4298,36
4298,37
4299,10
4300,26
4303,33
4303,37
4303,38
4305,36
4306,34
4308,40
4309,33
4310,37
4310,38
4313,33
4316,33
4316,38
4318,34
4319,37
4319,40
4320,33
4321,35
4322,38
4325,33
4326,34
4326,38
4327,35
4331,33
4331,35
4333,34
4333,38
4335,33
4335,40
4339,34
4339,38
4340,33
4341,35
4344,33
4344,40
4348,34
4349,37
4350,33
4350,40
4352,38
4354,33
4354,36
4356,35
4357,38
4359,33
4360,40
4363,34
4363,38
4366,33
4368,35
4370,38
4370,40
4372,33
4375,38
4376,34
4380,40
4382,35
4382,38
4384,33
4384,36
4385,37
4389,33
4389,34
4390,37
4393,38
4394,40
4395,35
4397,33
4397,37
4400,36
4401,33
4401,38
4402,35
4404,40
4406,35
4407,33
4410,33
4411,35
4412,40
4413,26
4414,33
4416,38
4417,35
4419,33
4421,34
4421,38
4422,2
4423,33
4423,40
4424,37
4426,36
4427,33
4429,40
4430,33
4430,34
4430,38
4434,33
4435,38
4436,37
4437,40
4438,33
4439,34
4441,38
4442,33
4446,35
4446,37
4447,40
4448,33
4449,38
4452,33
4453,37
4454,34
4457,33
4457,40
4458,3
4459,5
4459,37
4461,34
4461,38
4462,4
4462,35
4463,8
4463,33
4463,36
4463,37
4464,28
4464,30
4465,7
4467,16
4467,17
4467,26
4467,35
4467,37
4467,39
4467,40
4468,6
4468,15
4468,20
4468,27
4468,33
4469,9
4469,12
4469,13
4469,14
4469,23
4469,24
4469,25
4469,29
4469,34
4469,36
4469,38
4470,2
4470,11
4470,18
4470,21
4470,22
4470,26
4470,32
4470,37
4470,40
4471,1
4471,3
4471,5
4471,8
4471,10
4471,19
4471,28
4471,30
4471,31
4471,33
4471,34
4471,35
4471,38
4471,39
4472,4
4472,6
4472,7
4472,9
4472,14
4472,15
4472,16
4472,17
4472,20
4472,24
4472,25
4472,36
4472,37
4472,40
4473,2
4473,11
4473,13
4473,18
4473,21
4473,22
4473,23
4473,26
4473,27
4473,29
4473,32
4473,33
4473,34
4473,35
4473,38
4473,39
4474,3
4474,4
4474,5
4474,10
4474,12
4474,14
4474,28
4474,30
4474,31
4474,37
4474,40
4475,1
4475,2
4475,6
4475,7
4475,8
4475,9
4475,15
4475,16
4475,17
4475,19
4475,20
4475,22
4475,24
4475,25
4475,26
4475,33
4475,34
4475,36
4475,39
4476,11
4476,14
4476,18
4476,21
4476,23
4476,32
4476,35
4476,37
4476,38
4476,40
4477,3
4477,4
4477,10
4477,13
4477,22
4477,25
4477,26
4477,27
4477,28
4477,29
4477,30
4477,31
4477,33
4477,34
4477,36
4477,39
4478,2
4478,5
4478,7
4478,9
4478,12
4478,16
4478,20
4478,38
4479,1
4479,8
4479,14
4479,17
4479,21
4479,22
4479,24
4479,26
4479,33
4479,34
4479,35
4479,36
4479,37
4479,39
4479,40
4480,6
4480,11
4480,18
4480,19
4480,23
4480,25
4480,30
4480,38
4481,10
4481,32
4481,33
4482,26
4482,35
4482,36
4482,37
4482,38
4482,39
4482,40
4483,34
4486,37
4487,33
4488,35
4489,40
4492,35
4492,37
4493,33
4496,35
4496,40
4497,37
4501,40
4502,35
4502,37
4504,33
4504,36
4510,33
4510,35
4510,40
4511,36
4511,38
4513,37
4519,36
4519,38
4520,33
4520,37
4520,40
4521,35
4527,36
4528,33
4528,35
4528,38
4528,40
4529,37
4530,34
4534,33
4535,36
4536,40
4537,38
4539,37
4542,33
4544,40
4545,38
4546,33
4547,36
4547,37
4549,35
4549,40
4550,33
4554,33
4555,40
4559,33
4559,38
4563,40
4564,33
4565,37
4566,34
4566,35
4566,38
4569,33
4571,40
4572,38
4573,37
4574,33
4578,33
4578,38
4581,35
4583,38
4584,33
4585,34
4585,37
4585,40
4590,38
4591,33
4591,34
4592,40
4593,36
4593,37
4597,38
4599,33
4599,34
4601,37
4602,38
4603,35
4604,33
4605,40
4608,38
4610,33
4612,38
4612,40
4613,26
4613,34
4614,35
4615,33
4615,38
4619,38
4619,40
4621,33
4624,35
4624,38
4625,2
4627,22
4627,33
4628,34
4628,35
4628,40
4629,21
4629,30
4629,37
4631,26
4631,36
4632,33
4632,38
4632,39
4632,40
4633,35
4635,6
4636,33
4637,38
4637,40
4639,35
4640,3
4641,33
4642,34
4642,37
4642,38
4644,35
4645,40
4647,13
4648,26
4649,35
4649,38
4650,14
4650,33
4650,34
4651,16
4651,20
4651,31
4651,37
4652,17
4652,18
4652,25
4652,36
4653,2
4653,39
4653,40
4654,7
4654,9
4654,23
4654,27
4654,28
4654,33
4654,34
4654,35
4654,37
4654,38
4655,4
4655,5
4655,8
4655,10
4655,11
4655,19
4655,22
4655,24
4655,32
4656,12
4656,14
4656,15
4656,21
4656,40
4657,1
4657,3
4657,6
4657,7
4657,9
4657,16
4657,18
4657,20
4657,22
4657,25
4657,26
4657,28
4657,29
4657,30
4657,32
4657,33
4657,34
4657,35
4657,36
4657,37
4657,38
4657,39
4658,2
4658,4
4658,5
4658,8
4658,10
4658,11
4658,13
4658,17
4658,23
4658,24
4658,27
4658,31
4659,3
4659,9
4659,14
4659,15
4659,16
4659,18
4659,19
4659,20
4659,21
4659,22
4659,25
4659,26
4659,30
4659,33
4659,34
4659,35
4659,36
4659,37
4659,38
4659,39
4659,40
4660,1
4660,2
4660,6
4660,7
4660,10
4660,11
4660,12
4660,17
4660,24
4660,28
4660,29
4660,31
4660,32
4661,4
4661,5
4661,8
4661,13
4661,14
4661,22
4661,23
4661,26
4661,27
4661,33
4661,34
4661,35
4661,37
4661,38
4661,39
4661,40
4662,3
4662,7
4662,9
4662,10
4662,11
4662,15
4662,16
4662,18
4662,20
4662,21
4662,24
4662,25
4662,30
4662,32
4662,36
4663,1
4663,2
4663,12
4663,19
4663,26
4663,28
4663,29
4663,33
4663,34
4663,35
4663,37
4663,38
4663,39
4663,40
4664,4
4664,6
4664,8
4664,14
4664,17
4664,21
4664,22
4664,25
4664,30
4664,31
4664,36
4665,3
4665,9
4665,11
4665,15
4665,16
4665,18
4665,20
4665,23
4665,24
4666,5
4666,10
4666,13
4666,14
4666,22
4666,25
4666,26
4666,27
4666,32
4666,33
4666,34
4666,35
4666,36
4666,37
4666,38
4666,39
4666,40
4667,1
4667,2
4667,6
4667,7
4667,17
4667,21
4667,28
4667,29
4667,30
4668,4
4668,33
4668,37
4668,40
4669,12
4669,22
4669,26
4669,31
4669,34
4669,35
4669,36
4669,38
4669,39
4672,14
4672,33
4672,40
4673,37
4673,38
4675,34
4675,36
4677,33
4677,40
4679,38
4682,34
4682,35
4683,40
4685,33
4687,38
4690,33
4690,34
4690,40
4692,38
4696,33
4696,38
4697,36
4699,40
4700,38
4703,35
4704,38
4705,34
4706,37
4707,40
4708,36
4709,33
4711,38
4714,33
4718,33
4718,37
4719,38
4719,40
4720,35
4723,33
4724,38
4725,40
4729,37
4729,38
4731,33
4732,40
4734,35
4735,36
4739,33
4740,40
4741,35
4745,33
4745,40
4746,36
4750,33
4750,38
4753,36
4754,35
4754,40
4755,34
4756,33
4760,33
4763,40
4764,35
4764,37
4765,33
4766,36
4771,33
4771,35
4772,40
4773,36
4778,36
4779,35
4780,33
4780,37
4783,40
4788,36
4788,37
4789,38
4789,40
4791,26
4791,33
4791,39
4794,37
4795,40
4799,33
4800,37
4800,40
4801,38
4804,34
4805,35
4805,36
4806,33
4806,37
4807,40
4810,33
4811,37
4813,40
4814,33
4817,37
4818,40
4819,33
4819,35
4821,22
4822,28
4823,2
4823,33
4823,39
4823,40
4824,35
4824,38
4825,37
4826,7
4826,11
4827,16
4827,26
4827,40
4828,4
4828,33
4829,5
4829,37
4830,13
4830,20
4830,21
4830,30
4830,35
4830,38
4830,39
4831,3
4831,6
4831,8
4831,18
4831,19
4831,23
4831,24
4831,34
4831,40
4832,15
4832,26
4832,27
4832,33
4833,9
4833,10
4833,14
4833,17
4833,22
4833,25
4833,28
4833,29
4833,31
4833,32
4833,35
4833,36
4833,37
4833,38
4834,1
4834,2
4834,8
4834,11
4834,12
4834,16
4834,18
4834,20
4834,21
4834,30
4834,33
4834,34
4834,39
4834,40
4835,3
4835,4
4835,5
4835,6
4835,7
4835,13
4835,14
4835,22
4835,23
4835,26
4835,32
4835,35
4835,37
4835,38
4836,2
4836,9
4836,10
4836,15
4836,17
4836,24
4836,25
4836,28
4836,31
4836,33
4836,34
4836,36
4836,39
4836,40
4837,11
4837,14
4837,16
4837,18
4837,19
4837,20
4837,21
4837,22
4837,26
4837,27
4837,29
4837,30
4837,35
4837,37
4837,38
4838,1
4838,3
4838,4
4838,7
4838,8
4838,12
4838,13
4838,23
4838,32
4838,33
4838,34
4838,36
4838,39
4838,40
4839,2
4839,5
4839,6
4839,9
4839,14
4839,22
4839,24
4839,25
4839,26
4839,30
4839,35
4839,37
4839,38
4840,10
4840,11
4840,16
4840,17
4840,20
4840,21
4840,28
4840,31
4840,33
4840,34
4840,40
4841,15
4841,18
4841,22
4841,26
4841,35
4841,36
4841,37
4841,38
4841,39
4842,14
4842,25
4842,40
4843,4
4843,27
4843,30
4843,32
4843,33
4843,34
4844,3
4845,37
4845,38
4845,40
4846,33
4846,36
4846,39
4847,34
4847,35
4851,34
4851,38
4851,40
4853,36
4857,38
4858,33
4858,37
4858,40
4859,34
4859,35
4861,36
4865,38
4865,40
4866,34
4869,36
4871,35
4871,37
4871,38
4872,34
4872,40
4878,40
4880,34
4881,33
4881,38
4883,36
4884,40
4885,34
4886,37
4888,40
4889,38
4891,34
4894,40
4896,33
4896,34
4896,38
4899,37
4900,40
4902,34
4904,40
4906,35
4906,38
4907,37
4908,36
4911,35
4911,40
4913,34
4913,37
4917,33
4917,35
4917,40
4918,37
4921,34
4922,33
4922,38
4924,35
4924,37
4925,40
4926,39
4930,33
4930,40
4932,34
4934,38
4935,35
4935,37
4936,40
4940,33
4941,37
4942,34
4944,38
4944,40
4945,37
4948,35
4949,37
4952,33
4952,34
4952,38
4954,40
4955,39
4956,37
4961,38
4962,35
4963,33
4964,34
4964,37
4964,40
4965,30
4969,35
4969,38
4970,33
4973,37
4974,35
4974,40
4975,2
4977,34
4978,33
4979,38
4979,39
4980,36
4980,37
4981,35
4983,40
4986,35
4986,38
4987,34
4992,35
4992,38
4993,14
4994,34
4996,9
4996,35
4996,38
4997,26
4997,37
4999,40
5000,24
5000,33
5000,38
