12,2
12,4
13,3
13,8
13,9
14,1
14,5
14,6
14,7
15,10
23,9
29,10
41,10
44,9
51,9
56,10
58,9
66,10
68,9
72,8
73,6
74,10
76,7
79,3
80,9
81,10
82,2
82,5
84,4
94,9
97,1
100,10
101,9
110,9
115,10
116,9
122,9
123,10
130,9
132,10
136,9
141,10
150,9
152,8
154,6
155,10
156,4
157,7
158,9
159,3
160,5
162,10
165,2
165,9
169,10
173,9
177,1
177,10
184,10
186,9
193,9
194,10
203,9
207,10
209,6
211,9
212,4
214,8
214,10
221,9
224,10
233,5
233,10
235,9
237,7
238,3
239,2
240,10
241,1
242,9
248,10
250,9
259,10
262,9
273,10
274,8
276,9
279,10
282,9
284,4
289,10
290,9
291,6
295,9
297,10
302,9
308,10
309,9
313,3
316,9
322,7
322,10
323,5
325,9
329,8
329,10
333,2
334,9
335,10
341,1
341,9
346,10
350,9
355,10
361,9
363,3
366,6
367,10
369,4
375,5
375,10
380,9
389,9
390,10
393,8
395,9
400,7
403,9
403,10
409,9
411,10
415,9
420,10
422,3
422,9
429,9
429,10
431,4
436,10
445,9
445,10
447,1
449,6
454,8
455,2
456,5
457,10
458,9
468,7
468,10
470,9
474,10
477,9
480,10
483,9
486,10
491,9
492,10
498,3
499,10
500,9
508,10
510,4
517,9
520,6
521,10
523,9
524,8
528,9
529,1
531,5
533,10
535,7
538,9
548,2
552,9
553,10
558,9
565,10
566,9
571,9
574,3
577,9
581,6
582,10
584,9
591,8
591,9
592,4
594,10
599,9
605,9
608,10
614,9
619,7
620,1
621,9
623,10
624,2
624,3
627,9
629,5
630,10
640,9
640,10
649,6
650,10
652,4
653,9
657,8
659,10
663,9
672,9
678,10
685,5
686,9
690,10
695,9
703,10
704,7
705,8
707,3
710,9
712,10
713,4
724,1
724,6
724,10
728,9
740,2
740,10
745,9
749,10
761,5
762,9
762,10
766,3
768,9
774,9
774,10
776,8
781,7
781,9
788,9
789,4
790,10
791,1
795,9
800,6
805,9
805,10
814,10
820,3
821,9
823,2
827,9
830,8
831,5
832,10
834,9
841,9
846,10
851,9
858,10
860,9
862,1
862,4
865,10
873,9
878,7
878,10
884,6
885,8
886,9
893,3
894,10
896,9
904,2
907,9
910,10
914,9
920,5
920,10
924,9
931,10
936,9
942,6
942,9
947,10
948,9
951,1
954,9
955,4
955,10
956,8
960,9
965,9
966,7
970,3
970,10
971,9
975,9
981,9
985,10
986,9
993,9
998,10
1000,9
1010,5
1011,2
1011,10
1015,9
1018,8
1020,1
1020,6
1021,4
1023,9
1025,7
1025,10
1029,3
1032,9
1036,10
1042,9
1043,10
1051,9
1053,10
1061,9
1065,8
1070,9
1071,10
1084,6
1084,9
1085,5
1086,10
1090,3
1090,4
1091,2
1093,10
1094,9
1103,9
1112,1
1112,9
1116,10
1121,9
1124,10
1128,8
1130,9
1131,10
1132,7
1139,9
1139,10
1150,9
1151,10
1161,4
1161,6
1161,10
1166,5
1169,10
1171,9
1174,3
1177,9
1185,10
1187,9
1197,9
1197,10
1201,1
1203,9
1209,8
1209,10
1210,9
1212,7
1213,2
1217,9
1218,10
1219,4
1225,9
1229,10
1231,5
1235,3
1238,9
1245,9
1245,10
1247,6
1252,9
1254,10
1262,9
1270,10
1271,9
1279,9
1286,10
1287,1
1289,8
1292,9
1293,10
1299,4
1302,2
1302,9
1305,7
1306,10
1310,3
1311,9
1315,10
1320,6
1321,10
1322,5
1326,8
1330,9
1333,10
1341,10
1342,9
1343,1
1348,10
1352,9
1358,3
1359,10
1365,10
1367,9
1377,10
1382,4
1384,9
1384,10
1386,5
1389,10
1391,6
1391,7
1391,8
1394,10
1395,2
1399,9
1399,10
1406,9
1406,10
1413,9
1416,10
1421,9
1423,3
1423,10
1430,9
1430,10
1437,10
1440,1
1444,4
1446,10
1449,5
1452,9
1456,6
1456,8
1461,10
1462,7
1465,9
1467,10
1475,10
1476,9
1483,10
1489,9
1492,3
1494,10
1502,2
1502,9
1504,10
1507,4
1511,9
1511,10
1519,10
1520,1
1521,8
1522,9
1524,10
1533,10
1534,9
1537,5
1542,3
1544,6
1544,9
1546,7
1547,10
1554,8
1554,10
1557,9
1562,2
1563,10
1566,9
1570,10
1573,9
1579,10
1581,9
1583,4
1591,9
1595,10
1599,1
1603,9
1606,10
1608,5
1612,8
1613,6
1616,9
1622,10
1623,3
1625,4
1626,7
1626,9
1635,10
1641,2
1645,9
1646,10
1656,9
1667,10
1668,9
1677,1
1681,3
1682,9
1683,10
1684,6
1687,5
1691,8
1691,9
1692,7
1695,10
1697,4
1698,9
1705,9
1705,10
1711,9
1713,10
1719,9
1720,10
1725,10
1730,9
1736,10
1741,9
1752,2
1752,9
1755,1
1755,3
1755,10
1759,8
1760,9
1764,5
1764,6
1764,10
1766,4
1769,7
1771,9
1772,10
1781,10
1789,10
1792,9
1800,9
1801,10
1808,9
1811,10
1813,8
1815,9
1817,10
1818,3
1822,9
1824,10
1829,9
1831,10
1833,4
1836,9
1837,10
1841,9
1842,6
1847,7
1847,9
1848,1
1848,5
1848,10
1850,2
1853,9
1853,10
1854,3
1858,10
1865,9
1866,10
1874,9
1875,10
1883,10
1887,9
1888,8
1893,10
1894,9
1899,10
1904,9
1905,4
1907,10
1915,10
1916,5
1916,9
1920,2
1922,6
1924,7
1925,3
1927,9
1929,10
1934,9
1941,8
1944,1
1945,9
1945,10
1954,9
1960,10
1967,9
1967,10
1973,10
1977,9
1984,10
1985,3
1989,9
1991,4
1992,6
1995,2
1998,7
1999,10
2003,5
2003,9
2004,8
2012,10
2019,9
2019,10
2025,1
2029,9
2029,10
2037,10
2044,10
2050,9
2052,3
2055,8
2055,10
2056,6
2056,9
2059,4
2062,10
2065,9
2068,5
2071,9
2073,7
2073,10
2074,2
2078,9
2079,8
2080,10
2089,9
2098,10
2104,9
2106,1
2106,10
2115,10
2118,3
2119,9
2131,5
2131,9
2132,10
2138,4
2145,9
2148,2
2150,10
2153,9
2155,8
2158,7
2160,6
2161,10
2163,3
2167,1
2168,9
2170,10
2176,9
2182,10
2186,9
2193,10
2199,9
2201,10
2207,5
2208,10
2211,9
2217,10
2222,4
2222,8
2224,9
2227,10
2229,7
2230,2
2232,3
2232,9
2234,10
2237,9
2244,6
2244,9
2244,10
2248,9
2253,9
2257,10
2259,9
2266,1
2268,9
2269,10
2273,5
2273,9
2275,10
2281,9
2281,10
2288,10
2290,9
2291,3
2296,8
2296,10
2297,4
2299,9
2302,6
2305,10
2311,9
2312,10
2319,10
2325,9
2330,10
2337,9
2342,1
2343,7
2344,10
2345,3
2349,8
2351,2
2351,10
2352,9
2353,5
2354,4
2358,10
2364,10
2368,9
2373,10
2381,10
2386,9
2390,6
2395,10
2396,9
2404,10
2412,9
2412,10
2413,7
2420,3
2420,8
2420,9
2423,10
2424,1
2426,9
2428,2
2428,4
2429,10
2432,9
2436,5
2439,10
2441,9
2447,10
2448,9
2456,6
2456,9
2457,10
2464,9
2467,10
2470,9
2477,9
2482,10
2483,9
2490,3
2491,10
2493,9
2496,8
2499,9
2500,10
2502,7
2504,4
2506,9
2507,2
2507,6
2508,10
2512,9
2513,5
2518,10
2522,8
2522,9
2524,3
2526,1
2529,10
2537,9
2540,10
2548,9
2551,10
2565,9
2570,10
2572,7
2574,6
2576,9
2578,4
2578,8
2578,10
2582,9
2587,10
2589,9
2596,9
2597,10
2600,2
2604,9
2606,5
2606,10
2609,3
2612,9
2614,1
2619,9
2620,10
2625,9
2632,9
2636,8
2640,10
2641,4
2641,9
2648,10
2655,9
2661,6
2662,10
2666,5
2669,9
2671,3
2672,1
2673,7
2675,10
2676,2
2677,9
2681,10
2686,9
2688,10
2697,9
2698,10
2707,8
2709,10
2710,9
2712,4
2723,3
2723,6
2723,10
2728,9
2735,10
2744,1
2746,9
2747,10
2749,7
2751,9
2755,10
2757,2
2760,4
2760,9
2761,5
2762,8
2767,10
2769,9
2778,9
2782,10
2788,9
2795,9
2795,10
2801,9
2807,10
2809,3
2811,9
2812,6
2818,5
2818,8
2821,9
2822,7
2822,10
2829,4
2829,9
2830,2
2831,1
2833,10
2838,9
2844,10
2855,9
2856,10
2870,9
2871,3
2873,10
2878,9
2881,6
2883,10
2887,8
2891,7
2891,10
2894,9
2900,9
2901,4
2901,5
2913,1
2914,9
2918,10
2924,9
2924,10
2932,9
2933,10
2939,9
2940,3
2942,8
2943,10
2946,2
2949,6
2951,9
2952,4
2952,10
2957,10
2963,10
2965,9
2971,9
2972,7
2972,10
2978,9
2991,5
2992,9
2994,10
2997,1
3001,10
3002,9
3003,3
3009,9
3012,10
3021,8
3021,9
3021,10
3027,10
3032,4
3035,9
3039,10
3042,6
3045,2
3048,7
3050,9
3051,3
3051,8
3051,10
3054,1
3056,9
3057,10
3064,9
3065,10
3066,5
3073,9
3077,10
3086,9
3086,10
3093,4
3095,10
3096,9
3104,9
3104,10
3116,6
3116,10
3121,1
3121,9
3126,3
3126,9
3127,8
3128,7
3128,10
3129,5
3132,2
3132,9
3136,10
3142,9
3146,10
3150,9
3160,10
3164,9
3170,10
3173,9
3176,3
3177,4
3180,9
3180,10
3182,8
3187,10
3191,6
3195,9
3199,7
3200,9
3200,10
3204,5
3210,9
3212,10
3220,9
3221,1
3225,10
3234,10
3240,9
3242,10
3244,8
3247,2
3249,9
3250,10
3251,4
3254,8
3256,9
3256,10
3261,3
3263,10
3265,9
3266,6
3271,10
3277,1
3277,9
3280,10
3285,5
3289,10
3290,9
3298,7
3299,9
3300,10
3307,9
3312,10
3315,9
3319,10
3323,3
3323,9
3329,8
3329,10
3333,4
3333,9
3340,9
3340,10
3344,6
3346,10
3354,5
3356,10
3357,1
3360,2
3362,9
3362,10
3373,10
3377,7
3378,9
3382,8
3382,10
3386,9
3389,4
3389,10
3395,9
3396,10
3403,3
3403,9
3403,10
3408,6
3409,9
3414,10
3416,1
3418,9
3420,10
3426,9
3434,9
3439,10
3440,9
3445,9
3449,10
3450,5
3455,3
3455,4
3455,8
3455,9
3457,10
3458,2
3460,7
3461,9
3462,6
3464,10
3469,9
3471,10
3477,10
3485,10
3489,1
3490,9
3492,10
3499,10
3504,9
3506,8
3509,10
3515,4
3520,9
3520,10
3527,9
3534,10
3537,9
3539,5
3545,3
3547,2
3547,6
3548,9
3549,10
3551,8
3552,7
3557,10
3558,9
3564,10
3573,1
3573,9
3578,10
3583,4
3590,10
3592,9
3598,10
3603,3
3603,9
3604,5
3605,10
3614,10
3617,9
3621,6
3621,10
3625,9
3627,10
3628,8
3632,10
3633,9
3640,7
3642,10
3643,9
3644,4
3646,2
3648,10
3650,9
3656,5
3662,10
3664,3
3667,1
3669,9
3673,10
3679,6
3685,8
3688,10
3690,9
3703,9
3703,10
3710,2
3712,10
3716,9
3720,4
3720,10
3725,7
3728,10
3731,1
3732,9
3733,3
3736,10
3738,9
3744,9
3750,9
3755,10
3761,5
3762,9
3763,10
3767,8
3768,6
3769,10
3772,9
3776,2
3776,10
3779,9
3783,10
3787,9
3788,10
3790,4
3794,10
3795,3
3797,9
3801,10
3810,10
3812,9
3815,10
3816,1
3818,7
3820,10
3821,5
3824,3
3824,9
3825,8
3827,10
3834,6
3837,10
3839,9
3847,10
3855,9
3859,10
3863,9
3866,10
3873,9
3874,10
3875,2
3878,4
3880,9
3883,8
3884,10
3888,1
3889,7
3889,9
3892,10
3896,3
3898,9
3904,9
3904,10
3907,5
3911,9
3913,6
3917,9
3918,10
3924,9
3933,9
3935,10
3938,9
3943,9
3947,4
3955,9
3956,10
3957,8
3961,7
3964,9
3965,10
3971,9
3973,1
3973,2
3974,3
3975,10
3977,9
3979,5
3984,6
3985,10
3987,9
3993,10
3998,10
3999,9
4005,4
4006,10
4011,9
4013,10
4019,10
4020,9
4026,8
4027,9
4028,10
4034,9
4039,10
4043,3
4044,9
4052,10
4055,5
4058,6
4059,1
4059,2
4059,10
4060,9
4062,7
4062,8
4064,10
4066,4
4068,9
4076,9
4076,10
4087,9
4087,10
4094,9
4100,10
4101,9
4106,3
4108,10
4109,9
4113,6
4114,9
4118,9
4118,10
4120,7
4123,9
4127,8
4129,9
4130,4
4133,5
4134,9
4137,10
4138,2
4139,9
4145,10
4147,9
4154,1
4156,10
4157,9
4163,9
4164,3
4167,10
4169,9
4177,10
4179,9
4185,10
4188,9
4193,10
4196,9
4202,10
4207,6
4207,9
4209,8
4210,10
4215,10
4217,9
4218,4
4218,5
4219,7
4221,10
4223,3
4228,9
4235,10
4236,9
4240,1
4242,2
4244,9
4245,10
4251,9
4258,10
4265,9
4265,10
4268,7
4273,10
4276,9
4277,4
4281,10
4290,10
4292,8
4293,6
4293,9
4295,3
4301,5
4301,9
4301,10
4315,10
4316,2
4317,9
4324,10
4327,9
4332,4
4332,10
4334,9
4339,10
4341,1
4345,9
4347,5
4348,8
4348,10
4354,7
4355,9
4356,10
4358,3
4362,9
4364,6
4365,10
4375,9
4377,10
4387,9
4389,10
4397,10
4402,1
4406,9
4407,5
4407,10
4409,3
4414,2
4414,6
4414,10
4416,8
4416,9
4418,4
4421,10
4424,9
4432,10
4434,7
4437,9
4444,10
4446,9
4456,9
4458,10
4476,9
4477,1
4478,2
4481,8
4483,10
4484,5
4487,9
4488,3
4488,4
4489,10
4492,9
4493,6
4496,10
4497,9
4504,9
4504,10
4512,9
4513,10
4519,9
4522,10
4524,7
4526,9
4531,10
4533,9
4539,10
4541,9
4551,1
4551,9
4555,8
4558,10
4559,2
4560,9
4562,3
4562,5
4563,4
4567,9
4571,6
4575,10
4576,9
4582,9
4588,9
4591,10
4594,9
4601,9
4606,10
4610,9
4613,7
4616,9
4617,10
4623,9
4629,3
4629,5
4630,8
4631,9
4634,2
4634,10
4638,4
4639,1
4639,9
4651,6
4651,9
4658,9
4659,10
4671,9
4671,10
4677,9
4682,10
4683,9
4689,10
4690,9
4691,7
4691,8
4697,10
4698,3
4698,9
4706,4
4706,6
4706,9
4706,10
4715,5
4716,9
4718,10
4722,1
4728,10
4730,8
4730,9
4738,2
4742,9
4743,10
4748,9
4753,10
4755,9
4762,9
4764,10
4765,4
4767,9
4771,3
4773,9
4779,6
4780,9
4781,7
4783,5
4783,10
4784,8
4786,9
4792,9
4798,10
4801,9
4807,10
4808,9
4814,9
4815,10
4821,9
4823,10
4829,9
4831,10
4834,3
4835,9
4837,10
4841,1
4844,10
4845,9
4847,2
4849,10
4850,8
4852,4
4852,7
4854,10
4855,9
4856,6
4858,10
4863,10
4864,5
4869,9
4869,10
4876,10
4883,10
4888,9
4890,10
4898,10
4903,3
4904,9
4907,10
4910,8
4913,10
4916,9
4923,10
4930,2
4930,4
4931,9
4932,1
4934,5
4934,10
4935,7
4940,6
4941,9
4942,10
4956,9
4958,10
4962,9
4968,3
4969,9
4973,10
4978,9
4980,8
4983,10
4990,10
4991,9
4993,4
4999,10
