10,6
11,5
11,9
12,2
12,7
13,1
13,10
14,8
15,4
16,3
18,9
18,10
22,2
26,10
27,9
31,10
33,9
36,10
38,9
40,10
44,9
44,10
49,10
52,4
52,9
56,10
59,9
61,10
66,10
67,9
73,10
74,2
77,9
80,10
87,10
88,1
88,9
92,6
92,10
94,5
94,7
94,8
96,9
96,10
99,2
99,4
100,9
105,9
105,10
109,9
109,10
113,9
114,10
117,9
121,9
121,10
125,9
128,10
129,4
129,9
134,10
135,9
141,9
143,10
146,9
152,9
153,2
154,10
156,8
158,9
158,10
160,1
161,6
162,3
162,10
163,9
166,4
167,9
167,10
171,5
171,9
174,10
175,9
180,10
181,9
187,9
189,10
192,7
192,9
197,9
197,10
198,2
200,4
201,9
204,10
207,9
212,4
212,9
212,10
218,10
220,9
227,9
227,10
231,1
233,10
235,9
236,10
237,8
240,10
242,9
245,10
249,9
250,2
250,10
254,9
254,10
258,10
259,9
260,5
262,10
265,4
265,9
266,10
268,6
268,9
271,10
272,9
275,10
276,9
278,10
280,9
282,10
285,10
286,9
289,10
293,9
294,10
299,9
300,10
301,3
304,10
305,9
308,2
309,4
309,9
309,10
311,8
313,9
314,10
316,1
318,9
321,10
323,9
328,9
330,10
332,7
334,9
338,9
341,9
341,10
345,9
346,10
347,5
347,6
350,9
350,10
354,10
355,9
356,2
358,10
359,9
363,10
364,9
371,10
372,9
377,10
378,9
381,4
384,9
384,10
385,1
389,5
391,9
391,10
393,4
394,8
396,9
397,3
398,10
399,9
401,2
403,9
406,9
407,10
410,9
412,10
413,9
417,9
418,10
422,9
425,10
427,9
432,10
434,6
434,9
436,2
439,9
439,10
442,4
444,2
446,7
446,10
447,9
451,1
453,9
455,10
459,10
460,5
460,9
467,9
467,10
468,8
473,9
473,10
479,9
483,10
484,3
484,4
484,9
488,2
489,10
491,9
496,9
497,10
501,9
502,10
507,10
508,6
508,9
511,10
514,9
516,10
521,9
521,10
525,1
529,9
529,10
533,10
534,9
538,4
539,10
541,9
542,7
543,10
545,2
547,9
547,10
548,8
550,10
552,9
553,10
557,10
559,9
560,5
561,10
565,9
565,10
569,10
571,9
574,10
576,9
580,9
581,10
584,9
589,4
589,9
591,10
592,2
595,9
597,10
598,3
599,9
604,9
606,10
608,9
610,1
614,9
614,10
618,9
621,9
622,6
624,5
624,9
628,9
628,10
630,7
632,9
633,10
634,4
636,9
638,2
638,8
639,10
640,9
644,9
646,10
650,9
654,9
655,10
657,9
661,9
664,10
665,9
668,4
673,9
675,1
677,2
677,10
678,5
679,9
684,10
687,9
690,10
694,9
695,10
699,9
702,10
703,9
706,4
709,9
709,10
711,6
714,8
714,9
715,10
717,2
718,9
721,4
723,9
724,10
725,3
730,9
731,10
733,7
735,10
740,9
740,10
743,2
746,10
748,9
751,1
755,9
755,10
757,4
761,9
761,10
765,9
768,5
770,9
770,10
774,9
778,9
781,10
784,9
787,2
788,9
789,10
790,4
792,9
795,9
796,8
798,9
801,6
801,10
802,9
806,10
808,9
812,9
812,10
816,9
820,9
820,10
824,5
826,9
826,10
828,1
831,10
832,9
833,7
838,9
839,10
842,9
843,4
844,10
846,9
847,2
850,10
852,9
857,9
857,10
864,9
864,10
869,8
869,10
871,3
871,9
873,10
876,9
880,10
884,6
885,9
888,4
888,10
891,2
891,9
892,10
897,10
901,9
901,10
905,10
908,9
909,10
914,9
914,10
915,1
918,5
918,9
918,10
922,9
922,10
927,10
929,9
934,9
934,10
938,4
939,7
939,10
942,6
942,9
942,10
943,2
946,8
946,10
948,1
949,9
950,10
953,10
956,9
957,10
961,9
961,10
966,10
968,9
973,10
976,9
977,10
982,10
984,4
986,9
988,10
991,2
991,3
991,9
994,5
994,10
997,9
997,10
1002,9
1002,10
1006,9
1009,10
1010,9
1013,10
1015,9
1017,10
1021,10
1022,9
1028,10
1029,8
1029,9
1031,1
1032,2
1033,4
1033,10
1034,9
1036,6
1039,10
1040,9
1042,2
1043,7
1044,10
1046,9
1052,9
1052,10
1054,4
1057,5
1059,9
1062,10
1068,10
1069,9
1072,10
1074,9
1076,10
1079,9
1081,4
1082,10
1085,9
1089,10
1091,9
1095,3
1096,9
1098,10
1101,4
1102,9
1103,10
1105,2
1108,10
1110,9
1111,6
1114,9
1115,1
1115,8
1115,10
1119,9
1119,10
1124,10
1126,9
1129,10
1131,9
1135,9
1137,10
1139,9
1144,9
1148,10
1149,5
1151,9
1152,2
1154,4
1157,10
1159,7
1159,9
1163,10
1164,9
1169,9
1176,9
1178,10
1181,9
1182,1
1184,10
1185,9
1190,9
1192,10
1196,9
1199,10
1202,9
1208,10
1209,9
1213,8
1214,9
1215,6
1217,5
1218,9
1219,10
1220,1
1222,2
1222,4
1222,9
1226,9
1228,10
1230,9
1234,4
1235,3
1235,9
1237,10
1240,9
1242,10
1245,9
1247,4
1250,9
1250,10
1251,2
1255,9
1259,10
1261,7
1262,9
1266,10
1270,9
1276,10
1282,9
1284,10
1290,9
1292,10
1293,5
1293,6
1294,9
1296,10
1298,8
1299,4
1300,2
1300,9
1301,10
1303,1
1305,9
1307,10
1309,9
1312,9
1312,10
1316,9
1319,10
1320,9
1325,9
1326,10
1328,3
1330,10
1331,9
1335,10
1337,9
1341,10
1343,9
1347,4
1347,10
1351,9
1351,10
1352,2
1356,10
1358,9
1359,10
1363,10
1365,9
1366,10
1370,10
1372,9
1373,10
1376,9
1376,10
1380,10
1382,4
1384,9
1384,10
1385,2
1386,6
1386,7
1388,9
1388,10
1393,8
1393,9
1394,10
1395,5
1396,1
1397,9
1400,10
1401,4
1401,9
1406,10
1407,9
1410,9
1414,10
1415,9
1419,9
1422,9
1424,10
1426,9
1431,9
1436,9
1436,10
1443,2
1444,9
1445,10
1446,3
1448,8
1448,9
1449,4
1450,10
1452,1
1453,9
1459,7
1459,9
1462,10
1464,9
1466,6
1467,5
1469,10
1470,9
1475,9
1476,4
1477,10
1479,9
1484,9
1486,10
1489,9
1492,10
1493,9
1498,9
1498,10
1502,9
1502,10
1508,9
1508,10
1513,2
1513,10
1514,9
1519,9
1519,10
1526,9
1527,10
1528,1
1533,10
1535,9
1540,7
1541,8
1542,3
1542,4
1543,5
1543,10
1544,9
1545,6
1547,2
1549,10
1550,9
1555,9
1558,10
1562,9
1564,10
1567,9
1570,10
1573,9
1577,10
1582,9
1582,10
1587,1
1587,10
1588,9
1589,2
1593,10
1594,9
1596,4
1598,10
1600,2
1601,8
1602,10
1603,9
1607,9
1608,10
1611,9
1617,10
1618,9
1621,5
1623,10
1624,9
1628,10
1629,6
1629,9
1632,10
1634,9
1637,10
1641,10
1642,9
1644,10
1648,10
1649,9
1651,10
1655,2
1655,10
1656,9
1659,10
1663,9
1663,10
1664,4
1667,2
1667,10
1669,9
1671,7
1671,10
1673,9
1674,10
1676,9
1677,8
1677,10
1679,9
1681,10
1684,9
1684,10
1687,9
1688,10
1691,9
1692,10
1696,9
1697,10
1703,9
1704,10
1708,9
1709,10
1710,5
1713,2
1713,3
1713,10
1714,6
1714,9
1716,4
1717,10
1719,9
1722,2
1722,10
1724,1
1726,9
1726,10
1730,8
1731,9
1732,10
1737,9
1743,9
1743,10
1749,9
1754,4
1754,10
1758,9
1764,9
1765,10
1769,1
1770,9
1773,7
1773,10
1776,2
1776,4
1777,9
1777,10
1778,5
1782,9
1782,10
1787,9
1788,4
1788,10
1792,9
1795,10
1797,9
1804,10
1808,3
1808,6
1808,9
1809,10
1810,8
1814,9
1814,10
1819,2
1820,9
1821,10
1827,9
1827,10
1832,9
1834,10
1836,9
1840,9
1843,9
1843,10
1846,9
1848,4
1849,9
1852,5
1853,1
1853,9
1854,10
1857,9
1859,7
1861,9
1861,10
1866,9
1868,10
1869,2
1872,9
1874,10
1880,9
1882,10
1889,9
1889,10
1891,4
1894,6
1895,8
1895,9
1896,10
1897,2
1899,9
1900,10
1902,3
1903,1
1904,9
1905,10
1910,9
1910,10
1917,9
1918,10
1923,9
1925,10
1928,9
1929,5
1932,10
1933,9
1938,9
1943,10
1945,9
1947,2
1947,4
1948,10
1953,9
1955,10
1956,8
1961,10
1962,9
1964,4
1966,7
1966,10
1967,6
1968,2
1968,9
1970,1
1970,10
1973,9
1975,10
1978,9
1980,10
1981,9
1985,9
1987,10
1989,9
1994,9
1995,10
2000,9
2003,10
2006,9
2007,10
2012,10
2013,3
2017,4
2017,5
2017,9
2017,10
2019,8
2023,9
2023,10
2025,2
2028,10
2030,9
2033,2
2035,10
2039,1
2039,9
2045,4
2046,9
2047,10
2051,9
2051,10
2057,9
2057,10
2062,6
2062,9
2063,10
2067,9
2074,4
2074,9
2075,7
2075,10
2079,9
2081,2
2083,5
2083,10
2084,9
2086,8
2088,9
2088,10
2095,9
2098,10
2101,1
2101,9
2110,4
2110,9
2112,3
2112,10
2116,2
2117,9
2122,10
2126,9
2130,10
2132,9
2138,10
2141,9
2145,10
2151,9
2151,10
2158,9
2158,10
2162,2
2162,5
2162,6
2164,10
2165,1
2165,9
2166,4
2166,8
2169,7
2173,10
2174,2
2174,9
2175,4
2179,9
2179,10
2186,9
2187,10
2193,9
2194,10
2199,9
2201,10
2202,4
2205,9
2205,10
2212,9
2212,10
2219,3
2219,9
2220,10
2224,10
2226,5
2226,9
2229,10
2234,9
2235,10
2240,10
2241,6
2244,10
2245,8
2245,9
2249,10
2251,1
2252,4
2253,2
2253,9
2255,10
2258,7
2261,9
2262,10
2266,9
2271,10
2273,9
2279,9
2280,10
2282,4
2287,5
2287,9
2287,10
2288,1
2291,10
2293,9
2296,10
2298,2
2300,10
2301,9
2304,10
2307,9
2307,10
2311,10
2315,9
2315,10
2321,10
2322,9
2330,9
2331,2
2331,10
2334,3
2336,9
2337,4
2339,8
2339,10
2340,2
2340,5
2342,6
2342,9
2343,10
2344,1
2346,9
2347,10
2350,9
2350,10
2354,10
2356,9
2358,10
2359,9
2363,9
2363,10
2368,9
2370,10
2371,9
2375,9
2377,10
2380,9
2384,10
2386,7
2386,9
2390,4
2391,10
2392,9
2398,2
2399,1
2399,10
2400,9
2404,10
2406,8
2407,9
2407,10
2411,10
2414,9
2416,10
2421,9
2421,10
2427,5
2427,10
2430,6
2430,9
2431,10
2435,9
2438,2
2438,10
2441,9
2447,4
2447,9
2451,10
2455,9
2455,10
2461,10
2465,9
2466,10
2471,3
2472,10
2475,7
2476,2
2476,8
2477,5
2477,9
2477,10
2478,4
2481,9
2483,1
2483,6
2483,10
2484,9
2488,9
2488,10
2493,9
2493,10
2498,9
2498,10
2505,9
2505,10
2509,9
2512,10
2515,9
2518,10
2519,9
2524,9
2526,2
2528,9
2531,9
2531,10
2535,9
2537,4
2540,9
2542,1
2545,9
2546,7
2547,4
2547,10
2550,9
2551,5
2554,8
2555,9
2556,10
2563,9
2564,10
2568,9
2573,9
2573,10
2577,3
2580,9
2580,10
2581,6
2584,9
2585,2
2586,4
2586,10
2590,9
2592,10
2596,9
2599,10
2604,9
2606,10
2608,9
2610,10
2613,9
2616,10
2618,5
2618,9
2620,10
2624,9
2624,10
2626,1
2627,8
2629,10
2630,9
2636,10
2638,9
2640,4
2642,9
2644,7
2645,2
2645,10
2647,9
2650,9
2654,9
2655,10
2659,9
2662,10
2663,9
2667,9
2671,10
2672,9
2677,9
2679,10
2682,9
2683,4
2683,10
2684,2
2684,5
2688,9
2688,10
2689,6
2690,8
2692,10
2693,9
2696,1
2698,9
2698,10
2703,9
2703,10
2708,9
2708,10
2713,9
2715,10
2717,3
2719,9
2719,10
2723,9
2724,10
2727,9
2731,9
2731,10
2735,10
2737,4
2737,9
2740,10
2743,9
2744,2
2746,10
2748,9
2751,9
2752,2
2753,10
2755,9
2759,7
2759,9
2761,10
2764,9
2767,10
2768,4
2769,5
2770,9
2771,10
2772,6
2775,10
2776,9
2777,8
2779,10
2781,9
2785,10
2787,9
2794,10
2797,1
2797,9
2800,3
2800,10
2802,4
2806,10
2807,9
2810,2
2813,10
2815,9
2816,5
2820,10
2824,9
2824,10
2826,8
2827,2
2828,9
2829,10
2834,10
2835,9
2841,9
2841,10
2845,7
2847,9
2848,10
2852,4
2854,9
2855,1
2858,6
2858,10
2859,4
2859,9
2862,10
2864,2
2867,9
2867,10
2873,10
2874,9
2881,10
2882,9
2889,10
2891,9
2898,3
2899,10
2900,5
2900,9
2905,2
2906,10
2908,9
2909,8
2910,4
2911,1
2913,10
2916,6
2916,9
2919,9
2920,10
2924,9
2925,10
2930,10
2931,9
2936,10
2937,9
2940,10
2944,10
2945,9
2948,2
2950,10
2953,9
2955,10
2960,9
2962,7
2962,10
2963,5
2965,10
2966,9
2968,4
2970,10
2972,9
2976,10
2979,9
2980,8
2981,10
2984,6
2985,1
2986,9
2986,10
2990,4
2992,9
2995,10
2997,2
2998,9
3000,10
3005,9
3006,10
3012,9
3014,2
3015,3
3015,10
3019,9
3022,10
3024,9
3030,10
3032,9
3034,10
3036,9
3038,8
3039,10
3040,9
3042,4
3042,5
3044,9
3044,10
3046,1
3047,2
3049,9
3051,10
3052,9
3056,9
3060,10
3062,9
3066,10
3067,9
3069,7
3071,9
3072,10
3075,6
3075,9
3079,9
3080,10
3082,9
3084,10
3086,9
3089,10
3090,9
3094,9
3094,10
3098,10
3099,2
3100,9
3102,10
3106,10
3108,9
3109,4
3112,10
3113,1
3114,5
3115,9
3118,10
3120,9
3121,4
3124,10
3125,9
3127,3
3129,10
3131,8
3131,9
3132,10
3134,2
3134,9
3136,10
3138,9
3140,10
3142,9
3146,9
3147,10
3151,9
3152,10
3156,9
3157,10
3161,10
3162,9
3168,10
3171,9
3172,10
3176,4
3176,9
3179,10
3182,1
3182,9
3183,6
3184,10
3185,9
3188,2
3189,10
3190,7
3190,9
3192,5
3192,8
3193,9
3194,10
3196,4
3197,9
3199,10
3201,9
3205,10
3206,9
3213,9
3216,10
3217,9
3220,9
3224,9
3225,10
3228,9
3233,9
3235,10
3239,1
3239,9
3239,10
3245,10
3247,2
3247,9
3252,9
3252,10
3257,10
3259,3
3259,9
3262,10
3264,9
3265,4
3267,10
3268,8
3269,5
3270,2
3270,6
3271,9
3272,10
3275,9
3278,9
3279,10
3282,9
3283,10
3286,9
3289,10
3291,9
3296,9
3298,10
3303,9
3303,10
3307,2
3307,4
3308,10
3311,9
3312,8
3313,10
3315,9
3316,1
3319,10
3320,9
3323,9
3325,10
3327,9
3329,7
3329,10
3332,9
3332,10
3336,9
3337,10
3343,9
3343,10
3347,6
3347,10
3348,9
3351,2
3351,10
3354,9
3355,10
3359,10
3361,9
3363,10
3368,10
3371,3
3371,10
3373,2
3375,5
3375,9
3375,10
3376,4
3378,9
3379,10
3383,9
3385,8
3385,10
3387,9
3391,9
3391,10
3395,9
3399,9
3404,4
3405,9
3406,10
3410,9
3412,10
3413,7
3415,9
3418,10
3419,1
3420,9
3422,10
3426,2
3426,9
3426,10
3431,10
3433,9
3438,9
3440,10
3444,9
3445,5
3446,4
3450,9
3450,10
3451,6
3451,8
3454,1
3455,9
3455,10
3456,2
3457,3
3459,10
3464,9
3464,10
3469,9
3471,10
3475,9
3479,10
3482,9
3485,10
3488,9
3490,10
3497,10
3499,9
3501,1
3503,10
3504,9
3505,4
3508,10
3510,9
3511,2
3512,5
3512,7
3514,10
3516,4
3516,9
3517,8
3518,10
3523,10
3528,9
3530,10
3534,9
3534,10
3535,2
3539,10
3541,9
3543,6
3547,10
3549,9
3551,3
3555,10
3557,9
3565,9
3568,10
3573,5
3573,9
3573,10
3578,9
3581,10
3582,4
3582,9
3586,10
3587,2
3587,9
3591,10
3592,9
3595,8
3597,10
3598,9
3604,9
3604,10
3609,10
3610,9
3613,1
3614,9
3614,10
3619,7
3620,9
3620,10
3621,4
3623,6
3624,9
3624,10
3627,2
3628,4
3628,9
3628,10
3631,9
3632,10
3635,9
3637,10
3640,9
3642,10
3645,9
3649,10
3652,9
3656,9
3658,5
3660,9
3660,10
3666,9
3667,4
3668,10
3672,9
3674,10
3676,9
3679,1
3680,2
3680,9
3683,3
3683,10
3685,8
3685,9
3688,4
3690,9
3690,10
3694,6
3696,9
3698,7
3698,10
3702,10
3705,9
3710,10
3711,9
3718,10
3720,9
3722,10
3727,10
3728,2
3729,9
3733,10
3737,10
3738,9
3742,9
3742,10
3747,9
3748,10
3753,9
3756,10
3757,5
3759,4
3760,9
3761,8
3761,10
3762,1
3764,9
3765,10
3769,10
3770,3
3771,9
3773,2
3774,10
3775,9
3781,9
3781,10
3785,4
3786,9
3787,10
3789,6
3789,9
3793,10
3794,9
3797,7
3798,9
3799,10
3802,2
3802,9
3805,9
3806,10
3809,10
3810,9
3814,9
3814,10
3815,8
3818,10
3819,9
3827,10
3828,9
3829,5
3830,1
3832,10
3833,9
3836,10
3838,4
3839,10
3843,9
3843,10
3847,2
3849,10
3854,10
3857,9
3862,10
3866,4
3866,6
3867,10
3868,9
3871,7
3873,8
3874,9
3875,10
3877,2
3879,3
3882,10
3885,1
3887,9
3889,10
3896,9
3899,10
3903,10
3905,9
3907,10
3913,9
3913,10
3916,5
3919,9
3919,10
3920,4
3925,9
3926,10
3928,2
3931,9
3935,9
3935,10
3938,9
3941,10
3942,9
3947,9
3950,10
3954,9
3956,1
3956,8
3957,9
3957,10
3959,6
3960,4
3961,9
3961,10
3967,9
3967,10
3968,2
3971,10
3973,9
3976,10
3979,9
3982,10
3987,10
3988,9
3989,5
3991,10
3993,9
3995,10
4000,10
4004,7
4005,10
4006,2
4008,9
4010,10
4014,10
4015,8
4017,9
4019,4
4020,3
4020,10
4021,6
4022,9
4023,10
4026,9
4028,10
4029,9
4032,9
4033,10
4036,9
4037,10
4040,9
4040,10
4044,10
4046,9
4049,10
4053,9
4056,10
4057,9
4062,9
4062,10
4065,9
4068,10
4069,1
4069,4
4069,9
4073,2
4073,10
4074,5
4075,9
4077,4
4078,9
4078,10
4081,6
4082,9
4083,10
4087,9
4088,2
4092,10
4093,9
4099,10
4103,9
4106,10
4107,9
4109,2
4112,10
4113,9
4115,3
4116,8
4117,9
4119,4
4119,10
4122,9
4125,10
4127,9
4131,9
4135,9
4135,10
4139,9
4140,10
4144,9
4145,10
4147,7
4149,10
4150,9
4154,10
4157,9
4159,10
4162,5
4163,9
4164,10
4166,1
4166,2
4169,9
4170,10
4174,4
4174,9
4176,10
4180,9
4184,6
4186,10
4187,9
4189,8
4193,10
4194,9
4195,2
4202,10
4203,9
4211,9
4212,10
4214,1
4220,9
4222,3
4222,7
4223,10
4226,4
4226,8
4227,9
4227,10
4231,2
4232,9
4232,10
4233,5
4236,9
4237,10
4241,9
4243,10
4246,9
4250,10
4251,9
4255,9
4260,10
4261,9
4266,9
4273,9
4276,5
4276,10
4277,9
4280,6
4281,4
4281,9
4282,10
4286,9
4292,9
4292,10
4296,9
4300,9
4303,9
4304,1
4306,9
4307,10
4309,4
4310,9
4313,9
4318,9
4319,10
4322,2
4323,9
4324,10
4327,8
4327,9
4330,9
4332,10
4334,9
4338,4
4339,10
4340,9
4342,7
4346,9
4347,6
4347,10
4350,3
4351,9
4352,10
4354,5
4355,2
4356,9
4359,10
4363,9
4367,9
4370,10
4372,9
4379,9
4380,10
4381,1
4384,4
4388,9
4388,10
4390,2
4393,10
4394,9
4395,8
4398,9
4399,10
4402,9
4404,10
4405,9
4409,9
4410,10
4414,9
4418,9
4419,10
4423,9
4424,10
4429,5
4429,10
4430,9
4433,4
4434,10
4437,9
4439,2
4439,7
4441,1
4441,10
4444,9
4445,6
4446,2
4448,9
4449,4
4449,8
4449,10
4453,9
4454,3
4454,10
4458,9
4460,10
4462,9
4466,9
4471,9
4471,10
4476,9
4480,10
4481,9
4486,9
4486,10
4491,2
4491,9
4491,10
4495,9
4495,10
4499,9
4501,10
4502,9
4505,9
4508,9
4509,10
4512,9
4516,9
4518,4
4519,10
4521,9
4522,8
4523,1
4523,10
4524,5
4525,6
4526,9
4528,10
4530,9
4532,10
4533,2
4536,9
4536,10
4540,9
4540,10
4543,9
4544,10
4546,9
4549,9
4549,10
4553,9
4554,10
4559,9
4559,10
4561,2
4565,10
4566,9
4572,10
4573,4
4575,9
4577,7
4580,9
4580,10
4583,2
4583,4
4584,3
4584,9
4584,10
4587,9
4590,10
4591,9
4593,8
4594,10
4595,9
4597,6
4598,5
4599,9
4599,10
4603,9
4604,10
4608,9
4609,10
4614,9
4615,10
4620,9
4624,10
4629,9
4629,10
4630,1
4635,4
4637,10
4638,2
4638,9
4641,10
4644,10
4648,10
4651,9
4653,1
4655,10
4659,9
4660,4
4660,10
4664,10
4667,10
4669,2
4670,10
4672,5
4673,9
4674,10
4677,6
4677,9
4678,10
4681,9
4685,10
4687,9
4689,3
4692,10
4694,9
4695,8
4696,10
4699,9
4700,10
4704,10
4707,9
4709,10
4712,7
4714,9
4714,10
4717,2
4719,9
4720,10
4724,9
4726,10
4727,9
4730,4
4731,9
4731,10
4735,9
4737,10
4739,9
4742,9
4742,10
4746,9
4749,10
4751,9
4754,10
4758,9
4758,10
4763,1
4764,10
4765,9
4769,6
4769,9
4771,10
4774,2
4774,9
4777,4
4778,10
4779,9
4781,5
4785,9
4785,10
4787,8
4790,9
4792,4
4793,9
4797,7
4797,9
4801,10
4803,9
4806,10
4812,10
4813,9
4815,2
4818,10
4819,9
4821,3
4823,9
4823,10
4827,9
4829,10
4830,9
4834,9
4834,10
4835,5
4837,9
4837,10
4841,9
4842,10
4846,9
4848,10
4850,9
4852,1
4854,9
4854,10
4857,6
4857,9
4859,4
4860,9
4860,10
4864,9
4868,9
4871,9
4874,10
4875,9
4879,9
4883,9
4887,9
4892,9
4894,4
4894,8
4896,2
4897,9
4898,1
4898,5
4899,10
4900,4
4902,7
4902,9
4903,6
4904,10
4908,9
4908,10
4913,10
4916,9
4923,10
4925,9
4931,3
4932,10
4933,2
4933,9
4938,9
4938,10
4941,9
4945,9
4946,10
4951,9
4954,10
4956,9
4961,9
4962,10
4965,4
4965,9
4970,5
4971,9
4971,10
4973,8
4976,1
4976,9
4977,7
4978,4
4980,9
4981,10
4984,9
4985,10
4988,9
4990,10
4992,9
4996,10
4998,9
