NaN,0.00163661848157887,0.0015416730457829,0.000197923948924705,0.000617782961441216,0.00280158743532982,0.00671452741130546,0.00162224012071061,0.00534663746628766,0.00103779959339168,0.00218476917262661,0.00370539113041113,0.00468838753174861,0.00102318817259506,0.00135181379711502,0.0019544816191096,0.00289358775337745,0.0144075824330517,0.00623013120853666,0.000336988173942343
0.000741145834006141,NaN,0.00768384358912194,0.00103031399898662,0.00129051400194075,0.00881561929109093,0.00372576896206883,0.000779394160599078,0.00500755066540176,0.00477855114112763,0.00483421320435756,0.000710736678041612,0.000918310662143484,0.000813548313705226,0.00239410421059266,0.00163680259068383,0.0016510557518144,0.0106847871373199,0.00933479967118539,0.00109618964005798
0.00729129331958805,0.000781941701572642,NaN,0.00515371971505851,0.000829766590231262,0.00251149910705201,0.00415315507921965,0.0125065575981178,0.00189379256417466,0.00150346850885197,0.0109714169428394,9.31741290629562e-05,0.00248251040788644,0.00127916310640785,0.000658025349185576,0.00779519849312632,0.00283871758343679,0.00179349312569976,0.00165060654165217,0.00632217880608543
0.00784243604261498,0.00396411665974922,0.00606466945509687,NaN,0.000844170900610675,0.00713447042294929,0.00300965628634253,0.000113167905331724,0.00221434418274874,0.00181934738897477,0.000913212695631715,0.00681545834706437,0.00262014323801957,0.00493231788950421,0.000241876243862404,0.00597762763724935,0.00286770785941226,0.0129174265166841,0.00618384413378253,0.010954450705824
0.00286310647039884,0.00142445409645975,0.00041960538908048,0.00824120883219442,NaN,0.00225559458256552,0.0109772320036187,0.00225690252827987,0.0004532011125436,0.00469864811146209,0.00894252197253176,0.00148350416165166,0.00469403999452378,0.00410629524061001,0.00144737347731583,0.00687638292585141,0.0156030334849315,0.00189514321933493,0.00511124875197377,0.0144864864105226
0.00368501700235413,0.00587524575706666,0.000439347097351939,0.000500880520849512,0.0127509948161034,NaN,0.00618926488021765,0.0089289158551723,0.00148598169117731,0.00828127832521119,0.00176766023582731,0.0100277570140009,0.00900873755730891,0.0041627845480442,0.00407090108113262,0.00196565658690784,0.015119267483972,0.0174620756453621,0.00477208746698043,0.000256079374458928
0.00383703783270806,0.00634582196790789,0.00356251199073676,0.00503743133670753,0.0130658789952609,0.00566238034050726,NaN,0.00151985279118527,0.00921464753559886,0.00471583284485844,0.00195837177517066,0.00205256658126007,0.00701384687889806,0.00211998079786468,0.00421452197991135,0.00345193725304815,0.0182338930052721,0.00376816310882366,0.0156176831315329,0.00728620130958041
0.00288473242211706,0.0023965114142534,0.000201409433885691,0.000696471324791115,0.00849895696797448,0.00651842332899943,0.00701006169282092,NaN,0.0163196612427432,0.00633201853742205,0.000490966648978741,0.00185862204108334,0.00330176810483296,0.00153920346854253,0.00605054584286457,0.00300571854304144,0.0137859411871418,0.0146611210690135,0.00820135305397929,0.00729445122318484
0.00247295434065575,0.000790792691765518,0.000960464708703923,0.00395054276108919,0.0100473453707633,0.00350108930740467,0.0105096077685665,0.00254941466955483,NaN,0.00137884041372138,0.00913020673036224,0.000572795011850591,0.0041946126886524,0.00156259643238632,0.00617868139924049,0.00377511043424206,0.0118851497553057,0.010517595987313,0.010105742242924,0.0133834185423438
0.00172634328092203,0.0109414118444325,0.000801941223605329,0.00374747404780029,0.000774150935039519,0.00244790001725714,0.0009354537716455,0.0123349027803888,0.000153459136571832,NaN,0.00784363096878826,0.00278334408679914,0.00622703959417081,0.000755581421449381,0.0137575152386138,0.00175958342836724,0.0119163656593611,0.01251641147435,0.00339867965686214,0.0125196249714793
0.00512714681732607,0.00080244443095201,0.00329952700489744,0.00910740837743829,0.00937306586913755,0.00224335270931797,0.00853056084468728,0.00169850844706609,0.00445806032862728,0.0042394743234605,NaN,0.00465112183152883,0.0037539489487034,0.00325824584950329,0.0023298429925771,0.00494100941638487,0.0164755606505631,0.0141088893835178,0.0144295224886718,0.00773559673883129
0.00676031389375736,0.00647842874920895,0.00492344082620261,0.00228247629993722,0.00366167276984003,0.00241048624509604,0.00244543971584132,0.000356123708455447,0.000225423951604076,0.000248870369313925,0.00423061436780664,NaN,0.00539676411596163,0.00145862657921164,0.000933247982047358,0.0104364478083118,0.00732377825373365,0.0101648039022769,0.00929625198640799,0.0115954903919934
0.00124859435246827,0.00379590320732137,0.0123694375279561,0.00730194608319545,0.00833000307616505,0.00813459213328649,0.0222066508858674,0.000909596669125157,0.000341250992671571,0.00265648849298317,0.00351441727272361,0.00270439281106583,NaN,0.00464359562547467,0.00211159684479822,0.00643123531157397,0.0164146709381889,0.0162228835801896,0.00406290271424026,0.00197065003634522
0.00464324048751308,0.00648845667168285,0.00022880920395163,0.000887608533058915,0.00496966834452928,0.00233814158167789,0.00244040805077406,0.00373812928710193,0.00432045798445202,0.00815854244186931,0.00453874887685535,0.00101088010056971,0.00192329496243471,NaN,0.00524916081865889,0.00166953216914201,0.0100991706899254,0.00544328782835601,0.00274269335232502,0.00369657891626773
0.0100884141878923,0.00203673736575594,0.00151552739492233,0.00582075031310181,0.00983614464213345,0.00660414616578131,0.0149195742994401,0.00383829876515884,0.000741571091922966,0.00227368123766492,0.00464157994425363,0.00110538874401356,0.00524687016200154,0.0117413442515416,NaN,0.00800778627851906,0.0211099222922646,0.0159021347172128,0.00494638220056465,0.00451025396126203
0.000749580644965442,0.000335251736705511,0.00675150720462903,0.00198431891582812,0.00135610806023273,0.00279240462385638,0.00481527167742019,0.00097331713334714,0.00178160880720868,0.0030888575460184,0.00350400368566001,0.00161404985254382,0.00619884719328573,0.00193594548441095,0.000958508966143468,NaN,0.0151157777991414,0.00809532426658,0.00138648134243602,0.00483575665206637
0.000351828123765302,0.000632824258460896,0.00093520797546276,0.000814019450387199,0.00142247997629408,0.000297232075333359,0.00370196568714987,0.000993421332291411,0.00135231037137432,0.00470603081385357,0.000729094863566482,0.0010216876142293,0.00131095670671294,0.00178761273304628,0.000122666087067236,0.00348686131445325,NaN,0.00105320226227684,0.00142930122987112,0.00149446383293669
0.000147285808173137,0.0034351664908098,0.00234420219970227,0.00186834078101319,0.00201550749944926,0.00126312565895034,0.000487112053232153,0.00135268806666455,0.00215217597534972,0.00174927777290124,0.000982842388365823,0.00421485727248261,0.00178902433249326,0.00242152738516219,0.00091169221457052,0.0008648950790342,0.00523515817618198,NaN,0.00327216831383789,0.00291879264247086
0.00481907974960427,0.00140569344061234,0.0012943444212091,0.00082541488304741,0.00224779656411464,0.000418056099202924,0.000933738032916159,0.00305544154750234,0.00029724339651549,8.40937151567744e-05,0.00176084535242416,0.000440634000925061,0.00403018898884783,0.00105062039509293,0.000245474120689787,0.00121173671747893,0.00149423171268814,0.00119346719498784,NaN,0.00132703476630325
0.00137437110729915,0.00199480727197862,0.000962010528157864,0.00174959927191151,0.00047969552468613,0.00203500434879197,0.0021110697287588,0.00595103618591777,0.000337954990578537,0.002186358529574,0.00111561230146584,0.000944233184510673,0.0019000467804475,0.0004710378928591,0.000320188197367705,0.00281525628446003,0.000220584084715147,0.0019892573294249,0.00246106906772592,NaN
